24 523
26 22
1928 306
2102 2103
123 123
196 197
198 198
22 22
199 200
201 200
202 203
202 200
204 205
204 206
204 207
2104 207
207 199
207 206
207 203
207 201
208 205
208 209
208 199
208 210
208 211
208 210
208 211
212 204
1929 204
1929 204
1890 338
1890 1929
213 204
214 204
215 211
215 204
216 212
216 217
218 219
219 205
219 209
219 203
219 220
219 220
219 221
219 220
222 223
224 223
224 225
224 225
224 226
1930 224
1930 226
1902 1931
225 202
227 202
227 202
228 229
230 229
231 229
229 205
229 223
223 205
223 206
223 199
223 206
223 202
223 223
232 233
232 203
232 203
233 205
1924 1931
1924 1932
1924 1933
1924 1934
2105 2106
2105 2106
179 22
177 123
178 123
2093 2094
135 136
135 136
136 137
138 139
138 139
140 138
142 143
144 145
146 147
146 148
146 144
149 147
149 150
149 62
149 150
149 148
149 151
149 144
152 147
152 62
152 144
153 154
153 62
153 144
2107 62
2107 144
2108 144
155 154
155 151
155 144
156 154
156 144
157 154
157 144
126 127
126 127
64 128
64 129
64 130
64 131
64 132
64 133
64 134
64 130
64 128
64 129
64 131
64 133
128 129
128 130
130 130
132 130
133 130
129 61
160 140
161 61
161 62
161 62
161 162
161 65
163 61
163 62
163 62
163 62
163 62
163 158
163 158
163 162
163 65
164 61
164 62
164 62
164 62
165 61
165 62
165 62
165 62
2109 61
2109 62
2110 61
166 61
166 62
166 62
166 62
167 61
167 62
167 62
168 61
168 62
168 62
158 159
150 62
158 62
147 154
154 62
154 62
141 61
2111 2112
169 170
171 170
172 173
2090 170
2091 173
174 175
174 175
174 175
174 175
176 175
176 175
1918 1921
122 123
124 125
124 125
124 125
124 125
124 125
124 125
2092 2087
2095 2082
29 180
29 29
181 182
183 184
554 190
554 351
555 351
555 359
2113 2114
2115 2116
363 364
120 121
1 2
3 4
5 6
7 8
9 10
9 11
12 11
13 11
14 15
16 17
17 18
19 20
21 22
23 24
23 25
23 26
27 28
27 28
27 29
30 31
30 29
32 33
32 34
35 36
37 38
37 39
40 41
42 43
44 45
42 46
47 48
47 48
49 50
51 52
53 54
55 56
57 57
58 59
57 17
57 17
57 60
57 61
57 62
57 63
60 64
63 60
63 65
63 61
63 62
66 67
68 69
70 71
72 71
73 71
74 71
75 76
77 78
79 80
81 82
83 84
85 86
87 88
89 90
91 92
93 94
1935 1936
1937 1938
1939 1940
1941 1942
1943 1944
1945 1946
95 96
97 98
99 100
101 102
103 104
105 106
107 108
2117 2118
109 33
110 33
110 111
112 113
114 115
116 117
2119 2120
2121 2122
2123 2124
2125 2126
2127 2128
2129 2130
2131 310
360 190
360 190
310 360
361 360
362 190
362 190
342 343
344 345
346 347
348 349
350 351
352 190
352 190
352 190
352 190
353 195
354 355
356 357
358 359
318 319
318 320
318 321
320 319
320 322
323 235
324 237
236 237
234 235
2132 239
209 212
325 223
326 223
327 199
327 202
328 228
328 327
328 210
329 330
2133 2104
2133 492
2134 52
639 62
639 640
639 62
641 642
641 62
643 644
645 646
647 648
647 62
649 62
649 650
651 62
651 652
651 62
653 62
653 654
653 62
655 62
655 62
655 656
657 658
657 62
659 660
659 62
766 766
767 62
767 768
769 770
771 772
773 62
773 62
773 774
773 62
775 62
775 776
2135 2136
2137 2138
2137 62
793 62
793 794
793 62
795 62
795 62
795 796
795 62
795 62
795 62
797 62
797 62
797 798
797 62
2054 62
2054 2055
2054 62
799 62
799 62
799 62
799 800
801 62
801 802
803 804
803 62
805 62
805 806
807 62
807 62
807 808
811 62
811 293
812 638
813 636
814 62
814 62
814 322
814 62
815 62
815 816
2139 2140
2141 2142
2141 62
62 62
62 62
62 62
62 62
62 62
62 62
62 62
62 62
62 62
62 62
62 62
62 62
62 62
62 809
62 62
62 62
62 62
62 62
62 62
62 62
809 62
62 62
62 62
62 62
62 62
62 62
62 62
151 62
62 62
62 62
62 62
62 62
62 62
62 62
62 62
62 2073
62 62
62 62
62 62
62 2074
62 62
62 62
62 62
62 62
62 62
62 62
62 62
62 62
62 62
62 62
62 62
62 62
62 62
62 62
62 62
62 62
62 62
62 62
62 62
62 62
62 62
62 62
62 62
62 62
62 62
62 62
62 62
62 62
62 62
62 62
62 62
62 62
62 62
62 62
696 810
696 696
696 62
810 62
62 696
62 62
62 62
62 810
62 62
62 62
62 62
62 62
62 62
62 62
62 62
62 62
62 62
62 62
62 62
62 62
62 2143
62 2075
62 2073
62 2075
62 2076
2074 2076
62 62
62 62
2077 62
62 62
62 62
62 62
62 62
62 62
62 62
62 62
62 62
62 62
62 62
62 62
62 62
62 62
62 62
62 2144
62 2144
62 2144
2145 62
2145 62
2145 62
2146 62
2146 62
2146 62
62 2146
62 2145
62 62
62 62
661 62
661 662
661 62
661 62
663 62
663 664
675 62
675 676
677 62
677 678
679 62
679 680
671 62
671 672
671 62
673 62
673 674
777 62
777 778
777 62
779 2077
779 62
779 780
779 62
779 62
779 2143
781 62
781 62
781 782
781 62
2088 62
2088 2089
2088 62
783 62
783 62
783 62
783 784
785 62
785 786
787 788
787 62
789 62
789 790
791 62
791 62
791 792
681 18
681 62
682 8
682 62
683 62
683 822
683 180
683 62
684 38
684 62
685 41
686 62
686 67
687 69
688 62
688 689
690 62
690 62
690 691
690 62
692 62
692 62
692 62
692 693
692 62
694 62
694 184
695 696
695 15
697 45
698 43
699 46
700 48
701 62
701 111
702 50
702 62
703 4
704 20
705 100
706 71
706 62
707 62
707 78
707 62
708 6
709 62
709 80
710 96
711 98
712 102
713 108
2147 62
2147 2118
2147 62
714 76
714 62
715 104
716 52
716 62
717 56
717 62
718 113
718 62
719 115
720 182
721 117
722 62
722 34
723 36
724 62
724 725
724 62
726 62
726 62
726 62
726 727
728 10
728 62
729 730
729 731
732 730
732 733
734 106
735 59
735 62
736 82
737 84
738 90
739 92
740 86
741 88
741 62
742 94
742 62
743 54
2078 62
2078 2057
2078 1936
2079 62
2079 2057
2079 1938
2080 1940
2081 62
2081 2082
2081 62
2083 62
2083 1942
2084 62
2084 1944
2085 1946
2086 2087
2086 62
2148 2146
2148 2120
2149 2146
2149 2122
2150 2124
2151 2126
2152 2146
2152 2128
2153 2130
2153 62
817 818
817 62
819 820
819 62
821 62
821 822
821 823
821 62
824 825
824 62
826 827
828 62
828 829
830 831
832 62
832 833
834 62
834 62
834 835
834 62
836 62
836 62
836 62
836 837
836 62
838 62
838 839
840 696
840 841
842 843
844 845
846 847
848 849
850 62
850 851
852 853
852 62
854 855
856 857
858 859
858 62
860 62
860 861
860 62
862 863
864 62
864 865
866 867
868 869
870 871
872 873
874 875
2154 62
2154 2155
2154 62
876 877
876 62
878 879
880 881
880 62
882 883
882 883
882 62
884 885
884 62
886 887
888 889
890 891
892 62
892 893
894 895
896 62
896 897
896 62
898 62
898 62
898 62
898 899
900 901
900 730
902 62
902 903
904 62
904 905
906 907
908 909
908 62
910 911
912 913
914 915
916 917
918 919
920 921
922 923
922 62
924 925
924 62
2056 62
2056 2057
2056 2058
2059 62
2059 2057
2059 2060
2061 2062
2063 62
2063 2064
2065 62
2065 2066
2067 62
2067 2068
2069 2070
2071 2072
2156 2145
2156 2157
2158 2145
2158 2159
2160 2161
2162 2163
2164 2145
2164 2165
2166 2167
2166 62
665 62
665 447
665 666
667 62
667 668
669 62
669 670
744 62
744 745
744 62
746 747
746 62
748 749
750 751
752 753
752 62
754 755
754 62
756 62
756 757
758 62
758 759
758 62
760 62
760 761
760 62
762 62
762 62
762 763
764 765
764 62
502 503
504 503
510 511
519 520
519 520
519 520
512 513
514 513
515 515
516 513
516 515
517 515
518 515
1907 1908
1907 1909
1907 1908
1907 1910
1911 364
1912 1913
1914 1913
600 601
602 562
603 604
603 604
605 604
606 604
606 604
606 604
606 604
606 604
606 604
606 604
606 604
606 604
606 604
607 608
609 607
609 604
609 608
609 608
609 604
620 616
620 618
620 613
620 613
620 613
612 613
612 613
612 613
612 613
614 615
614 616
614 617
614 618
619 527
610 611
621 622
621 623
624 625
626 627
626 627
628 588
628 1902
628 224
2168 338
2168 2133
2168 2134
2168 108
629 221
629 490
630 221
630 490
631 221
631 490
2169 221
2169 490
632 627
632 627
632 627
632 627
632 627
632 627
632 627
632 627
632 627
632 627
632 627
632 627
632 627
632 627
632 627
632 627
632 627
632 627
632 627
632 627
632 627
632 627
632 627
633 634
633 292
635 627
635 636
637 638
2170 627
2170 2140
2171 2142
585 586
587 364
587 588
587 1902
587 224
589 586
589 586
590 586
590 562
1906 364
1906 124
1905 364
1905 599
1905 599
584 364
581 211
582 221
582 490
583 562
591 592
591 592
591 592
591 593
1903 1904
596 1904
594 1904
594 595
1904 595
563 559
576 577
578 579
578 580
578 580
578 580
578 580
564 2172
564 1915
564 2172
564 2172
564 2172
564 2172
564 2172
564 2172
564 2172
566 567
566 2172
566 568
566 568
566 568
566 568
569 2172
570 568
571 2172
571 568
572 568
573 2172
573 2172
573 2172
573 568
573 568
573 2172
574 2172
575 2172
2173 2174
2173 2175
2173 2176
2177 2174
2177 2175
2177 2176
2178 2179
2179 2180
2179 2181
2179 2181
2179 2181
2182 2174
2182 2175
2182 2176
556 557
558 559
558 228
558 209
558 325
558 210
558 227
560 211
561 562
561 558
536 537
537 537
538 537
539 540
541 537
541 537
542 540
543 537
543 537
544 540
544 540
545 545
545 537
545 537
546 545
547 547
548 547
524 525
524 526
527 524
532 533
534 535
528 529
529 530
529 2183
531 531
531 530
2184 530
2184 2183
2184 531
185 186
185 187
185 61
185 188
185 158
189 190
191 192
193 186
193 194
193 195
235 549
237 549
490 491
490 211
490 492
490 493
490 330
494 491
494 493
494 330
492 495
492 496
492 497
492 498
492 499
492 500
492 2185
496 501
500 501
499 501
2185 501
498 501
497 501
550 190
551 186
551 194
551 195
552 235
553 237
522 186
522 187
522 61
522 188
522 158
188 355
188 195
188 355
188 195
331 254
332 254
333 1916
335 336
337 338
1917 1918
1919 1918
1920 1921
934 935
936 935
1638 1409
1634 215
1634 601
1634 1635
1636 215
1636 601
1636 1635
1635 1637
1814 506
1814 1815
1816 506
1816 1815
1816 1817
1816 1818
1816 1818
1816 1818
1816 1818
1816 1819
1816 1819
1820 2172
1821 2186
1821 1361
1821 1361
1821 2186
1821 1361
1821 2186
1821 1361
1821 2186
1821 1361
1821 2186
1821 2186
1821 2186
1821 2186
1821 2186
1821 2186
1821 2186
1821 2186
1821 2186
1821 2186
1821 2186
1821 2186
1821 2186
1821 1916
1821 2186
1821 2186
1821 2186
1821 2186
1821 2186
1821 2186
1821 2186
1821 2186
1821 2186
1822 1823
1829 1461
1830 1759
1831 1761
1832 1751
1430 1431
1826 123
1610 1195
1610 1441
1610 1442
1610 1611
1610 1612
1610 1613
1610 1614
1610 1615
1610 1974
1610 506
1362 1302
1362 1195
1847 1848
1847 1849
1745 328
1745 1995
1745 1995
1746 1902
1746 1326
1746 1930
1756 328
1756 1326
1757 648
1748 1749
1750 1751
1752 1753
1754 1755
1754 1464
1762 1763
1762 1764
1762 1765
1762 1765
1771 492
1353 1338
1353 211
1766 492
1767 660
1767 646
1767 644
1767 1390
1767 1317
1768 228
1768 209
1768 325
1768 210
1768 1769
1768 328
1768 325
1768 1326
1768 1902
1768 1930
1768 1339
1768 1341
1768 1340
1770 559
1758 1759
1760 1761
2187 1395
2187 1397
2188 1395
2189 1395
2190 1395
2190 1395
2190 1397
1827 1195
1827 962
1827 962
1450 1451
1450 1452
1450 1453
1454 1339
1454 1341
1454 1434
1454 1340
1336 1454
1336 1339
1336 1341
1336 1455
1336 1254
1456 1457
1458 506
1459 506
2191 1464
1460 1461
1986 1464
1339 1462
1434 1462
1434 1340
1462 1455
1462 1055
1341 1341
1341 1340
1341 1462
1341 1339
1340 1055
1463 1464
1463 1464
1465 1466
1465 1467
1468 1466
1468 1467
1987 1464
1469 1466
1469 1467
1469 1361
1470 1361
1470 1361
1471 1466
1471 1467
1472 1916
1472 254
1472 1473
1474 1466
1474 1467
1475 1466
1475 1467
1476 1466
1476 1467
1477 254
1477 1466
1477 1467
1478 1361
1479 1361
1479 1361
1480 254
1480 1466
1480 1467
1480 1361
1481 1466
1481 1467
1482 1466
1482 1467
1482 1483
1484 1483
1484 1485
1484 1485
1486 1466
1486 1467
1487 1466
1487 1467
1487 1483
1488 1489
1490 1466
1490 1467
1490 1483
1491 1485
1988 1989
1492 254
1492 1466
1492 1466
1492 1467
1492 1467
1493 254
1493 1466
1493 1466
1493 1467
1493 1467
1494 1451
1495 1466
1495 1467
1496 254
1496 1466
1496 1467
1497 1361
1498 254
1498 1466
1498 1467
1499 1466
1499 1467
1500 1466
1500 1467
1502 1483
1502 1483
1503 1504
1505 1466
1505 1467
1505 1473
1505 1466
1505 1467
1505 1648
1506 935
2192 1464
1508 1509
1510 1511
1512 1513
1514 1515
1516 1517
1518 1515
1519 1520
1521 1515
1522 1523
1524 1525
1526 1464
1526 1464
1528 1464
1529 1483
1532 1533
1532 1534
1535 1451
1536 1451
1537 1451
1538 1451
1539 1540
1452 1541
1451 1236
1542 1451
1543 1523
1544 1545
1546 1547
1548 1549
1550 1551
1990 1991
1992 1993
1552 1553
1552 2102
1554 1555
1554 1555
1556 1555
1557 1555
2193 1466
2193 1467
2194 1466
2194 1467
2195 1466
2195 1467
2196 1466
2196 1467
2197 1466
2197 1467
1632 1850
1632 1851
1632 1851
1828 1212
1843 1844
1846 1844
1303 1998
1303 1304
1305 1304
1305 1306
1305 1999
1305 2000
1307 1308
1309 1304
1310 211
1310 1311
1312 1186
1312 978
1312 549
1312 299
1312 299
1312 299
1314 306
2198 1410
2199 1410
1960 1236
1960 1236
1960 1996
1775 1302
1775 1195
1387 1388
1389 1390
1391 1392
1394 2188
1394 2189
1396 2200
1396 2190
1399 1400
1399 1401
2201 2187
1402 506
1402 2172
1402 1403
1402 1346
2202 228
2202 209
1404 2172
1404 2172
1405 228
1405 209
1405 209
1406 506
1406 1346
1406 1407
1406 1346
1406 1407
1407 1408
1408 1409
1408 1408
1408 1410
1408 1410
1402 529
1402 2203
1411 1412
1411 1412
1411 1413
1411 531
1414 506
1415 1412
2204 1412
2204 1412
2204 2184
1417 1418
1417 531
1417 1419
1400 1055
1401 1055
1356 123
1357 1357
1357 1356
1357 1356
1357 1356
1357 123
1357 1358
1359 197
1359 1359
1359 1359
1726 1727
1726 1727
1728 1729
1728 1729
1730 1185
1730 1185
1731 1185
1449 1412
1449 533
1732 1412
1732 535
1733 1412
1734 1412
1734 1687
2205 1412
2205 1687
1388 1735
1388 1342
1388 1736
1735 306
2206 2172
2207 2172
1719 2208
1737 2208
2209 2208
480 2208
1364 480
1367 478
1722 1721
1418 2208
1738 478
1739 2208
1740 1687
1741 2172
1741 1342
1741 1736
1742 1743
1736 1034
1744 2172
1433 1434
1435 1436
2210 2211
2212 2211
2213 2214
2215 2216
2217 2218
2219 2220
2221 2222
2223 2224
2225 2226
1437 1346
1438 1439
2227 2228
2227 2228
2227 2229
2227 2230
2227 2231
2211 2232
2211 2232
2233 2228
2233 2229
2233 2230
2233 2231
2229 2228
1301 1302
1448 1449
1448 484
1667 1407
1668 1346
1668 1346
1321 1322
1322 1982
2172 565
1629 1630
1629 412
1631 1632
1633 1632
1323 1323
1324 1325
1326 211
1326 211
211 221
211 211
211 211
1327 1326
1328 211
1329 1330
1331 1332
1331 1333
1334 986
1335 1336
1337 1324
1337 1994
1337 209
1323 228
1323 325
1323 210
1323 1338
1323 211
1323 1339
1323 1340
1323 1341
1323 1342
1343 1343
1343 1343
1344 1341
1343 228
1343 325
1343 210
1343 211
1343 1344
1343 1336
1343 1340
1343 1345
1345 1346
1345 1346
2234 228
2234 325
2234 210
1350 2235
1350 2236
1348 228
1348 325
1348 210
1348 1324
1348 1336
1349 1350
1349 1351
1349 1352
1349 1323
1349 1342
1349 2234
1349 1353
1349 1343
1349 1348
210 227
210 227
1354 228
1355 562
1355 1349
1315 644
1316 654
1316 658
1316 1317
1316 1318
1316 1319
1316 1320
1316 656
1997 1902
1669 1670
1669 1671
1669 1672
1669 1671
1669 1672
1361 1361
1376 1377
1363 1364
1363 1365
1366 1364
1366 1367
1366 1365
1368 484
1368 1369
1370 1369
2237 1369
1369 484
1369 1369
1371 1369
1371 1372
1373 1369
1374 1369
1375 1375
1375 1369
2238 2188
2239 2189
2240 2187
2241 2200
2242 2190
1852 1254
2243 2233
1854 1855
1854 1648
1854 1855
1854 1856
1854 1855
1857 1361
1858 1859
1860 1861
1860 1855
1862 1856
1863 1861
1863 1855
1855 1409
1855 1855
1864 1865
1864 1657
1864 1643
1866 1780
1866 1657
1866 1643
1866 1657
1867 1357
1868 1869
1868 1859
1870 1871
1534 1870
1534 1534
1872 1840
1872 1648
1872 1254
1873 1648
1873 2233
1874 1648
1869 1534
1875 1869
1876 283
1877 1534
1877 123
1878 1657
1878 1534
1879 1473
1879 2227
1880 1843
1881 1641
1882 1883
1884 33
2244 2245
2244 2211
2244 2246
2244 2233
2247 2245
2247 2211
2247 2248
2247 2233
2249 2245
2249 2211
2249 2250
2249 2233
2251 2245
2251 2252
2253 2245
2253 2211
2253 2254
2253 2233
2255 2245
2255 2256
1466 1473
1466 1648
1467 123
1467 123
1467 123
1606 1607
1608 1607
1609 1361
1947 254
1948 1657
1948 1409
1949 1950
1949 1951
1949 1947
1949 1952
1949 1953
1954 1955
1956 1951
1956 1955
1956 1947
1956 1952
1956 1950
1956 1951
1956 1953
1957 1951
1958 1947
1959 1918
1959 1960
1961 1918
1962 1921
1963 1254
2257 62
1592 1195
1592 1441
1592 1442
1666 1195
1666 962
1972 1019
1972 1888
1773 1931
1773 1924
1773 1774
1973 1932
2248 2258
2248 2259
2248 2260
2250 2260
2246 2258
2246 2259
2246 2260
2254 2258
2254 2259
2254 2260
1588 18
1588 1302
1588 930
1588 1195
1588 956
1589 1195
1589 1590
1589 954
1591 1302
1838 123
1839 1534
1648 1840
1648 1648
1648 283
1841 1842
1598 470
1598 1326
1598 492
1598 1400
1598 1401
1598 1924
1598 1931
1599 221
1599 1902
1599 1930
1600 648
1600 1419
1600 658
1600 1601
1600 1602
1600 1320
1600 1419
1603 644
1604 1605
1602 1419
1602 1319
2261 2261
2261 2262
2261 1409
2261 2261
2263 1409
2264 1809
2264 1809
2264 1809
2265 2262
2265 2262
2265 2263
1791 1792
1793 123
1794 1795
1794 1793
1796 1797
1797 1798
1797 1794
1797 1799
2266 1377
2267 1377
2268 1377
1777 1641
1778 1641
1779 1780
1781 1555
1782 1780
1784 1785
1786 283
1787 1780
1780 1641
1800 283
1800 283
1801 1802
1803 283
1803 1504
1804 283
1805 2269
1805 2269
1805 1409
1807 1807
1641 196
1641 196
1642 1643
1644 1645
1644 1357
1646 1645
1646 1357
1647 1648
1647 1357
2270 1409
2271 1657
2271 1643
2271 1865
1650 1409
1651 1409
1652 2272
1652 1655
1656 1657
1656 1656
1658 1657
2175 2172
2176 1413
1661 1632
2273 1836
2273 1254
2274 2275
2275 211
2275 470
2275 228
2275 209
2275 328
2275 211
2276 529
2277 529
2278 1836
2278 1254
1659 1195
1659 1191
1659 1302
1659 1332
1659 490
1660 243
2279 2280
1616 1617
1616 1618
1619 2172
1619 567
1619 1620
1621 527
1621 527
1622 568
1623 568
1624 527
1624 527
1625 527
1625 527
1625 527
1626 527
1626 527
1626 527
1626 527
1626 527
1626 527
1626 527
1626 527
1627 527
1627 527
1627 527
1628 527
1628 527
1628 1980
1984 1981
1980 527
2281 527
2282 527
2282 527
2282 527
2282 2281
2283 2284
2283 2285
2283 2286
1772 1302
1772 1195
1420 1421
1422 1423
1424 1425
2287 2288
1426 1427
1428 1429
1440 1195
1440 1441
1440 1442
1833 1833
1431 1195
1431 1590
1431 243
1431 1834
1431 930
1431 956
1673 1236
1674 1675
1676 1675
1676 1673
1677 1675
1678 1675
1679 1673
1680 1673
1681 1683
1684 1673
1675 1560
1662 952
1663 951
1663 951
1663 1664
1663 1665
1664 1665
1413 1558
1413 1413
1559 1558
1559 1413
1443 650
1444 1326
1444 492
1444 1902
1444 224
1444 1444
1445 652
1444 660
1444 1446
1444 1446
1447 230
1385 676
1386 678
1584 1585
1584 2172
1584 1915
1586 1587
1593 1594
1593 1594
1593 1594
1595 1596
1595 1596
1595 1596
1595 1597
1685 1412
1685 1412
1685 1686
1686 1412
1686 1687
1688 1412
1689 1412
1689 1412
1689 1412
1690 1412
1690 1412
1691 1690
1715 2289
1715 1717
1317 2290
1317 1719
1317 1717
2291 1719
2291 1725
2291 2292
1318 2293
1318 478
1318 1687
1318 1721
1318 1717
1318 1419
1318 1722
1318 1367
1320 2294
2294 2295
2294 2296
2294 2277
2294 2297
2297 2298
2297 2299
2299 1419
2299 1419
2299 1419
1717 1724
1724 2296
1724 1725
1724 2292
2292 1365
1541 1560
1540 1560
1561 260
1562 1560
1562 2300
1562 1304
1562 1563
1562 2301
1564 510
1565 1562
1565 260
1565 260
1566 2300
1566 1311
1566 246
1566 1567
1566 1568
1566 1569
1566 246
1566 1570
1566 1571
1566 246
1566 1572
1566 1573
1566 1574
1566 1575
1566 246
1566 1576
1566 2302
1566 2303
1566 2304
1566 2305
1566 2306
1577 2300
1577 1578
1579 2300
1579 1563
1579 246
1579 1304
1579 246
1579 1580
1579 1581
1579 246
1579 246
1579 252
1579 246
1579 2307
1579 246
1582 1306
1580 1582
1583 2300
1583 1308
1583 246
2235 2236
2235 2308
2308 2103
2308 2102
2186 2172
2186 1840
2186 283
2186 2309
2186 123
2186 2310
2186 2172
2186 1840
2186 283
2186 2311
2186 123
2186 2310
2311 2172
2311 283
2309 2172
2309 283
1695 567
1695 2172
1695 1696
1695 568
1695 568
1712 568
1713 198
1967 1975
1967 1697
1967 1976
1967 1697
1967 1975
1971 1977
1971 568
1971 1978
1971 568
1971 1977
1967 527
1967 527
1967 527
1967 527
1967 527
1965 1697
1965 1618
1965 1697
1965 1697
1965 1975
1965 1975
1969 568
1969 1620
1969 568
1969 568
1969 1979
1969 1977
1969 1977
1965 527
1965 527
1965 527
1965 1980
1965 527
1965 527
1969 1981
2312 565
976 306
977 978
977 979
980 981
982 983
1161 975
1161 967
937 938
939 940
941 940
942 306
943 944
945 946
947 948
949 948
949 947
949 947
1179 1180
1179 1180
1179 1180
1181 1180
1181 1180
2313 2314
2313 2315
1182 1183
1182 2010
1182 2011
321 321
321 321
321 1003
321 321
1017 1017
988 306
2316 2317
2318 2317
989 2012
2319 306
2013 2014
2013 2015
991 2016
991 2014
991 2017
991 996
997 2018
2008 2009
2008 1184
1016 975
1016 950
1018 1931
1018 973
1018 1933
1018 1934
1018 1019
1020 1021
1022 972
1022 1023
2019 2020
2019 2002
2019 2021
1024 1025
2022 2023
1026 1027
1028 1029
1030 1031
1035 1036
1037 1038
1037 1039
1040 2320
1040 1041
1042 1043
1044 1045
1046 1047
1048 1049
1048 1050
1048 2020
1048 2002
1048 2021
1051 1051
1051 1052
1051 1053
1051 2018
1051 1054
2018 2008
1056 1056
1056 1051
1054 593
1054 2024
1052 1058
971 1056
1059 562
1059 971
1060 1061
1062 662
1063 1064
1065 1066
1065 1062
1067 1068
1069 1070
1069 1071
1069 1049
1069 1072
1069 1068
1073 1074
1075 1076
1162 215
1095 1096
2001 2002
1097 1098
1099 1100
1099 1101
1099 467
1102 1103
1102 1103
968 969
970 971
969 1931
969 972
969 973
2025 2026
1082 321
1082 1003
2033 2034
999 1000
999 1000
999 1000
999 1001
999 1002
999 1003
999 1004
999 1005
1006 1000
1006 1007
1006 1008
1006 2321
1006 2321
1006 2321
1009 1010
1011 1012
1013 1014
1013 1015
1013 1015
1104 1105
1106 1107
1108 2312
1108 1109
1108 1110
1108 1110
1108 1111
1108 1111
1112 2312
1112 1113
2322 1131
1114 1111
1114 1111
1114 1110
1115 1105
1115 1111
1116 1117
1116 1117
2323 1131
1083 349
1083 2035
1083 2324
1083 64
1083 195
1083 343
1083 343
1083 343
1083 351
2324 195
1084 359
1084 2325
1084 2326
1084 359
2327 62
2328 359
1085 61
1085 195
1085 357
1086 345
1086 347
1086 195
1086 355
1086 1087
1086 64
1086 61
1086 1088
1086 357
1089 1088
1090 1039
1090 321
1090 1003
1090 62
1091 195
1091 978
1091 195
1092 195
1092 64
1092 61
1092 158
1092 978
1092 195
1092 195
1092 195
1093 1088
1094 150
1118 1119
1160 1138
1160 1138
1160 1138
1141 1142
1141 1143
1144 1123
1133 1123
1133 1123
1145 321
1145 1003
1146 1145
1147 1133
2003 2002
2003 2002
2003 2002
2003 2002
2003 2002
2003 2002
2003 2002
1148 1123
1149 1123
1151 1140
1151 1123
1152 1152
1152 1148
1153 1148
1153 1148
1153 1145
1154 1155
1154 1156
1157 1123
1158 1159
1129 1113
1129 1113
1130 1131
1130 1131
1130 484
1130 484
1137 1138
1139 1119
1132 1133
1132 306
1132 306
1134 484
1134 1135
1134 1136
1123 1096
1126 1140
1120 1101
1121 1101
1122 1123
1124 484
1124 1125
1124 1126
1124 1127
2004 1123
2004 321
2005 2006
2006 1003
2006 321
2006 2007
2006 2007
950 951
950 243
950 952
950 953
950 18
950 954
950 930
950 956
950 957
950 953
950 930
950 956
950 958
950 959
950 930
950 956
950 959
950 960
950 2031
961 962
961 243
961 962
961 963
961 964
961 951
961 952
961 18
961 956
961 930
961 954
961 930
961 956
961 2031
961 930
961 956
965 243
965 951
965 962
965 952
965 18
965 962
965 963
965 964
965 957
965 953
965 930
965 956
965 2032
965 2032
965 966
2032 18
2032 954
2032 930
2032 956
967 951
967 243
967 963
967 964
967 957
967 952
967 18
967 954
967 966
952 952
1163 2027
1164 1105
1164 1165
1165 593
2028 2027
1166 2312
1167 2312
2029 2030
1168 1169
1168 2312
1170 2312
1170 1171
1170 1172
1170 1105
1170 1172
1173 2312
1173 1113
1174 2312
1174 1172
1174 1172
1174 1171
1175 1172
1176 2312
1176 1117
1176 1117
1176 1117
1176 1117
1117 1177
1117 1178
1117 1117
1025 306
974 975
974 965
974 961
1077 1078
1077 1079
1077 1080
1081 1080
984 260
2329 338
2329 330
985 2330
2331 2330
987 2330
987 2330
987 246
1203 565
2332 2333
2334 2333
2335 565
2335 2333
2336 2333
2337 2333
2338 2339
2340 2339
1184 1185
1055 1184
954 954
954 954
954 306
966 1186
966 2113
966 65
966 1187
966 299
966 299
957 930
957 956
957 930
957 956
1188 1189
1190 1191
243 243
243 243
243 1192
243 1193
243 1194
243 1194
243 1189
243 1194
1193 1190
1193 1195
956 956
956 956
1196 1197
2341 2341
1201 1131
1204 1205
1207 1928
1208 1208
1208 1208
1208 1208
1208 1208
1209 78
1210 562
1211 1212
1281 306
1282 1215
1282 1283
1282 1247
1282 1248
1282 1248
1285 1286
1287 1247
1287 1248
1287 1248
1288 1239
1288 1240
1288 1240
1289 1239
1289 1240
1289 1240
1290 1245
1290 1245
1291 1276
1291 2036
1291 2036
1280 1244
2037 1409
2038 2039
2039 2040
2036 2036
1293 170
1294 173
1295 170
1296 1253
1296 1247
1296 1253
1296 1248
1296 1248
1296 1248
1213 228
1213 209
1213 325
1213 327
1214 1215
1216 1217
1218 2046
1218 1220
1218 2342
1222 1273
1222 2343
1222 1225
1222 1226
1222 1273
1227 2046
1227 2344
1227 2345
1227 1225
1227 2346
1231 1232
1231 1232
1233 2045
1235 1236
1237 1238
1237 1239
1237 1238
1237 1240
1237 1240
1241 306
1242 1215
1243 1244
1243 1245
1246 1247
1246 1248
1246 1248
1249 1247
1249 2347
1249 2046
1249 1244
1249 1248
1249 1248
1249 1247
1249 2347
1249 2046
1249 1244
1249 1989
1249 2047
1249 1248
1249 1248
1250 306
1251 1247
1251 1248
1251 1248
1252 1247
1252 1253
1252 1248
1252 1248
1252 1248
1252 1254
1255 1215
1255 1256
1255 2048
1255 1226
1257 1256
1258 1215
1258 1253
1258 1245
1258 1226
1259 1215
1259 1226
1259 2347
1259 1245
1259 1244
1260 1215
2348 2349
2348 2350
2348 1248
2348 1248
2348 1248
1261 1244
1262 1215
1263 1215
1264 1215
1265 1215
1265 1266
1267 1215
1268 1253
2351 2347
1269 1244
2049 2347
2049 2046
1270 1215
1271 1247
1271 1245
1271 1248
1271 1248
1271 1248
1272 1244
1272 1273
1274 1244
1275 1247
1275 1276
1275 1248
1275 1248
1275 1248
1277 1239
1277 1240
1277 1240
1278 1276
1278 1247
1278 1248
1278 1248
1292 306
1297 1298
1297 1298
2050 1928
2051 1928
1299 2052
1299 2052
1299 2052
1299 2052
1299 2052
1299 2053
1299 1300
1299 2052
1299 2052
2041 1928
2042 2043
2044 2043
291 292
291 293
294 295
296 295
297 295
298 299
298 2096
300 299
301 302
301 303
304 2352
304 306
2353 305
2354 2355
2354 308
2354 299
2354 299
2354 2096
2354 299
2354 299
314 315
314 316
317 299
2098 2099
2100 2101
312 239
312 318
312 2356
2357 61
2358 2356
2359 2356
2360 2361
2362 185
2362 522
365 366
367 368
369 370
371 372
1922 1923
375 376
375 377
378 379
378 377
380 381
380 377
382 383
382 377
384 385
384 377
386 387
386 377
388 389
388 377
390 391
390 377
392 393
392 377
394 395
394 377
2363 2364
2363 377
2365 2366
2365 377
2367 2368
2367 377
2369 2370
2369 377
2371 2372
2371 377
2373 2374
2373 377
2375 2376
2375 377
398 399
400 401
396 397
402 402
403 404
405 406
405 406
405 407
402 408
402 403
409 406
410 407
410 411
410 412
2377 2378
2379 2378
413 414
415 416
417 418
419 62
419 420
421 62
421 422
423 424
425 401
426 427
428 429
430 431
432 433
434 435
436 437
2380 2381
2382 2383
2384 62
2384 2385
2386 2387
2388 62
2388 62
2388 2389
2390 2391
2392 2393
438 439
440 441
442 62
442 443
444 62
444 445
446 447
446 448
449 450
451 452
453 454
455 456
457 458
459 460
461 462
2394 2395
2396 62
2396 2397
2398 2399
2400 62
2400 62
2400 2401
2402 2403
2404 2405
2406 2407
477 478
479 480
481 480
482 483
482 483
483 484
2408 2409
463 464
463 1924
1925 1902
486 404
487 488
487 489
469 208
469 470
2410 2411
2410 2412
471 404
471 472
471 2276
471 2413
471 2298
471 2299
465 466
465 466
465 467
468 467
485 62
1896 220
1897 1889
1898 930
1891 250
244 245
244 246
242 243
2414 2415
2414 2415
240 240
241 240
1889 1895
1892 1893
1893 1894
1893 1894
274 275
275 276
1887 1888
1887 1889
1887 1890
1887 338
1887 330
251 252
253 254
255 256
255 257
255 258
259 260
259 260
261 33
261 262
263 264
2416 2417
265 264
266 267
268 269
268 22
270 271
272 273
246 277
246 246
267 278
279 278
280 277
246 280
246 246
281 278
281 281
246 246
246 246
246 282
246 246
264 283
264 284
264 283
286 1899
286 1900
286 1900
286 1900
286 1900
286 1900
286 1900
286 1900
286 1899
286 1901
286 1901
280 277
285 286
277 277
277 277
277 280
277 280
287 288
287 285
287 285
287 279
280 277
289 287
246 280
246 277
246 246
269 289
269 287
246 246
246 246
273 290
2417 2418
