29 180
29 29
181 182
183 184
209 212
325 223
326 223
327 199
327 202
328 228
328 327
328 210
329 330
1887 1888
1887 1889
1887 1890
1887 338
251 252
253 254
255 256
255 257
255 258
259 260
259 260
261 33
261 262
263 264
265 264
266 267
268 269
268 22
270 271
272 273
1891 250
1892 1893
1893 1894
1893 1894
274 275
275 276
1889 1895
244 245
244 246
242 243
240 240
241 240
1896 220
1897 1889
1898 930
246 277
246 246
267 278
279 278
280 277
246 280
246 246
281 278
281 281
246 246
246 246
246 282
246 246
264 283
264 284
264 283
286 1899
286 1900
286 1900
286 1900
286 1900
286 1900
286 1900
286 1900
286 1899
286 1901
286 1901
280 277
285 286
277 277
277 277
277 280
277 280
287 288
287 285
287 285
287 279
280 277
289 287
246 280
246 277
246 246
269 289
269 287
246 246
246 246
273 290
563 559
585 586
587 364
587 588
587 1902
587 224
589 586
589 586
590 586
590 562
591 592
591 592
591 592
591 593
1903 1904
596 1904
594 1904
594 595
1904 595
600 601
602 562
584 364
556 557
558 559
558 228
558 209
558 325
558 210
558 227
560 211
561 562
561 558
1905 364
1905 599
1905 599
1906 364
1906 124
1907 1908
1907 1909
1907 1908
1907 1910
1911 364
1912 1913
1914 1913
576 577
578 579
578 580
578 580
578 580
578 580
564 565
564 1915
564 565
564 565
564 565
564 565
564 565
564 565
564 565
566 567
566 565
566 568
566 568
566 568
566 568
569 565
570 568
571 565
571 568
572 568
573 565
573 565
573 565
573 568
573 568
573 565
574 565
575 565
603 604
603 604
605 604
606 604
606 604
606 604
606 604
606 604
606 604
606 604
606 604
606 604
606 604
607 608
609 607
609 604
609 608
609 608
609 604
581 211
582 221
582 490
583 562
626 627
626 627
628 588
628 1902
628 224
629 221
629 490
630 221
630 490
631 221
631 490
632 627
632 627
632 627
632 627
632 627
632 627
632 627
632 627
632 627
632 627
632 627
632 627
632 627
632 627
632 627
632 627
632 627
632 627
632 627
632 627
633 634
633 292
635 627
635 636
637 638
621 622
621 623
624 625
619 527
610 611
612 613
612 613
612 613
612 613
614 615
614 616
614 617
614 618
620 616
620 618
620 613
620 613
620 613
24 523
26 22
331 254
332 254
333 1916
335 336
337 338
1917 1918
1919 1918
1920 1921
365 366
367 368
369 370
371 372
1922 1923
375 376
375 377
378 379
378 377
380 381
380 377
382 383
382 377
384 385
384 377
386 387
386 377
388 389
388 377
390 391
390 377
392 393
392 377
394 395
394 377
402 402
403 404
405 406
405 406
405 407
402 408
402 403
409 406
410 407
410 411
410 412
413 414
398 399
400 401
396 397
485 62
469 208
469 470
471 404
471 472
471 473
471 474
471 475
471 476
477 478
479 480
481 480
482 483
482 483
483 484
486 404
487 488
487 489
465 466
465 466
465 467
468 467
463 464
463 1924
1925 1902
438 439
440 441
442 62
442 443
444 62
444 445
446 447
446 448
449 450
451 452
453 454
455 456
457 458
459 460
461 462
415 416
417 418
419 62
419 420
421 62
421 422
423 424
425 401
426 427
428 429
430 431
432 433
434 435
436 437
185 186
185 187
185 61
185 188
185 158
189 190
191 192
193 186
193 194
193 195
236 237
234 235
1926 1927
363 364
528 529
529 530
531 530
532 533
534 535
524 525
524 526
527 524
536 537
537 537
538 537
539 540
541 537
541 537
542 540
543 537
543 537
544 540
544 540
545 545
545 537
545 537
546 545
547 547
548 547
318 319
318 320
318 321
320 319
320 322
323 235
324 237
502 503
504 503
505 506
507 506
508 506
509 506
510 511
519 520
519 520
519 520
512 513
514 513
515 515
516 513
516 515
517 515
518 515
1928 306
123 123
196 197
198 198
22 22
199 200
201 200
202 203
202 200
204 205
204 206
204 207
207 199
207 206
207 203
207 201
208 205
208 209
208 199
208 210
208 211
208 210
208 211
212 204
1929 204
1929 204
1890 338
1890 1929
213 204
214 204
215 211
215 204
216 212
216 217
218 219
219 205
219 209
219 203
219 220
219 220
219 221
219 220
222 223
224 223
224 225
224 225
224 226
1930 224
1930 226
1902 1931
225 202
227 202
227 202
228 229
230 229
231 229
229 205
229 223
223 205
223 206
223 199
223 206
223 202
223 223
232 233
232 203
232 203
233 205
1924 1931
1924 1932
1924 1933
1924 1934
1 2
3 4
5 6
7 8
9 10
9 11
12 11
13 11
14 15
16 17
17 18
19 20
21 22
23 24
23 25
23 26
27 28
27 28
27 29
30 31
30 29
32 33
32 34
35 36
37 38
37 39
40 41
42 43
44 45
42 46
47 48
47 48
49 50
51 52
53 54
55 56
57 57
58 59
57 17
57 17
57 60
57 61
57 62
57 63
60 64
63 60
63 65
63 61
63 62
66 67
68 69
70 71
72 71
73 71
74 71
75 76
77 78
79 80
81 82
83 84
85 86
87 88
89 90
91 92
93 94
1935 1936
1937 1938
1939 1940
1941 1942
1943 1944
1945 1946
95 96
97 98
99 100
101 102
103 104
105 106
107 108
109 33
110 33
110 111
112 113
114 115
116 117
120 121
1203 565
1196 1197
1198 1199
1200 1199
1201 1131
1202 565
1184 1185
1055 1184
954 954
954 954
954 306
966 1186
966 310
966 65
966 313
966 1187
966 299
957 930
957 956
957 930
957 956
1188 1189
1190 1191
243 243
243 243
243 1192
243 1193
243 1194
243 1194
243 1189
243 1194
1193 1190
1193 1195
956 956
956 956
1204 1205
1207 1928
1208 1208
1208 1208
1208 1208
1208 1208
1209 78
1210 562
1775 1302
1775 1195
1947 254
1948 1657
1948 1409
1949 1950
1949 1951
1949 1947
1949 1952
1949 1953
1954 1955
1956 1951
1956 1955
1956 1947
1956 1952
1956 1950
1956 1951
1956 1953
1957 1951
1958 1947
1959 1918
1959 1960
1961 1918
1962 1921
1963 1254
1964 506
1964 1965
1966 506
1966 1967
1968 506
1968 1969
1970 506
1970 1971
1433 1434
1435 1436
1437 1346
1438 1439
1584 1585
1584 565
1584 1915
1586 1587
1363 1364
1363 1365
1366 1364
1366 1367
1366 1365
1368 484
1368 1369
1370 1369
1369 484
1369 1369
1371 1369
1371 1372
1373 1369
1374 1369
1375 1375
1375 1369
1838 123
1839 1534
1648 1840
1648 1648
1648 283
1841 1842
1413 1558
1413 1413
1559 1558
1559 1413
1588 18
1588 1302
1588 930
1588 1195
1588 956
1589 1195
1589 1590
1589 954
1591 1302
1827 1195
1827 962
1827 962
1833 1833
1431 1195
1431 1590
1431 243
1431 1834
1431 930
1431 956
1361 1361
1376 1377
1378 1379
1380 1379
1381 1379
1381 1382
1381 1382
1383 1382
1384 1379
1387 1388
1389 1390
1391 1392
1393 228
1393 209
1394 1395
1394 1395
1396 1395
1396 1395
1396 1397
1398 1395
1398 1397
1399 1400
1399 1401
1402 506
1402 565
1402 1403
1402 1346
1404 565
1404 565
1405 228
1405 209
1406 506
1406 1346
1406 1407
1406 1346
1406 1407
1407 1408
1408 1409
1408 1408
1408 1410
1408 1410
1402 529
1411 1412
1411 1412
1411 1413
1411 531
1414 506
1415 1412
1416 1412
1416 1412
1417 1418
1417 531
1417 1419
1400 1055
1401 1055
1541 1560
1540 1560
1561 260
1562 1560
1562 1304
1562 1563
1562 954
1564 510
1565 1562
1565 260
1565 260
1566 1311
1566 246
1566 1567
1566 1568
1566 1569
1566 246
1566 1570
1566 1571
1566 246
1566 1572
1566 1573
1566 1574
1566 1575
1566 246
1566 1576
1577 1578
1579 1563
1579 246
1579 1304
1579 246
1579 1580
1579 1581
1579 246
1579 246
1579 252
1579 246
1582 1306
1580 1582
1583 1308
1583 246
1972 1019
1972 1888
1773 1931
1773 1924
1773 1774
1973 1932
1610 1195
1610 1441
1610 1442
1610 1611
1610 1612
1610 1613
1610 1614
1610 1615
1610 1974
1610 506
1659 1195
1659 1191
1659 1302
1659 1332
1659 490
1660 243
1420 1421
1422 1423
1424 1425
1426 1427
1428 1429
1440 1195
1440 1441
1440 1442
1692 1693
1692 1421
1692 1423
1692 1694
1695 567
1695 565
1695 1696
1695 568
1695 568
1531 1697
1531 1698
1531 1697
1531 1697
1699 1700
1699 1698
1699 1701
1699 1697
1699 1697
1699 1692
1702 1700
1702 1692
1702 1703
1702 1704
1702 1377
1702 1705
1706 1700
1706 1692
1707 1700
1707 1692
1707 1708
1707 1653
1707 1654
1709 1700
1709 1692
1710 1700
1711 1710
1711 1706
1711 1709
1711 1699
1712 568
1713 198
1700 1714
1700 1617
1967 1975
1967 1697
1967 1976
1967 1697
1967 1975
1971 1977
1971 568
1971 1978
1971 568
1971 1977
1967 527
1967 527
1967 527
1967 527
1967 527
1965 1697
1965 1618
1965 1697
1965 1697
1965 1975
1965 1975
1969 568
1969 1620
1969 568
1969 568
1969 1979
1969 1977
1969 1977
1965 527
1965 527
1965 527
1965 1980
1965 527
1965 527
1969 1981
1826 123
1835 1836
1835 1254
1835 1837
1837 211
1837 470
1837 228
1837 209
1837 328
1837 211
473 529
1726 1727
1726 1727
1728 1729
1728 1729
1730 1185
1730 1185
1731 1185
1449 1412
1449 533
1732 1412
1732 535
1733 1412
1734 1412
1734 1687
1388 1735
1388 1342
1388 1736
1735 306
1364 480
1367 478
1722 1721
1418 1737
1738 478
1739 1737
1740 1687
1741 565
1741 1342
1741 1736
1742 1743
1736 1034
1744 565
1606 1607
1608 1607
1609 1360
1321 1322
1322 1982
1443 650
1444 1326
1444 492
1444 1902
1444 224
1444 1444
1445 652
1444 660
1444 1446
1444 1446
1447 230
1715 1716
1715 1717
1317 1718
1317 1719
1317 1717
1318 1720
1318 478
1318 1687
1318 1721
1318 1717
1318 1419
1318 1722
1318 1367
1320 1723
1320 1717
476 1419
476 1419
476 1419
1717 1724
1724 1725
1724 1365
1362 1302
1362 1195
1814 506
1814 1815
1816 506
1816 1815
1816 1817
1816 1818
1816 1818
1816 1818
1816 1818
1816 1819
1816 1819
1820 565
1821 1361
1821 1361
1821 1361
1821 1361
1821 1361
1821 1916
1821 1360
1822 1823
1843 1844
1845 1379
1846 1844
1828 1212
1638 1409
1639 1640
1356 123
1357 1357
1357 1356
1357 1356
1357 1356
1357 123
1357 1358
1359 197
1359 1359
1359 1359
1667 1407
1668 1346
1668 1346
1829 1461
1830 1759
1831 1761
1832 1751
1772 1302
1772 1195
1847 1848
1847 1849
1595 1596
1595 1596
1595 1596
1595 1597
1593 1594
1593 1594
1593 1594
1641 196
1641 196
1642 1643
1644 1645
1644 1357
1646 1645
1646 1357
1647 1648
1647 1357
1649 1657
1649 1643
1649 1865
1650 1409
1651 1409
1652 1653
1652 1654
1652 1655
1656 1657
1656 1656
1658 1657
1301 1302
1777 1641
1778 1641
1779 1780
1781 1555
1782 1780
1783 1409
1784 1785
1786 283
1787 1780
1808 1809
1808 1809
1808 1809
1810 1983
1810 1983
1810 1811
1811 1379
1811 1409
1812 1409
1813 1813
1813 1983
1813 1409
1813 1813
1788 1657
1788 1409
1789 1790
1701 1379
1701 1790
1791 1792
1793 123
1794 1795
1794 1793
1796 1797
1797 1798
1797 1794
1797 1799
1776 1706
1780 1641
1800 283
1800 283
1801 1802
1803 283
1803 1504
1804 283
1805 1409
1805 1379
1805 1806
1807 1807
1430 1431
1666 1195
1666 962
1598 470
1598 1326
1598 492
1598 1400
1598 1401
1598 1924
1598 1902
1598 1931
1599 221
1599 1902
1599 1930
1600 648
1600 1419
1600 658
1600 1601
1600 1602
1600 1320
1600 1419
1603 644
1604 1605
1602 1419
1602 1319
1592 1195
1592 1441
1592 1442
1852 1254
1853 1360
1854 1855
1854 1648
1854 1855
1854 1856
1854 1855
1857 1361
1858 1859
1860 1861
1860 1855
1862 1856
1863 1861
1855 1409
1855 1855
1864 1865
1864 1657
1864 1643
1866 1780
1866 1657
1866 1643
1866 1657
1867 1357
1868 1869
1868 1859
1870 1871
1534 1870
1534 1534
1872 1840
1872 1648
1872 1254
1873 1648
1874 1648
1869 1534
1875 1869
1876 283
1877 1534
1877 123
1878 1657
1878 1534
1879 1473
1880 1843
1881 1641
1882 1883
1884 33
1466 1473
1466 1648
1467 123
1467 123
1467 123
1629 1630
1629 412
1631 1632
1633 1632
1616 1617
1616 1618
1619 565
1619 567
1619 1620
1621 527
1621 527
1622 568
1623 568
1624 527
1624 527
1625 527
1625 527
1625 527
1626 527
1626 527
1626 527
1626 527
1626 527
1626 527
1626 527
1626 527
1627 527
1627 527
1627 527
1628 527
1628 527
1628 1980
1984 1981
1980 527
1685 1412
1685 1412
1685 1686
1686 1412
1686 1687
1688 1412
1689 1412
1689 1412
1689 1412
1690 1412
1690 1412
1691 1690
1450 1451
1450 1452
1450 1453
1454 1339
1454 1341
1454 1434
1454 1340
1336 1454
1336 1339
1336 1341
1336 1455
1336 228
1336 209
1336 1254
1456 1457
1458 506
1459 506
1985 1464
1460 1461
1986 1464
1339 1462
1434 1462
1434 1340
1462 1455
1462 1055
1341 1341
1341 1340
1341 1462
1341 1339
1340 1055
1463 1464
1463 1464
1465 1466
1465 1467
1468 1466
1468 1467
1987 1464
1469 1466
1469 1467
1469 1361
1470 1361
1470 1361
1471 1466
1471 1467
1472 1916
1472 254
1472 1473
1474 1466
1474 1467
1475 1466
1475 1467
1476 1466
1476 1467
1477 254
1477 1466
1477 1467
1478 1361
1479 1361
1479 1361
1480 254
1480 1466
1480 1467
1480 1361
1481 1466
1481 1467
1482 1466
1482 1467
1482 1483
1484 1483
1484 1485
1484 1485
1486 1466
1486 1467
1487 1466
1487 1467
1487 1483
1488 1489
1490 1466
1490 1467
1490 1483
1491 1485
1988 1989
1492 254
1492 1466
1492 1466
1492 1467
1492 1467
1493 254
1493 1466
1493 1466
1493 1467
1493 1467
1494 1451
1495 1466
1495 1467
1496 254
1496 254
1496 1466
1496 1467
1497 1361
1498 254
1498 1466
1498 1467
1499 1466
1499 1467
1500 1466
1500 1467
1501 1360
1502 1483
1502 1483
1503 1504
1505 1466
1505 1467
1505 1473
1505 1466
1505 1467
1505 1648
1506 935
1507 1464
1508 1509
1510 1511
1512 1513
1514 1515
1516 1517
1518 1515
1519 1520
1521 1515
1522 1523
1524 1525
1526 1464
1526 1464
1527 1360
1528 1464
1529 1483
1530 1531
1530 1531
1532 1533
1532 1534
1535 1451
1536 1451
1537 1451
1538 1451
1539 1540
1452 1541
1451 1236
1542 1451
1543 1523
1544 1545
1546 1547
1548 1549
1550 1551
1990 1991
1992 1993
1552 1553
1554 1555
1554 1555
1556 1555
1557 1555
1661 1632
1448 1449
1448 484
1632 1850
1632 1851
1632 1851
1385 676
1386 678
1323 1323
1324 1325
1326 211
1326 211
211 221
211 211
211 211
1327 1326
1328 211
1329 1330
1331 1332
1331 1333
1334 986
1335 1336
1337 1324
1337 1994
1323 228
1323 325
1323 210
1323 1338
1323 211
1323 1339
1323 1340
1323 1341
1323 1342
1343 1343
1343 1343
1344 1341
1343 228
1343 325
1343 210
1343 211
1343 1344
1343 1336
1343 1340
1343 1345
1345 1346
1345 1346
1347 228
1347 325
1347 210
1348 228
1348 325
1348 210
1348 1324
1348 1336
1349 1350
1349 1351
1349 1352
1349 228
1349 209
1349 1323
1349 1342
1349 1347
1349 1353
1349 1343
1349 1348
210 227
210 227
1354 228
1355 562
1355 1349
1360 1361
1673 1236
1674 1675
1676 1675
1676 1673
1677 1675
1678 1675
1679 1673
1680 1673
1681 1682
1681 1683
1681 1683
1684 1673
1675 1560
1771 492
1745 328
1745 1995
1745 1995
1746 1902
1746 1326
1746 1930
1748 1749
1750 1751
1752 1753
1754 1755
1754 1464
1756 328
1756 1326
1757 648
1762 1763
1762 1764
1762 1765
1762 1765
1353 1338
1353 211
1766 492
1767 660
1767 646
1767 644
1767 1390
1767 1317
1768 228
1768 209
1768 325
1768 210
1768 1769
1768 328
1768 325
1768 1326
1768 1902
1768 1930
1768 1339
1768 1341
1768 1340
1770 559
1758 1759
1760 1761
1662 952
1663 951
1663 951
1663 1664
1663 1665
1664 1665
1824 1410
1825 1410
1634 215
1634 601
1634 1635
1636 215
1636 601
1636 1635
1635 1637
1669 1670
1669 1671
1669 1672
1669 1671
1669 1672
1960 1236
1960 1236
1960 1996
1315 644
1316 654
1316 658
1316 1317
1316 1318
1316 1319
1316 1320
1316 656
1997 1902
1303 1998
1303 1304
1305 1304
1305 1306
1305 1999
1305 2000
1307 1308
1309 1304
1310 211
1310 1311
1312 1186
1312 1313
1312 310
1312 978
1312 313
1312 549
1314 306
968 969
970 971
969 1931
969 972
969 973
942 306
943 944
945 946
947 948
949 948
949 947
949 947
976 306
977 978
977 979
980 981
982 983
984 260
985 986
987 246
1162 215
1025 306
1095 1096
2001 2002
1097 1098
1099 1100
1099 1101
1099 467
1102 1103
1102 1103
1161 975
1161 967
1141 1142
1141 1143
1144 1123
1133 1123
1133 1123
1145 321
1145 1003
1146 1145
1147 1133
2003 2002
2003 2002
2003 2002
2003 2002
2003 2002
2003 2002
2003 2002
1148 1123
1149 1123
1151 1140
1151 1123
1152 1152
1152 1148
1153 1148
1153 1148
1153 1145
1154 1155
1154 1156
1157 1123
1158 1159
1129 1113
1129 1113
1130 1131
1130 1131
1130 484
1130 484
1123 1096
1126 1140
1132 1133
1132 306
1132 306
1134 484
1134 1135
1134 1136
1120 1101
1121 1101
1122 1123
1124 484
1124 1125
1124 1126
1124 1127
2004 1123
2004 321
1137 1138
1139 1119
2005 2006
2006 1003
2006 321
2006 2007
2006 2007
1160 1138
1160 1138
1160 1138
1118 1119
1082 321
1082 1003
2008 2009
2008 1184
1077 1078
1077 1079
1077 1080
1081 1080
974 975
974 965
974 961
1179 1180
1179 1180
1179 1180
1181 1180
1181 1180
1182 1183
1182 2010
1182 2011
1016 975
1016 950
321 321
321 321
321 1003
321 321
1017 1017
988 306
989 2012
989 306
2013 2014
2013 2015
991 2016
991 2014
991 2017
991 996
997 2018
1018 1931
1018 973
1018 1933
1018 1934
1018 1019
1020 1021
1022 972
1022 1023
2019 2020
2019 2002
2019 2021
1024 1025
2022 2023
1026 1027
1028 1029
1030 1031
1035 1036
1037 1038
1037 1039
1040 1041
1042 1043
1044 1045
1046 1047
1048 1049
1048 1050
1048 2020
1048 2002
1048 2021
1051 1051
1051 1052
1051 1053
1051 2018
1051 1054
2018 2008
1056 1056
1056 1051
1054 593
1054 2024
1052 1058
971 1056
1059 562
1059 971
1060 1061
1062 662
1063 1064
1065 1066
1065 1062
1067 1068
1069 1070
1069 1071
1069 1049
1069 1072
1069 1068
1073 1074
1075 1076
937 938
939 940
941 940
2025 2026
1163 2027
1164 1105
1164 1165
1165 593
2028 2027
1166 565
1167 565
2029 2030
1168 1169
1168 565
1170 565
1170 1171
1170 1172
1170 1105
1170 1172
1173 565
1173 1113
1174 565
1174 1172
1174 1172
1174 1171
1175 1172
1176 565
1176 1117
1176 1117
1176 1117
1176 1117
1117 1177
1117 1178
1117 1117
950 951
950 243
950 952
950 953
950 18
950 954
950 930
950 956
950 957
950 953
950 930
950 956
950 958
950 959
950 930
950 956
950 959
950 960
950 2031
961 962
961 243
961 962
961 963
961 964
961 951
961 952
961 18
961 956
961 930
961 954
961 930
961 956
961 2031
961 930
961 956
965 243
965 951
965 962
965 952
965 18
965 962
965 963
965 964
965 957
965 953
965 930
965 956
965 2032
965 2032
965 966
2032 18
2032 954
2032 930
2032 956
967 951
967 243
967 963
967 964
967 957
967 952
967 18
967 954
967 966
952 952
2033 2034
999 1000
999 1000
999 1000
999 1001
999 1002
999 1003
999 1004
999 1005
1006 1000
1006 1007
1006 1008
1009 1010
1011 1012
1013 1014
1013 1015
1013 1015
1083 349
1083 2035
1083 64
1083 195
1083 343
1083 343
1083 343
1083 351
1084 359
1084 359
1085 61
1085 195
1085 357
1086 345
1086 347
1086 195
1086 355
1086 1087
1086 64
1086 61
1086 1088
1086 357
1089 1088
1090 1039
1090 321
1090 1003
1090 62
1091 195
1091 978
1091 195
1092 195
1092 64
1092 61
1092 158
1092 978
1092 195
1092 195
1092 195
1093 1088
1094 150
1104 1105
1106 1107
1108 565
1108 1109
1108 1110
1108 1110
1108 1111
1108 1111
1112 565
1112 1113
1114 1111
1114 1111
1114 1110
1115 1105
1115 1111
1116 1117
1116 1117
1211 1212
934 935
936 935
2036 2036
2037 1409
2038 2039
2039 2040
2041 1928
2042 2043
2044 2043
1293 170
1294 173
1295 170
1296 1253
1296 1247
1296 1253
1296 1248
1296 1248
1296 1248
1280 1244
1213 228
1213 209
1213 325
1213 327
1214 1215
1216 1217
1218 1219
1218 1220
1218 1221
1222 1223
1222 1224
1222 1225
1222 1226
1222 1223
1227 1219
1227 1228
1227 1229
1227 1225
1227 1230
1231 1232
1231 1232
1233 2045
1235 1236
1237 1238
1237 1239
1237 1238
1237 1240
1237 1240
1241 306
1242 1215
1243 1244
1243 1245
1246 1247
1246 1248
1246 1248
1249 1247
1249 2046
1249 1244
1249 1248
1249 1248
1249 1247
1249 2046
1249 1244
1249 1989
1249 2047
1249 1248
1249 1248
1250 306
1251 1247
1251 1248
1251 1248
1252 1247
1252 1253
1252 1248
1252 1248
1252 1248
1252 1254
1255 1215
1255 1256
1255 2048
1255 1226
1257 1256
1258 1215
1258 1253
1258 1245
1258 1226
1259 1215
1259 1226
1259 1245
1259 1244
1260 1215
1261 1244
1262 1215
1263 1215
1264 1215
1265 1215
1265 1266
1267 1215
1268 1253
1269 1244
2049 2046
1270 1215
1271 1247
1271 1245
1271 1248
1271 1248
1271 1248
1272 1244
1272 1273
1274 1244
1275 1247
1275 1276
1275 1248
1275 1248
1275 1248
1277 1239
1277 1240
1277 1240
1278 1276
1278 1247
1278 1248
1278 1248
1281 306
1282 1215
1282 1283
1282 1247
1282 1248
1282 1248
1285 1286
1287 1247
1287 1248
1287 1248
1288 1239
1288 1240
1288 1240
1289 1239
1289 1240
1289 1240
1290 1245
1290 1245
1291 1276
1291 2036
1291 2036
1292 306
1297 1298
1297 1298
2050 1928
2051 1928
1299 2052
1299 2052
1299 2052
1299 2052
1299 2052
1299 2053
1299 1300
1299 2052
1299 2052
793 62
793 794
793 62
795 62
795 62
795 796
795 62
795 62
797 62
797 62
797 798
797 62
2054 62
2054 2055
2054 62
799 62
799 62
799 800
801 62
801 802
803 804
803 62
805 62
805 806
807 62
807 62
807 808
817 818
817 62
819 820
819 62
821 62
821 822
821 823
821 62
824 825
824 62
826 827
828 62
828 829
830 831
832 62
832 833
834 62
834 62
834 835
834 62
836 62
836 62
836 62
836 837
836 62
838 62
838 839
840 696
840 841
842 843
844 845
846 847
848 849
850 62
850 851
852 853
852 62
854 855
856 857
858 859
858 62
860 62
860 861
860 62
862 863
864 62
864 865
866 867
868 869
870 871
872 873
874 875
876 877
876 62
878 879
880 881
880 62
882 883
882 883
882 62
884 885
884 62
886 887
888 889
890 891
892 62
892 893
894 895
896 62
896 897
896 62
898 62
898 62
898 62
898 899
900 901
900 730
902 62
902 903
904 62
904 905
906 907
908 909
908 62
910 911
912 913
914 915
916 917
918 919
920 921
922 923
922 62
924 925
924 62
2056 62
2056 2057
2056 2058
2059 62
2059 2057
2059 2060
2061 2062
2063 62
2063 2064
2065 62
2065 2066
2067 62
2067 2068
2069 2070
2071 2072
661 62
661 662
661 62
661 62
663 62
663 664
62 62
62 62
62 62
62 62
62 62
62 62
62 62
62 62
62 62
62 62
62 62
62 62
62 62
62 809
62 62
62 62
62 62
62 62
62 62
62 62
809 62
62 62
62 62
62 62
62 62
62 62
62 62
151 62
62 62
62 62
62 62
62 62
62 62
62 62
62 62
62 2073
62 62
62 62
62 62
62 2074
62 62
62 62
62 62
62 62
62 62
62 62
62 62
62 62
62 62
62 62
62 62
62 62
62 62
62 62
62 62
62 62
62 62
62 62
62 62
62 62
62 62
62 62
62 62
62 62
62 62
62 62
62 62
62 62
62 62
62 62
62 62
62 62
62 62
62 62
696 810
696 696
696 62
810 62
62 696
62 62
62 62
62 810
62 62
62 62
62 62
62 62
62 62
62 62
62 62
62 62
62 62
62 62
62 62
62 62
62 2075
62 2073
62 2075
62 2076
2074 2076
62 62
62 62
2077 62
62 62
62 62
62 62
62 62
62 62
62 62
62 62
62 62
62 62
62 62
62 62
62 62
62 62
62 62
766 766
767 62
767 768
769 770
771 772
773 62
773 62
773 774
773 62
775 62
775 62
775 776
681 18
681 62
682 8
682 62
683 62
683 822
683 180
683 62
684 38
684 62
685 41
686 62
686 67
687 69
688 62
688 689
690 62
690 62
690 691
690 62
692 62
692 62
692 62
692 693
692 62
694 62
694 184
695 696
695 15
697 45
698 43
699 46
700 48
701 62
701 111
702 50
702 62
703 4
704 20
705 100
706 71
706 62
707 62
707 78
707 62
708 6
709 62
709 80
710 96
711 98
712 102
713 108
714 76
714 62
715 104
716 52
716 62
717 56
717 62
718 113
718 62
719 115
720 182
721 117
722 62
722 34
723 36
724 62
724 725
724 62
726 62
726 62
726 62
726 727
728 10
728 62
729 730
729 731
732 730
732 733
734 106
735 59
735 62
736 82
737 84
738 90
739 92
740 86
741 88
741 62
742 94
742 62
743 54
2078 62
2078 2057
2078 1936
2079 62
2079 2057
2079 1938
2080 1940
2081 62
2081 2082
2081 62
2083 62
2083 1942
2084 62
2084 1944
2085 1946
2086 2087
2086 62
777 62
777 778
777 62
779 2077
779 62
779 780
779 62
779 62
781 62
781 62
781 782
781 62
2088 62
2088 2089
2088 62
783 62
783 62
783 784
785 62
785 786
787 788
787 62
789 62
789 790
791 62
791 62
791 792
665 62
665 447
665 666
667 62
667 668
669 62
669 670
671 62
671 672
671 62
673 62
673 674
744 62
744 745
744 62
746 747
746 62
748 749
750 751
752 753
752 62
754 755
754 62
756 62
756 757
758 62
758 759
758 62
760 62
760 761
760 62
762 62
762 62
762 763
764 765
764 62
675 62
675 676
677 62
677 678
679 62
679 680
639 62
639 640
639 62
641 642
641 62
643 644
645 646
647 648
647 62
649 62
649 650
651 62
651 652
651 62
653 62
653 654
653 62
655 62
655 62
655 656
657 658
657 62
659 660
659 62
811 62
811 293
812 638
813 636
814 62
814 62
814 322
814 62
815 62
815 62
815 816
238 239
490 491
490 211
490 492
490 493
490 330
494 491
494 493
494 330
492 495
492 496
492 497
492 498
492 499
492 500
496 501
500 501
499 501
498 501
497 501
550 190
551 186
551 194
551 195
552 235
553 237
522 186
522 187
522 61
522 188
522 158
188 355
188 195
188 355
188 195
1918 1921
169 170
171 170
172 173
2090 170
2091 173
174 175
174 175
174 175
174 175
176 175
176 175
177 123
178 123
141 61
64 128
64 129
64 130
64 131
64 132
64 133
64 134
64 130
64 128
64 129
64 131
64 133
128 129
128 130
130 130
132 130
133 130
129 61
158 159
150 62
158 62
147 154
154 62
154 62
135 136
135 136
136 137
126 127
126 127
138 139
138 139
140 138
144 145
146 147
146 148
146 144
149 147
149 150
149 62
149 150
149 148
149 151
149 144
152 147
152 62
152 144
153 154
153 144
155 154
155 151
155 144
156 154
156 144
157 154
157 144
160 140
161 61
161 62
161 62
161 162
161 65
163 61
163 62
163 62
163 62
163 62
163 158
163 158
163 162
163 65
164 61
164 62
164 62
164 62
165 61
165 62
165 62
166 61
166 62
166 62
166 62
167 61
167 62
167 62
168 61
168 62
168 62
142 143
2092 2087
122 123
124 125
124 125
124 125
124 125
124 125
124 125
179 22
2093 2094
2095 2082
291 292
291 293
294 295
296 295
297 295
298 299
298 2096
300 299
301 302
301 303
304 305
304 306
307 308
307 299
307 299
307 299
307 299
307 2096
307 299
307 299
307 299
309 310
311 2097
311 239
311 312
311 313
311 313
311 313
311 313
314 315
314 316
317 299
2098 2099
2100 2101
554 351
555 351
555 359
235 549
237 549
360 190
360 190
310 360
361 360
362 190
362 190
342 343
344 345
346 347
348 349
350 351
352 190
352 190
352 190
352 190
353 195
354 355
356 357
358 359
313 343
313 349
313 359
313 521
313 185
313 522
521 186
521 187
521 61
521 359
521 2097
312 318
1885 1886
