2424 2424
2427 2424
2429 2479
2431 2443
2432 2424
2841 2355
2841 2355
2448 239
550 190
551 186
551 194
551 195
552 235
553 237
522 186
522 187
522 61
522 188
522 158
188 355
188 195
188 2842
1196 1197
2341 2341
2627 1727
1201 1131
1203 565
2332 2333
2334 2333
2335 565
2335 2333
2336 2333
2337 2333
2338 2339
2340 2339
1184 1185
1055 1184
954 954
954 306
1190 1191
243 243
243 243
243 1192
243 1193
243 1194
243 1194
243 1189
243 1194
243 2492
1193 1190
1193 1195
956 956
956 956
2037 1409
2038 2039
2039 2040
2036 2036
2556 2557
1292 306
1213 228
1213 209
1213 325
1213 327
1214 1215
1216 1217
1218 2046
1218 1220
1218 2342
1222 1273
1222 2343
1222 1225
1222 1226
1222 1273
1227 2046
1227 2344
1227 2345
1227 1225
1227 2346
1231 1232
1231 1232
1233 2045
1235 1236
1237 1238
1237 1239
1237 1238
1237 1240
1237 1240
1241 306
2641 1215
2641 1283
2558 1245
2558 1245
2816 1245
1242 1215
1243 1244
1243 1244
1243 1245
1246 1247
1246 1248
1246 1248
1249 1247
1249 2347
1249 2046
1249 1244
1249 1248
1249 1248
1249 1247
1249 2347
1249 2046
1249 1244
1249 1989
1249 2047
1249 1248
1249 1248
1250 306
1251 1247
1251 1248
1251 1248
1252 1247
1252 1253
1252 1248
1252 1248
1252 1248
1252 1254
2817 1215
2843 1247
2843 306
2843 1248
2843 1248
2818 1215
1255 1215
1255 1256
1255 2048
1255 1226
1257 1256
1258 1215
1258 1253
1258 1245
1258 1226
1259 1215
1259 1226
1259 2347
1259 1245
1259 1244
1260 1215
2348 2349
2348 2350
2348 1248
2348 1248
2348 1248
1261 1244
1262 1215
1263 1215
1263 2642
1263 2640
1263 2643
1263 2643
1263 2644
1264 1215
1265 1256
1265 1215
1265 1266
1267 1215
1268 1253
1269 1245
1269 1244
1270 1215
1271 1247
1271 1245
1271 1248
1271 1248
1271 1248
1272 1244
1272 1273
1274 1244
1275 1247
1275 1276
1275 1248
1275 1248
1275 1248
1275 1248
1275 1248
1275 1248
1278 1276
1278 1247
1278 1248
1278 1248
1281 306
1282 1215
1282 1283
1282 1247
1282 1248
1282 1248
1285 1286
1287 1247
1287 1248
1287 1248
1290 1245
1290 1245
2560 2553
1291 1276
1291 2036
1291 2036
2550 2551
2552 2553
2554 2553
2555 2550
2555 2550
2844 1244
2041 1928
2042 2043
2044 2043
2845 1244
2845 2347
2845 2046
2846 1244
2846 2347
1293 170
1294 173
1295 170
1296 1253
1296 1247
1296 1253
1296 1248
1296 1248
1296 1248
1296 1247
1296 1253
1296 1248
1296 1248
1296 1248
1297 2847
1297 2847
1297 2640
2050 1928
2051 1928
1299 2052
1299 2052
1299 2052
1299 2052
1299 2052
1299 2052
1299 2848
1299 2052
1299 2052
2638 2639
2638 2424
968 969
970 971
969 1931
969 972
969 973
2849 2850
2596 2018
2596 2008
2597 2018
2597 2018
2851 2599
1020 1021
1020 1021
1022 972
1022 1023
2019 2020
2019 2002
2019 2021
1024 2600
1024 1025
2600 1931
2022 2023
1026 1027
1028 1029
1030 1031
1035 1036
1037 1038
1037 2601
1040 2320
1040 1041
1042 1043
1046 1047
2820 2020
2820 2002
2820 2021
1048 2821
1048 1050
1051 1051
1051 1052
1051 1053
1051 2018
1051 1054
2018 2008
1056 1056
1056 1051
1054 593
1054 2024
1052 1058
971 1056
1059 562
1059 971
1060 1061
1062 662
1063 1064
1065 1066
1065 1062
1067 1068
1069 1070
1069 1071
1069 1049
1069 1072
1069 1068
1073 1074
1075 1076
1044 1045
942 306
943 944
945 946
945 2852
945 2852
947 948
949 948
949 947
949 947
2607 2317
2318 2317
989 2012
2013 2014
2013 2015
991 2016
991 2853
991 2014
991 2017
997 2018
2854 2855
2604 2604
2601 1039
1163 2027
2822 1105
2822 1165
2632 1105
2632 1165
2856 1105
1165 593
2028 2027
1166 2312
1167 2312
2029 2030
1168 1169
1168 2312
1168 2312
1168 2823
1170 2312
1170 1171
1170 1172
1170 1105
1170 1172
1173 2312
1173 1113
1174 2312
1174 1172
1174 1172
1174 1171
1175 1172
1176 2312
1176 1117
1176 1117
1176 1117
1176 1117
1117 2633
1117 2824
1117 2825
2824 2634
2824 2619
2825 2619
2825 2634
2825 1140
2825 1140
2825 2634
2825 2619
2825 2634
2825 2634
2633 1177
2633 2634
2633 2611
2633 1178
2633 2633
1095 1096
2001 2002
2610 2611
1097 2612
1099 1100
1099 1101
1099 467
1102 1103
1102 1103
2613 2603
2033 2034
999 1000
999 1000
999 1000
999 1001
999 1002
999 1003
999 1004
999 2605
999 2605
999 1005
2562 2563
2606 2321
1006 1000
1006 1007
1006 1008
1006 2819
1009 1010
1011 1012
1013 1014
1013 1015
1013 1015
1162 2568
2857 2002
2857 2624
2857 2858
2857 2858
2859 2624
2859 2624
2860 2861
2860 1070
2860 2624
2860 2624
2860 2624
2860 978
2862 2002
2862 2863
2864 2624
2864 2002
2865 2866
2865 2867
937 938
939 2868
939 2002
939 940
2869 940
1104 1105
1106 1107
1108 2312
1108 1109
1108 1110
1108 1110
1108 1111
1108 1111
1112 2312
1112 1113
2322 1131
1114 1111
1114 1111
1114 1110
1115 1105
1115 1111
1116 1117
1116 1117
2323 1131
2614 1105
2615 1105
2870 2871
2872 2873
2872 2874
2875 2873
2875 2874
2876 2874
2877 2874
2877 246
2871 2878
2871 246
2879 1189
2879 1194
2880 338
2880 330
2881 2882
2881 2882
2883 2871
2884 973
1077 1078
1077 1079
1077 1080
1081 1080
1160 1138
1160 1138
1160 1138
1118 1119
1123 1096
1126 1140
2885 2868
2886 2850
2886 2850
2886 2850
2886 2850
1141 1142
1141 1143
1144 1123
2623 2624
2887 2888
2889 2890
2889 2888
2889 2888
1133 1123
1133 1123
2625 2611
2625 1123
2625 2625
2625 2626
2625 2627
2625 2627
2891 2021
2891 2021
2891 2868
2891 2625
2891 2850
2891 2850
2891 2850
2891 2850
2626 2573
2626 1017
1145 321
1145 1003
2892 2890
2893 2890
2894 2868
1146 2890
1146 1145
1147 1133
2895 2868
2628 2603
2003 2002
2003 2896
2003 2002
2003 2002
2629 2603
1148 1123
1149 1123
2630 2603
1151 1140
1151 2603
1151 2603
1151 1123
1152 1152
1152 1148
1153 1148
1153 1148
1153 1145
2897 2021
2897 2868
2897 2611
2897 1123
2897 2625
1154 1155
1154 1156
2898 2850
2898 2850
2898 2850
2898 2850
2899 2850
2899 2850
2899 2850
2899 2850
2899 2850
2899 2850
2899 2850
2899 2850
1157 1155
1157 1155
1157 1155
1157 1123
2900 2326
2901 2868
1129 2604
1129 1113
1130 1131
1130 2604
1130 1131
1130 2604
1130 1131
1130 1131
1130 484
1130 484
1120 1101
1121 1101
1122 2611
1122 1133
1122 1123
2616 2611
2617 1136
2618 484
2618 2619
2618 2620
2618 1127
2618 2611
2618 1131
1124 484
1124 1135
1124 1125
1124 1126
1124 1127
1124 2603
2621 2826
2826 2603
2826 2603
2004 1123
2004 2573
2005 2006
2006 1003
2006 321
2006 2007
2006 2007
2902 1138
2903 2850
2903 2850
2903 2850
2903 2850
2904 2850
2904 2850
2904 2850
2904 2850
2905 2850
2905 2850
2905 2850
2905 2850
1139 2890
1139 1119
1139 2850
1139 2850
1139 2850
1139 2850
2906 2850
2906 2850
2906 2850
2906 2850
2907 2868
2907 2868
2907 2002
2907 2868
2907 2624
2907 2868
2907 2002
1179 1180
1179 1180
1179 1180
1181 1180
1181 1180
2313 2314
2313 2636
2313 2315
2313 2637
1182 1183
1182 2010
1182 2011
2312 565
2608 2609
2827 2609
1082 321
1082 1003
1082 2603
1083 349
1083 195
1083 195
1083 343
1083 343
1083 343
1083 351
1084 359
1084 2325
1084 2326
1084 359
2327 2320
2327 62
2328 359
1085 61
1085 195
1085 357
1086 345
1086 347
1086 195
1086 355
1086 1087
1086 2320
1086 61
1086 1088
1086 357
1089 1088
2561 1038
1090 1068
1090 1039
1090 321
1090 1003
1090 62
1091 2908
1091 195
1091 195
1091 978
1091 195
1092 195
1092 2909
1092 2021
1092 61
1092 2842
1092 158
1092 978
1092 195
1092 195
1092 195
1093 1088
1094 150
952 952
2573 2573
2573 321
2097 1003
321 321
321 321
321 1003
321 321
1017 1017
1025 306
2910 2868
2910 2624
2910 2002
2910 2624
2910 2624
2910 2002
2910 2002
2911 2002
2911 2002
2911 2002
2911 2624
2911 2002
2911 2002
2008 2912
936 935
934 935
1667 1407
1668 1346
1668 1346
2279 2280
1616 1617
1616 1618
1619 2172
1619 567
1619 1620
1621 527
1621 527
2546 2172
2546 2474
1622 568
1623 568
1624 527
1624 527
1625 527
1625 527
1625 527
1626 527
1626 527
1626 527
1626 527
1626 527
1626 527
1626 527
1626 527
1627 527
1627 527
1627 527
1628 527
1628 527
1628 1980
1984 1981
1980 527
2281 527
2282 527
2282 527
2282 527
2282 2281
2283 2284
2283 2285
2283 2286
2547 527
2547 527
2547 2439
2547 527
2548 2442
1715 2289
1715 1717
1317 2290
1317 1719
1317 1717
2291 1719
2291 1725
2291 2292
1318 2293
1318 478
1318 1687
1318 1721
1318 1717
1318 1419
1318 1722
1318 1367
1320 1320
1320 2294
2294 2295
2294 2296
2294 2277
2294 2297
2297 2298
2297 2299
2299 2299
2299 1419
2299 1419
2299 1419
1717 1724
1724 2296
1724 1725
1724 2292
2292 1365
2292 2913
2292 2913
2292 2913
2292 2913
2292 2913
1673 1236
1674 1675
1676 1675
1676 1673
1677 1675
1678 1675
2914 1675
1679 1673
1680 1673
1681 1683
1684 1673
1675 1560
2658 2659
2658 2648
1420 1421
1422 1423
1424 1425
2287 2288
1426 1427
1428 1429
2915 2916
2917 2918
2529 2530
1363 1364
1363 1365
1366 1364
1366 1367
1366 1365
1368 484
1368 1369
1370 1369
2237 1369
1369 484
1369 1369
1369 1369
1371 1369
1371 1372
1373 1369
1374 1369
1375 1375
1375 1369
2238 2188
2239 2189
2240 2187
2241 2200
2242 2190
1433 1434
1435 1436
2210 2211
2212 2211
2213 2214
2215 2216
2217 2218
2219 2220
2221 2222
2223 2224
2225 2226
1437 1346
1438 1439
1362 1302
1362 1195
2248 2258
2248 2259
2248 2260
2250 2260
2246 2258
2246 2259
2246 2260
2254 2258
2254 2259
2254 2260
1443 650
1444 1326
1444 492
1444 1902
1444 224
1444 1444
1445 652
1444 660
1444 1446
1444 1446
1447 230
2919 283
2920 1553
2920 2102
2920 2919
2921 2919
2922 2923
2922 2923
2923 1555
2924 1409
2924 2924
1356 123
1357 2925
1357 1356
1357 1356
1357 1356
1357 123
1357 1358
1357 1358
2926 197
2926 197
2926 123
1359 197
1359 1359
1359 1359
2480 2443
2480 2443
2480 2480
2543 2443
2235 2236
2235 2308
2308 2103
2308 2102
2186 2172
2186 1840
2186 283
2186 2309
2186 123
2186 2310
2186 2172
2186 1840
2186 283
2186 2311
2186 123
2186 2310
2311 2172
2311 283
2309 2172
2309 283
1450 1451
1450 1452
1450 1453
1454 1339
1454 1341
1454 1434
1454 1340
1336 1454
1336 1339
1336 1341
1336 1455
1336 1254
1456 1457
1458 506
1459 506
2191 1464
1460 1461
1986 1464
1339 1462
1434 1462
1434 1340
1462 1455
1462 1055
1341 1341
1341 1340
1341 1462
1341 1339
1340 1055
1463 1464
1463 1464
2927 2928
2929 2930
2931 1466
2931 2932
2931 1464
1987 1466
1987 1361
1987 2663
2933 2934
2935 2932
1472 1916
1472 2936
2937 2938
2939 1466
2940 1361
2941 2942
2943 2944
1476 2945
1477 254
1477 1466
1477 2673
1477 2663
1477 2946
1478 1361
1478 2947
1478 2948
1478 2949
1478 2950
1479 1361
2829 1869
1480 254
1480 1466
1480 1361
1481 1466
1481 2663
1481 2946
3125 1466
3126 1483
3126 2532
1484 1483
1484 2532
1484 1485
1484 1485
1486 1466
1487 1466
1487 2532
1487 1483
1490 1466
1490 1483
1491 2532
1491 1485
1988 1989
2951 2952
2951 2952
1493 2953
1493 2953
2954 2947
1496 2946
1497 2955
2956 2957
1499 2958
2959 2960
1500 1466
2534 2347
2534 1217
1502 1483
1502 1483
1503 2532
1503 1504
2961 2962
1506 935
2192 1464
1508 1509
1510 1511
1512 1513
1514 1515
1516 1517
1518 1515
1519 1520
1521 1515
1522 1523
1524 1525
1526 1464
1526 1464
2674 2963
2674 2443
1528 1464
2964 2094
1529 1483
1530 1531
1530 1531
1532 1533
1532 1533
1532 1534
1535 1451
1536 1451
1537 1451
1538 1451
1539 1540
1452 1541
1451 1236
1542 1451
1543 1523
1544 1545
1546 1547
1548 1549
1550 1551
1990 1991
1992 1993
2965 2966
2967 2968
1552 2920
1554 2921
1554 1555
1554 1555
2969 2970
2971 2922
1557 2972
1557 1555
2973 2974
2975 2976
2977 2978
2979 2980
2981 2982
2983 2984
2985 2986
2987 2988
2193 2989
2194 2990
2195 2991
2196 2992
2197 2993
2676 2994
2677 1466
2678 1466
2995 2996
2542 2963
2544 2997
2998 2999
2679 1466
2679 1467
2267 1377
2488 2269
2488 2269
2488 2489
2268 1377
2268 2503
2268 2916
1777 1641
1778 1641
1779 1641
1781 1555
1783 1409
1784 1785
1786 283
2485 2486
2487 1409
2487 2486
2266 1377
2490 1702
2261 2261
2261 2262
2261 1409
2261 2261
2263 1409
2264 1809
2264 1809
2264 1809
2265 2262
2265 2262
2265 2263
1788 1657
1788 1409
1789 1790
1701 1790
1791 1792
1793 123
1794 1795
1794 1793
1796 1797
1797 1798
1797 1794
1797 1799
1776 1706
2491 1802
2491 1802
2650 283
2650 283
2651 1802
2652 283
2652 1504
2653 283
2654 1409
2655 1656
3000 2634
3000 1244
1303 1998
1303 1304
1305 1304
1305 1306
1305 1999
1305 2000
1307 1308
1309 1304
1310 211
1310 1311
1312 1186
1312 978
1312 549
1312 299
1312 299
1312 299
2680 1313
1314 306
2521 2530
1662 952
1663 951
1663 951
1663 1664
1663 1665
1664 1665
1385 676
1386 678
1692 1693
1692 1421
1692 1423
1692 1694
1695 567
1695 2172
1695 1696
1695 568
1695 568
1531 1697
1531 1698
1531 1697
1531 1697
1699 1700
1699 1698
1699 1701
1699 1697
1699 1697
1699 1692
1702 1700
1702 1692
1702 1703
1702 1704
1702 1377
1702 1705
1706 1700
1706 2508
1706 1692
1707 1700
1707 1692
1707 1708
1707 2272
1707 2508
1709 1700
1709 1692
1710 1700
1711 1710
1711 1706
1711 1709
1711 1699
1712 568
1713 198
1700 1714
1700 1617
1967 1975
1967 1697
1967 1976
1967 1697
1967 1975
1971 1977
1971 568
1971 1978
1971 568
1971 1977
1967 527
1967 527
1967 527
1967 527
1967 527
1965 1697
1965 1618
1965 1697
1965 1697
1965 1975
1965 1975
1969 568
1969 1620
1969 568
1969 568
1969 1979
1969 1977
1969 1977
1965 527
1965 527
1965 527
1965 1980
1965 527
1965 527
1969 1981
1947 254
1948 1657
1948 1409
1949 1950
1949 1951
1949 1947
1949 1952
1949 1953
1954 1955
1956 1951
1956 1955
1956 1947
1956 1952
1956 1950
1956 1951
1956 1953
1957 1951
1958 1947
1959 1918
1959 1960
1961 1918
1962 1921
1963 1254
2257 62
2227 3001
2227 2483
2227 2483
2227 2229
2227 2230
2227 2231
2256 3001
2256 2288
2256 3001
3001 3002
2211 2484
2211 3001
2211 2484
2233 2483
2233 2229
2233 2230
2233 2231
2229 2483
2229 3003
1584 1585
1584 2172
1584 1915
1586 1587
2175 2172
2176 1413
2934 3004
2934 3005
2934 3006
3004 1361
3005 1361
3007 1869
3006 3008
3006 3007
3006 1859
2273 1836
2273 1254
2274 2275
2275 211
2275 470
2275 228
2275 209
2275 328
2275 211
2276 529
2277 529
2278 1836
2278 1254
2996 3009
2996 3010
2996 2663
2996 2480
2996 1466
2996 3011
2996 3012
2963 3009
2963 2663
2963 2480
2963 1466
2963 2963
2963 2543
2997 3009
2997 2663
2997 1466
2997 2963
2997 2543
2999 3009
2999 2663
2999 2480
2999 1466
2999 3011
2999 3013
3013 2513
3013 2245
3013 2521
3013 3014
3013 2509
3012 2513
3012 2245
3012 2521
3012 3015
3012 2443
3012 62
3012 62
3012 2509
3015 2524
3015 3016
3015 3016
2963 2521
3017 2521
3017 2443
2963 2513
2963 2245
2963 2521
2647 62
2647 2424
2647 3012
3018 3019
1829 1461
1830 1759
1831 1761
1832 1751
1960 1236
1960 1236
1960 1996
1361 1361
2500 2501
2500 2502
2500 2503
2500 2504
1376 1377
1378 2916
1762 1763
1762 1764
1762 1765
1762 1765
1756 328
1756 1326
1757 648
1771 492
1745 328
1745 1995
1745 1995
1746 1902
1746 1326
1746 1930
1758 1759
1760 1761
2507 211
2507 492
1748 1749
1750 1751
1752 1753
1754 1755
1754 1464
1353 1338
1353 211
1766 492
1767 660
1767 2813
2830 1390
2831 1393
2831 2828
2831 2832
2833 2189
2834 646
2834 644
2834 1317
1768 228
1768 209
1768 325
1768 210
1768 1769
1768 328
1768 325
1768 1326
1768 1902
1768 1930
1768 1339
1768 1341
1768 1340
1770 559
1541 1560
1540 1560
1561 260
1561 2492
1562 1560
1562 2300
1562 1304
1562 1563
1562 2301
1564 510
1565 1562
1565 260
1565 260
1566 2300
1566 1311
1566 246
1566 1567
1566 1568
1566 1569
1566 246
1566 1570
1566 1571
1566 246
1566 1572
1566 1573
1566 1574
1566 1575
1566 246
1566 1576
1566 2302
1566 2303
1566 2304
1566 2305
1566 2306
1566 2424
1566 2493
1566 2424
1566 2494
1566 2495
1566 246
1566 2496
1577 2300
1577 1578
1577 1034
1577 3020
1577 246
1579 2300
1579 1563
1579 246
1579 1304
1579 246
1579 1580
1579 1581
1579 246
1579 246
1579 252
1579 246
1579 2307
1579 246
1579 2432
1579 2497
1579 246
1579 2498
1579 246
1579 2645
1579 2646
1582 1306
1580 1582
1583 2300
1583 1308
1583 246
1583 2499
2962 1466
2962 1473
2962 1466
2962 1467
2962 1648
2962 3021
2946 254
2946 1466
2946 2663
2946 2946
2955 1466
2955 1361
2958 1466
2958 3022
3021 2513
3021 2663
3021 3023
3021 3024
3021 1865
3021 1657
3021 1643
3021 3025
3021 3024
3023 2513
3023 1641
3023 1657
3023 1643
3023 2532
3023 3024
3023 1657
2946 3024
2946 2513
2946 2946
3024 3026
3024 3024
3024 2532
3024 2532
3024 3027
3024 1421
3024 1423
3026 2532
3026 2532
3026 3027
3026 1421
3026 1423
3027 1425
3027 2288
1634 215
1634 601
1634 1635
1636 215
1636 601
1636 1635
1635 1637
1772 1302
1772 1195
1838 123
1839 1534
1648 1840
1648 1648
1648 283
1841 1842
1847 1848
1847 1849
2549 2482
1843 1844
1846 1844
1588 18
1588 1302
1588 930
1588 1195
1588 956
1589 1195
1589 1590
1589 954
1591 1302
1315 644
1316 654
1316 658
1316 1317
1316 1318
1316 1319
1316 1320
1316 656
1997 1902
1640 1421
1640 1423
1640 3028
3029 123
3030 1421
1638 1856
1638 1409
1639 1425
1639 2288
1639 3031
1639 1421
1639 1423
3032 1421
3032 3031
3032 3033
3032 3034
3032 3035
3032 1423
3032 3035
3036 1425
3036 1421
3036 1421
1669 1670
1669 1671
1669 1672
1669 1671
1669 1672
1661 1632
1685 1412
1685 1412
1685 1686
1686 1412
1686 1687
1688 1412
1689 1412
1689 1412
1689 1412
1690 1412
1690 1412
1691 1690
1595 1596
1595 1596
1595 1596
1595 1597
1593 1594
1593 1594
1593 1594
1814 506
1814 1815
1816 506
1816 1815
1816 1817
1816 1818
1816 1818
1816 1818
1816 1818
1816 1819
1816 1819
1820 2172
1821 2186
1821 1361
1821 3037
1821 2948
1821 2948
1821 3024
1821 3024
1821 2186
1821 1361
1821 2186
1821 1361
1821 3024
1821 2186
1821 1361
1821 2186
1821 1361
1821 2186
1821 3038
1821 2186
1821 2186
1821 3006
1821 2186
1821 2186
1821 3039
1821 2186
1821 3037
1821 2186
1821 3040
1821 2186
1821 3041
1821 2186
1821 3042
1821 2186
1821 3043
1821 2186
1821 3043
1821 2186
1821 3043
1821 2186
1821 3043
1821 2186
1821 3044
1821 1916
1821 2186
1821 3045
1821 2186
1821 2186
1821 3039
1821 2186
1821 2186
1821 2186
1821 2186
1821 2186
1821 2186
1821 3046
1821 3012
1821 3013
1821 2186
1821 3047
1822 1823
1387 1388
1389 1390
1391 1393
1391 1392
2828 2828
1394 2188
1394 2189
1396 2200
1396 2190
1399 1400
1399 1401
2201 2187
1402 506
1402 2172
1402 1403
1402 1346
2202 228
2202 209
1404 2172
1404 2172
1405 228
1405 209
1405 209
1406 506
1406 1346
1406 1407
1406 1346
1406 1407
1407 1408
1408 1409
1408 1408
1408 1410
1408 1410
1408 3048
1408 1410
1402 529
1402 2203
1411 1412
1411 1412
1411 1413
1411 531
2481 1413
2481 2482
1414 506
1415 1412
2204 1412
2204 1412
2204 2184
1417 1418
1417 531
1417 1419
1400 1055
1401 1055
1321 1322
1322 1982
1598 470
1598 1326
1598 492
1598 1400
1598 1401
1598 1924
1598 1931
1599 221
1599 1902
1599 1930
1600 648
1600 1419
1600 658
1600 1601
1600 1602
1600 1320
1600 1419
1603 644
1604 1605
1602 1419
1602 1319
1301 1302
2974 3049
2976 3049
2978 3049
2980 3049
2982 3049
2984 3049
2986 3049
2988 3049
1448 1449
1448 484
2957 254
2957 1466
2957 3050
2957 3051
2957 3051
2950 3050
2950 3051
3051 3052
3040 3053
3052 3053
3052 1254
3053 123
3053 2233
1606 1607
1608 1607
1609 1361
1826 123
1775 1302
1775 1195
2989 3054
2989 1466
2989 2513
2989 2245
2989 2211
2989 2246
2989 2233
2990 3054
2990 1466
2990 2513
2990 2245
2990 2211
2990 2248
2990 2233
2991 3054
2991 1466
2991 2513
2991 2245
2991 2211
2991 2250
2991 2233
2992 3054
2992 1466
2992 3055
2993 3054
2993 1466
2993 3046
2994 3054
2994 1466
2994 2513
2994 2245
2994 2256
3046 2513
3046 3055
3046 2245
3046 2211
3046 2254
3046 2233
3055 2245
3055 3001
1972 1019
1972 1888
1773 1931
1773 1924
1773 1774
1973 1932
2660 2660
2661 2660
3056 2660
3056 2660
3056 2233
3056 2509
1467 2663
1467 1467
1862 1856
2516 2513
2517 2513
3057 1859
1868 1869
1868 1859
1870 1871
1534 1870
1534 1534
1869 1534
1877 123
1878 1657
3058 1473
3058 2227
3058 3059
1880 1843
3060 1485
3061 1869
2664 2443
2664 62
2664 62
1882 1883
2665 2666
2665 2424
2665 3012
2667 3017
2667 62
1466 1473
1466 1648
1467 2670
1467 2671
2670 123
2670 123
2670 2671
2671 123
2515 2513
1867 1357
2527 1648
2527 1357
2528 1648
2528 1357
3062 1236
3063 2946
3064 123
2648 2649
3031 3065
3033 3066
3035 2280
3034 3033
3002 3031
3002 3033
3002 3035
3002 3034
3002 3034
3003 3003
3067 3002
2187 1395
2187 1397
2188 2832
2832 1395
2189 1395
2190 1395
2190 1395
2190 1397
1641 196
1641 196
2681 2682
1642 1643
2270 1409
2271 1657
2271 1643
2271 1865
1650 1409
1651 1409
1651 2916
1652 2272
1652 1655
1652 2505
1652 2506
1656 1657
1656 1656
1658 1657
1726 1727
1726 1727
1728 1729
1728 1729
1730 1185
1730 1185
1731 1185
1449 1412
1449 533
1732 1412
1732 535
1733 1412
1734 1412
1734 1687
2205 1412
2205 1687
1388 1735
1388 1342
1388 1736
1735 306
2206 2172
2656 1743
2656 2657
2207 2172
1719 2208
1737 2208
2209 2208
2482 2208
480 2208
1364 480
1367 478
1722 1721
1418 2208
1738 478
1739 2208
1740 1687
1741 2172
1741 1342
1741 1736
1742 1743
1736 1034
1744 2172
2172 565
1323 1323
1324 1325
2419 205
1326 211
1326 211
211 221
211 211
211 211
1327 1326
1328 211
1329 1330
1331 1332
1331 1333
1334 986
1335 1336
1337 1324
1337 1994
1323 228
1323 325
1323 210
1323 1338
1323 211
1323 1339
1323 1340
1323 1341
1323 1342
1343 1343
1343 1343
1344 1341
1343 228
1343 325
1343 210
1343 211
1343 1344
1343 1336
1343 1340
1343 1345
1345 1346
1345 1346
2234 228
2234 325
2234 210
1350 2235
1350 2236
1348 228
1348 325
1348 210
1348 1324
1348 1336
2531 228
2531 325
2531 210
1349 1350
1349 1351
1349 1352
1349 1323
1349 1342
1349 2234
1349 1353
1349 1343
1349 1348
1349 2531
210 227
210 227
1354 228
1355 562
1355 1349
1629 1630
1629 412
1631 1632
1633 1632
2928 1466
2928 3041
2930 1466
2930 3042
2932 1466
2932 3044
2938 1466
2938 3038
2942 1466
2942 1467
2942 3047
2945 1466
2945 1361
2960 3043
2932 3044
3044 3044
3043 2513
3043 1641
3047 3068
3068 2521
3068 2638
3068 3015
3068 2509
1659 1195
1659 1191
1659 1302
1659 1332
1659 490
1660 243
2936 254
2936 1473
2936 1466
2936 3069
2936 1254
3069 2950
3069 3059
3069 33
3069 3045
2953 254
2953 1466
2953 1466
2953 3070
3071 1869
3039 3072
3072 3073
3072 3074
3072 3075
3072 3071
2953 254
2953 1466
2953 1466
2953 3070
3070 3072
3070 2949
3039 3072
3072 3073
3072 3074
3072 3076
3072 2924
3072 3075
3072 3071
3070 3072
3076 1856
3073 2924
2947 3077
2947 2924
2947 3078
2947 1466
2947 3079
3037 2513
3037 3077
3037 2924
3037 3078
3079 2947
3079 2949
2949 1254
1413 1558
1413 1413
1559 1558
1559 1413
2198 1410
3080 1410
3081 3048
3081 1410
3082 3048
1632 1850
1632 1851
1632 1851
2683 3083
2683 2684
2685 2587
2686 562
1204 1205
2577 3083
2577 2579
2577 2580
2577 2581
2577 2582
2577 2582
2581 2582
2583 2584
2583 2584
2583 2584
2583 2584
2585 2586
1209 2587
1210 562
2591 3084
2593 1928
2594 2595
2588 640
2589 2590
185 186
185 187
185 61
185 188
185 158
189 190
191 192
193 186
193 194
193 195
3085 190
3085 351
555 351
3086 359
519 520
519 520
519 520
512 513
514 513
515 515
516 513
516 515
517 515
518 515
502 503
504 503
510 511
120 121
1887 1888
1887 1889
1887 2437
1887 338
1887 330
251 252
253 254
255 256
255 257
255 258
259 260
259 260
261 33
261 262
2438 2439
2440 338
2440 1929
2414 2415
2414 2415
240 240
241 240
244 245
244 245
244 246
242 243
2441 2442
274 275
275 276
246 277
246 246
267 278
279 278
246 246
246 246
246 282
246 246
264 283
264 284
264 1899
264 283
286 1899
286 1899
286 1900
286 1900
286 1900
286 1900
286 1900
286 1900
286 1900
286 1900
286 1899
286 1901
286 1901
280 277
285 286
277 277
277 277
277 280
277 280
287 288
287 3087
287 285
287 3087
287 285
287 279
280 277
289 287
246 280
246 277
246 246
269 3087
269 289
269 287
246 246
246 246
273 290
246 282
2417 284
2417 2418
277 2443
277 2439
280 277
246 280
246 2443
2444 2445
2445 3087
2445 2446
2446 2447
2447 2442
1889 1895
1892 1893
1892 3088
3088 3089
1893 1894
1893 1894
1891 250
1896 220
1897 1889
1898 930
524 525
524 526
524 2572
527 524
532 533
534 535
536 537
537 537
538 537
539 540
541 537
541 537
542 540
543 537
543 537
544 540
544 540
545 545
545 537
545 537
546 545
547 547
548 547
528 529
529 530
529 2183
531 531
531 530
2184 530
2184 2183
2184 531
490 490
490 493
490 211
490 492
490 330
490 211
490 211
494 493
494 330
494 211
494 211
492 492
492 495
492 496
492 497
492 498
492 499
492 500
492 2185
496 501
500 501
499 501
2185 501
498 501
497 501
493 491
331 254
332 254
333 1916
335 336
337 338
1917 1918
1919 1918
1920 1921
811 62
811 293
812 638
813 636
814 62
814 62
814 322
814 62
815 62
815 816
2139 2140
2141 2142
2141 62
2732 2733
2734 2735
2808 2809
2767 62
62 2729
62 2729
62 2729
62 62
62 62
62 62
62 2729
62 62
62 62
62 62
62 62
62 62
62 62
62 62
62 2729
62 62
62 2729
62 62
62 62
62 62
62 62
62 62
62 809
62 62
62 62
62 62
62 62
62 62
62 62
809 62
62 62
62 62
62 62
62 62
62 62
62 62
62 62
62 62
151 62
62 62
62 62
62 62
62 62
62 62
62 62
2772 62
2772 2077
2738 2772
2772 62
2772 2077
2738 2772
62 62
62 2073
62 62
62 62
62 62
62 2729
62 62
62 62
62 62
62 62
62 62
62 62
62 62
62 62
62 62
62 62
62 62
62 62
62 62
62 62
62 62
62 62
62 62
62 62
62 62
62 62
62 2729
62 62
62 62
62 62
62 62
62 62
62 62
62 62
62 62
62 62
62 62
62 62
62 2729
62 62
62 62
62 62
62 62
696 810
696 696
696 62
810 62
62 696
62 62
62 62
62 62
62 62
62 810
62 62
62 62
62 62
62 62
62 62
62 62
62 62
62 62
62 62
62 62
62 62
62 62
62 62
62 62
62 2143
62 2073
62 3048
62 2073
62 2075
62 2073
2729 2729
2729 2073
62 2075
62 2073
2729 2073
62 62
62 62
2077 62
2077 62
62 62
62 62
62 62
62 62
62 62
62 62
62 62
62 62
62 62
62 62
62 62
62 62
62 62
62 62
62 2144
62 2144
62 2144
62 2144
2145 62
2145 62
2145 62
2146 62
2146 62
2146 62
62 2146
62 62
62 2145
62 62
2463 62
2463 447
2463 62
2463 447
2472 62
2474 62
62 2474
2475 2463
62 2474
2477 2463
62 62
62 62
62 62
62 62
62 62
62 62
62 2773
62 62
62 2774
62 62
62 2146
62 2474
2752 2773
2752 62
2752 2774
2752 2145
2752 2463
2752 62
62 62
62 62
2726 62
2727 62
62 62
2736 62
62 62
62 62
62 447
62 447
2666 447
2666 447
62 62
62 62
62 62
62 62
744 62
744 745
744 62
746 747
746 62
748 749
750 751
752 753
752 62
754 755
754 62
756 62
756 757
758 62
758 759
758 62
760 62
760 761
760 62
762 62
762 62
762 763
764 765
764 62
2814 2815
777 62
777 778
777 62
779 2077
779 3090
779 62
779 780
779 62
779 62
779 2143
781 3091
781 3092
781 62
781 62
781 62
781 782
781 62
2088 62
2088 2089
2088 62
783 62
783 62
783 62
783 784
785 62
785 786
787 788
787 62
789 62
789 790
791 62
791 62
791 792
665 62
665 447
665 666
667 62
667 668
669 62
669 670
671 62
671 672
671 62
673 62
673 674
681 18
681 62
682 8
682 62
683 62
683 822
683 2736
683 180
683 62
684 822
684 38
684 62
684 62
685 41
686 62
686 67
687 69
688 62
688 689
690 62
690 62
690 691
690 62
692 62
692 62
692 62
692 693
692 62
694 62
694 184
695 696
695 15
697 45
698 43
699 46
3093 3094
700 48
701 62
701 111
702 50
702 62
703 4
704 20
705 100
706 71
706 62
707 62
707 78
707 62
2737 62
2737 2590
2737 2738
708 6
709 62
709 80
710 96
711 98
712 102
713 108
2147 62
2147 2118
2147 62
714 76
714 62
715 104
716 52
716 62
717 56
717 62
718 113
718 62
719 2073
719 115
720 182
721 117
722 62
722 34
723 36
724 62
724 725
724 62
726 62
726 62
726 62
726 727
728 10
728 62
729 730
729 731
732 730
732 733
734 106
735 59
735 62
736 82
737 84
738 90
739 92
740 86
741 88
741 62
742 94
742 62
743 54
2078 62
2078 2057
2078 1936
2079 62
2079 2057
2079 1938
2080 1940
2081 62
2081 2082
2081 62
2083 62
2083 1942
2084 62
2084 1944
2085 1946
2086 2087
2086 62
2148 2146
2148 2120
2149 2146
2149 2122
2150 2124
2151 2126
2152 2146
2152 2128
2153 2130
2153 62
2739 2740
2741 2742
2741 62
2743 2731
2743 62
2471 2472
2471 62
2471 2425
2473 2474
2473 2428
2473 2475
2476 2434
2476 2477
2478 2472
2478 2436
2744 62
2744 2745
2746 2747
2748 2749
2748 62
2750 2575
2751 2576
2751 2752
675 62
675 676
677 62
677 678
679 62
679 680
817 818
817 62
819 820
819 62
821 62
821 822
821 62
821 823
821 62
3095 3096
824 822
824 825
824 62
824 62
826 827
828 62
828 829
830 831
832 62
832 833
834 62
834 62
834 835
834 62
836 62
836 62
836 62
836 837
836 62
838 62
838 839
840 696
840 841
842 843
844 845
846 847
848 849
850 62
850 851
852 853
852 62
854 855
856 857
858 859
858 62
860 62
860 861
860 62
2753 62
2753 2754
2753 2738
862 863
864 62
864 865
866 867
868 869
870 871
872 873
874 875
2154 62
2154 2155
2154 62
876 877
876 62
878 879
880 881
880 62
882 883
882 883
882 62
884 885
884 62
886 2073
886 887
888 889
890 891
892 62
892 893
894 895
896 62
896 897
896 62
898 62
898 62
898 62
898 899
900 901
900 730
902 62
902 903
904 62
904 905
906 907
908 909
908 62
910 911
912 913
914 915
916 917
918 919
920 921
922 923
922 62
924 925
924 62
2056 62
2056 2057
2056 2058
2059 62
2059 2057
2059 2060
2061 2062
2063 62
2063 2064
2065 62
2065 2066
2067 62
2067 2068
2069 2070
2071 2072
2156 2145
2156 2157
2158 2145
2158 2159
2160 2161
2162 2163
2164 2145
2164 2165
2166 2167
2166 62
2755 2756
2757 2758
2757 62
2759 2760
2759 62
2462 2463
2462 62
2462 2464
2465 2463
2465 2466
2465 62
2467 2468
2467 62
2469 2463
2469 2470
2761 62
2761 2762
2763 2764
2765 2766
2765 2767
2768 2769
2770 2771
2770 62
639 62
639 640
639 62
641 642
641 62
643 644
645 646
647 648
647 62
649 62
649 650
651 62
651 652
651 62
653 62
653 654
653 62
655 62
655 62
655 656
657 658
657 62
659 660
659 62
2812 2813
793 62
793 794
793 62
795 62
795 2077
795 3090
795 796
795 62
795 62
795 62
797 62
797 62
797 62
797 798
797 62
2054 62
2054 2055
2054 62
799 62
799 62
799 62
799 800
801 62
801 802
803 804
803 62
805 62
805 806
807 62
807 62
807 808
766 766
767 62
767 768
769 770
771 772
773 62
773 62
773 774
773 62
775 62
775 776
2135 2136
2137 2138
2137 62
2775 2776
2777 2778
2810 2811
661 62
661 662
661 62
661 62
663 62
663 664
122 123
124 125
124 125
124 125
124 125
124 125
124 125
2105 2106
2105 2106
169 170
171 170
172 173
2090 170
2091 173
174 175
174 175
174 175
174 175
176 175
176 175
2092 2087
2095 2082
2095 2565
2095 2082
177 123
178 123
2730 2731
179 22
1918 1921
2111 2112
2688 2689
2688 2689
2690 2689
2691 2692
2693 2692
2093 2094
3091 3097
3098 2896
160 140
161 61
161 2728
161 62
161 62
161 162
161 65
163 61
163 62
163 2728
163 62
163 2073
163 62
163 2729
163 62
163 158
163 158
163 162
163 65
163 3099
164 61
164 62
164 2728
164 62
164 62
164 2729
165 61
165 62
165 2728
165 62
165 62
2109 61
2109 2728
2109 62
2110 61
2110 2728
166 61
166 2728
166 62
166 2073
166 62
166 62
167 61
167 2728
167 62
167 62
168 61
168 2728
168 62
168 62
2695 2696
2697 2698
2697 186
2697 187
2699 2696
2700 2701
2700 2702
2700 2703
2704 2705
2706 2707
2706 2708
2706 2709
2706 2710
2706 2711
2706 2712
2706 2713
2706 2714
2706 2715
2706 2716
2717 2035
2717 2698
2717 2701
2718 2035
2718 2698
2718 2698
2719 2720
2719 2709
2719 2708
2719 2721
2719 2713
2719 2722
2719 2723
2719 2724
2719 2715
2719 2725
2719 2716
2725 2708
2698 195
2709 61
2721 61
2721 62
2724 62
2716 2708
2708 2708
2711 2726
2712 61
2712 2727
3100 3101
141 61
135 136
135 136
136 137
138 139
138 139
140 138
144 145
146 147
146 148
146 144
149 147
149 150
149 2073
149 62
149 2729
149 150
149 148
149 62
149 151
149 144
152 147
152 62
152 2729
152 144
153 154
153 62
153 144
2107 62
2107 144
2108 144
155 154
155 2073
155 151
155 144
156 154
156 144
157 154
157 144
142 143
158 159
150 62
158 62
147 154
154 62
154 62
2728 2728
2728 2728
2728 158
126 2694
2113 2114
2115 2116
1 2
3 4
5 6
7 8
9 10
9 11
12 11
13 11
14 15
16 17
17 18
19 20
21 22
23 24
23 25
23 26
2797 2798
2797 2799
2800 2798
2800 2799
27 28
27 28
27 29
30 31
30 29
32 33
32 34
35 36
37 3102
37 38
37 39
40 41
2801 2747
2802 2749
42 43
44 45
42 46
3103 3094
47 48
49 50
51 52
53 54
55 56
2803 59
57 17
57 17
57 61
57 2842
57 62
63 65
63 61
63 2842
63 62
66 67
68 69
3104 71
75 76
77 78
2804 2590
79 80
81 82
83 84
85 86
87 88
89 90
91 92
93 94
1935 1936
1937 1938
1939 1940
1941 1942
1943 1944
1945 1946
95 96
97 98
99 100
101 102
103 104
105 106
107 108
2117 2118
109 33
110 33
110 111
112 113
114 115
3105 115
116 117
2119 2120
2121 2122
2123 2124
2125 2126
2127 2128
2129 2130
2805 2740
2806 2742
2423 2424
2423 2425
2426 2427
2426 2428
2426 2429
2430 2428
2430 2431
2430 2432
2430 2428
2430 2431
2433 2434
2433 2431
2435 2424
2435 2436
2807 2745
2131 310
2131 343
3127 3128
209 212
325 223
326 223
327 199
327 202
328 228
328 327
328 210
338 205
2564 493
2795 2796
330 2796
329 330
329 2796
2133 2133
2133 2104
2133 492
2134 52
2687 1003
236 237
234 235
1928 306
2102 2103
123 123
197 197
196 197
198 198
22 22
199 200
201 200
202 203
202 200
204 205
204 2567
2567 206
2567 207
2104 207
207 199
207 206
207 203
207 201
208 205
208 209
208 199
208 210
208 211
208 210
208 211
212 204
1929 204
1929 204
213 204
214 204
215 211
215 204
2568 211
2568 2567
216 212
216 217
218 219
219 205
219 209
219 203
219 220
219 220
219 221
219 220
222 223
224 223
224 225
224 225
224 226
1930 224
1930 226
1902 1931
225 202
227 202
227 202
228 229
230 229
231 229
229 205
229 223
223 205
223 206
223 199
223 206
223 202
223 223
232 233
232 203
232 203
233 205
1934 2569
1934 2569
1934 2569
1924 1931
1924 1932
1924 1933
1924 1934
2570 2571
363 364
2793 2794
29 180
181 182
3106 3107
3106 3107
183 184
3108 3109
3108 3110
3108 3109
3108 3111
2788 3109
2788 3110
2788 3109
2788 2791
1905 364
1905 599
1905 599
1906 364
1906 124
3112 364
3113 1913
619 527
620 616
620 618
620 613
620 613
620 613
612 613
612 613
612 613
612 613
614 615
614 616
614 617
614 618
621 622
621 623
624 625
610 611
600 601
602 562
626 627
626 627
626 338
626 2133
626 80
2456 80
2835 2809
2457 338
2457 2133
2457 96
2458 338
2458 2133
2458 100
2459 338
2459 2133
2459 102
2460 338
2460 2133
2460 106
628 588
628 1902
628 224
2168 338
2168 2133
2168 2134
2168 2133
2168 108
2461 338
2461 2133
2461 104
629 338
629 2133
629 221
629 490
630 338
630 2133
630 221
630 490
631 338
631 2133
631 221
631 490
2169 338
2169 2133
2169 221
2169 490
2786 2733
2787 2735
632 627
632 627
632 627
632 627
632 627
632 627
632 627
632 627
632 627
632 627
632 627
632 627
632 627
632 627
632 627
632 627
632 627
632 627
632 627
632 627
632 627
632 627
632 627
632 627
632 627
632 627
633 634
633 292
635 627
635 636
637 638
2170 627
2170 2140
2171 2142
591 592
591 592
591 592
591 593
1903 1904
596 1904
594 1904
594 595
1904 595
1907 3109
1907 3110
1907 3109
1907 3111
1914 1913
584 364
3114 2174
3114 2175
3114 2176
3114 2452
3115 2176
3116 2176
3117 2176
2173 2174
2173 2175
2173 2176
2784 524
2177 2174
2177 2175
2177 2176
2780 524
2178 2179
2179 2180
2179 2181
2179 2181
2179 2181
2450 2451
564 2172
564 1915
564 2172
564 2172
564 2172
564 2172
564 2172
564 2172
564 2172
566 567
566 2172
566 568
566 568
566 568
566 568
569 2172
570 568
571 2172
571 568
572 568
573 2172
573 2172
573 2172
573 568
573 568
573 2172
574 2172
575 2172
3118 3119
2451 2174
2451 2175
2451 2176
2451 2452
2451 2453
2451 2454
2451 2455
3120 246
3121 3119
3122 2782
3122 2783
3123 246
576 577
578 579
578 580
578 580
578 580
578 580
585 586
587 588
587 1902
587 224
589 586
589 586
589 3124
590 586
590 562
603 604
603 604
2779 604
2779 604
605 604
606 604
606 604
606 604
606 604
606 604
606 604
606 604
606 604
606 604
606 604
607 608
609 607
609 604
609 608
609 608
609 604
563 559
2449 228
2449 199
556 557
558 559
558 228
558 209
558 325
558 210
558 227
560 211
561 562
561 558
581 211
582 221
582 490
583 562
465 466
465 466
465 467
468 467
486 404
487 488
487 489
485 62
463 464
463 1924
1925 1902
469 208
469 470
2410 2411
2410 2412
471 404
471 472
471 2276
471 2413
471 2298
471 2299
477 478
479 480
481 480
482 483
482 483
483 484
2408 2409
438 439
440 441
442 62
442 443
444 62
444 445
446 447
446 448
449 450
451 452
453 454
455 456
457 458
459 460
461 462
2394 2395
2396 62
2396 2397
2398 2399
2400 62
2400 62
2400 2401
2402 2403
2404 2405
2406 2407
415 416
417 418
419 62
419 420
421 62
421 422
423 424
425 401
426 427
428 429
430 431
432 433
434 435
436 437
2380 2381
2382 2383
2384 62
2384 2385
2386 2387
2388 62
2388 62
2388 2389
2390 2391
2392 2393
402 402
403 404
405 406
405 406
405 407
402 408
402 403
409 406
410 407
410 411
410 412
2377 2378
2379 2378
365 366
367 368
369 370
371 372
1922 1923
375 376
375 377
378 379
378 377
380 381
380 377
382 383
382 377
384 385
384 377
386 387
386 377
388 389
388 377
390 391
390 377
392 393
392 377
394 395
394 377
2363 2364
2363 377
2365 2366
2365 377
2367 2368
2367 377
2369 2370
2369 377
2371 2372
2371 377
2373 2374
2373 377
2375 2376
2375 377
398 399
400 401
396 397
413 414
24 523
26 22
235 549
237 549
2574 2575
2574 2576
362 190
362 190
342 343
344 345
346 347
348 349
350 351
352 190
352 190
352 190
352 190
353 195
354 355
356 357
358 359
360 190
360 190
310 360
361 360
312 239
312 318
312 2356
2357 61
2358 2356
2359 2356
2360 2361
2362 185
2362 522
291 292
291 293
294 295
296 295
297 295
298 2096
301 302
301 303
304 2352
304 306
2354 2355
2354 2355
2354 308
2354 2355
2354 299
2354 299
2354 2096
2354 299
2354 299
314 315
314 316
317 299
2098 2099
2100 2101
318 319
318 320
318 2573
320 319
320 322
323 235
324 237
1885 2566
