16 -1 12 -1 -2
16 -1 7 -1 -2
25 -1 12 -1 -2
73 -1 7 -1 -2
19 -1 4 -1 -2
19 -1 2 -1 -2
19 -1 59 -1 -2
46 -1 7 -1 -2
74 -1 12 -1 -2
10 -1 12 -1 -2
10 -1 7 -1 -2
75 -1 12 -1 -2
22 -1 2 -1 -2
3 -1 4 -1 -2
3 -1 2 -1 -2
28 -1 12 -1 -2
28 -1 12 -1 -2
3 -1 76 -1 -2
3 -1 7 -1 -2
3 -1 63 -1 -2
3 -1 12 -1 -2
3 -1 7 -1 -2
3 -1 77 -1 -2
46 -1 7 -1 -2
46 -1 63 -1 -2
46 -1 59 -1 -2
9 -1 4 -1 -2
9 -1 12 -1 -2
9 -1 7 -1 -2
9 -1 2 -1 -2
8 -1 12 -1 -2
8 1 -1 12 -1 -2
8 1 -1 2 -1 -2
8 -1 12 -1 -2
28 -1 2 -1 -2
28 -1 29 -1 -2
15 -1 4 -1 -2
15 -1 2 -1 -2
49 -1 7 -1 -2
78 -1 12 -1 -2
78 -1 7 -1 -2
3 -1 79 -1 -2
3 -1 2 -1 -2
3 -1 27 -1 -2
3 -1 7 -1 -2
3 -1 79 -1 -2
44 -1 12 -1 -2
44 -1 2 -1 -2
22 -1 2 -1 -2
11 -1 12 -1 -2
11 -1 2 -1 -2
80 -1 2 -1 -2
