3 -1 53 -1 -2
3 -1 7 -1 -2
47 -1 12 -1 -2
15 -1 4 -1 -2
15 -1 71 -1 -2
15 -1 2 -1 -2
15 -1 4 -1 -2
15 -1 2 -1 -2
15 -1 4 -1 -2
15 -1 2 -1 -2
70 -1 4 -1 -2
70 -1 2 -1 -2
47 -1 7 -1 -2
47 -1 7 -1 -2
47 -1 76 -1 -2
47 -1 7 -1 -2
47 -1 7 -1 -2
47 -1 81 -1 -2
47 -1 82 -1 -2
83 -1 84 -1 -2
38 -1 12 -1 -2
74 -1 53 -1 -2
74 -1 7 -1 -2
74 -1 63 -1 -2
14 -1 12 -1 -2
85 -1 4 -1 -2
22 -1 4 -1 -2
22 -1 2 -1 -2
3 -1 86 -1 -2
74 -1 12 -1 -2
8 -1 7 -1 -2
3 -1 7 -1 -2
3 87 -1 12 -1 -2
3 87 -1 63 -1 -2
15 -1 4 -1 -2
15 -1 2 -1 -2
9 -1 4 -1 -2
9 -1 2 -1 -2
30 -1 7 -1 -2
30 -1 2 -1 -2
47 -1 12 -1 -2
