88 -1 12 -1 -2
19 -1 4 -1 -2
19 -1 77 -1 -2
19 -1 2 -1 -2
19 -1 4 -1 -2
19 -1 77 -1 -2
19 -1 2 -1 -2
19 -1 4 -1 -2
19 -1 77 -1 -2
19 -1 2 -1 -2
19 -1 4 -1 -2
19 -1 77 -1 -2
19 -1 2 -1 -2
19 -1 4 -1 -2
19 -1 77 -1 -2
19 -1 2 -1 -2
19 -1 4 -1 -2
19 -1 77 -1 -2
19 -1 2 -1 -2
19 -1 4 -1 -2
19 -1 2 -1 -2
36 -1 4 -1 -2
36 -1 2 -1 -2
46 -1 53 -1 -2
9 62 -1 4 -1 -2
9 62 -1 2 -1 -2
47 -1 12 -1 -2
47 -1 7 -1 -2
3 -1 79 -1 -2
3 -1 79 -1 -2
3 -1 79 -1 -2
25 -1 12 -1 -2
89 -1 12 -1 -2
89 -1 81 -1 -2
90 -1 12 -1 -2
91 -1 7 -1 -2
47 -1 12 -1 -2
47 -1 77 -1 -2
47 -1 4 -1 -2
47 -1 2 -1 -2
47 -1 7 -1 -2
8 -1 7 -1 -2
88 -1 12 -1 -2
88 -1 12 -1 -2
88 -1 84 -1 -2
19 -1 4 -1 -2
19 -1 2 -1 -2
92 -1 12 -1 -2
92 -1 2 -1 -2
47 -1 7 -1 -2
40 -1 12 -1 -2
93 -1 12 -1 -2
8 -1 12 -1 -2
3 -1 27 -1 -2
3 -1 7 -1 -2
3 -1 2 -1 -2
3 -1 12 -1 -2
3 -1 7 -1 -2
3 -1 12 -1 -2
3 -1 59 -1 -2
3 -1 7 -1 -2
3 -1 4 -1 -2
3 -1 2 -1 -2
3 -1 7 -1 -2
3 -1 4 -1 -2
3 -1 29 -1 -2
3 -1 7 -1 -2
3 -1 59 -1 -2
3 -1 2 -1 -2
74 -1 4 -1 -2
74 -1 2 -1 -2
46 -1 53 -1 -2
46 -1 7 -1 -2
1 -1 7 -1 -2
1 -1 63 -1 -2
1 -1 59 -1 -2
1 -1 4 -1 -2
94 -1 12 -1 -2
8 28 -1 12 -1 -2
8 -1 12 -1 -2
8 -1 12 -1 -2
3 -1 4 -1 -2
95 -1 4 -1 -2
95 -1 2 -1 -2
96 -1 84 -1 -2
15 -1 4 -1 -2
15 -1 2 -1 -2
97 -1 53 -1 -2
97 -1 12 -1 -2
97 -1 63 -1 -2
22 -1 7 -1 -2
3 -1 7 -1 -2
47 -1 53 -1 -2
47 -1 7 -1 -2
47 -1 82 -1 -2
46 -1 77 -1 -2
46 -1 2 -1 -2
