49 -1 7 -1 -2
49 -1 63 -1 -2
88 -1 12 -1 -2
47 -1 7 -1 -2
22 -1 7 -1 -2
22 -1 71 -1 -2
22 -1 63 -1 -2
47 -1 7 -1 -2
47 -1 63 -1 -2
98 -1 12 -1 -2
88 -1 12 -1 -2
88 -1 12 -1 -2
31 -1 99 -1 -2
47 -1 76 -1 -2
47 -1 7 -1 -2
100 -1 4 -1 -2
14 -1 2 -1 -2
101 -1 4 -1 -2
101 -1 2 -1 -2
102 -1 2 -1 -2
15 -1 27 -1 -2
15 -1 4 -1 -2
15 -1 2 -1 -2
55 -1 12 -1 -2
3 -1 4 -1 -2
3 -1 2 -1 -2
22 -1 12 -1 -2
9 -1 12 -1 -2
103 -1 7 -1 -2
3 -1 2 -1 -2
22 -1 4 -1 -2
22 -1 2 -1 -2
3 -1 79 -1 -2
3 -1 79 -1 -2
3 -1 79 -1 -2
3 -1 79 -1 -2
3 -1 79 -1 -2
3 -1 79 -1 -2
25 -1 12 -1 -2
25 -1 12 -1 -2
25 -1 12 -1 -2
25 -1 7 -1 -2
25 -1 59 -1 -2
44 -1 4 -1 -2
44 -1 2 -1 -2
89 -1 12 -1 -2
47 -1 7 -1 -2
47 -1 77 -1 -2
47 -1 12 -1 -2
47 -1 7 -1 -2
47 -1 84 -1 -2
47 -1 32 -1 -2
6 -1 7 -1 -2
15 -1 4 -1 -2
15 -1 2 -1 -2
3 -1 79 -1 -2
3 -1 79 -1 -2
94 -1 79 -1 -2
47 -1 7 -1 -2
47 -1 7 -1 -2
47 -1 77 -1 -2
102 -1 12 -1 -2
47 -1 53 -1 -2
47 -1 7 -1 -2
104 -1 67 -1 -2
104 -1 4 -1 -2
104 -1 2 -1 -2
25 -1 12 -1 -2
3 -1 4 -1 -2
3 -1 2 -1 -2
28 -1 2 -1 -2
6 -1 2 -1 -2
47 -1 2 -1 -2
6 -1 2 -1 -2
49 -1 4 -1 -2
49 -1 2 -1 -2
40 -1 7 -1 -2
105 49 -1 7 -1 -2
106 -1 2 -1 -2
3 -1 2 -1 -2
3 -1 7 -1 -2
3 -1 63 -1 -2
3 -1 12 -1 -2
3 -1 63 -1 -2
3 -1 4 -1 -2
3 -1 2 -1 -2
3 -1 12 -1 -2
3 -1 7 -1 -2
3 -1 7 -1 -2
3 -1 86 -1 -2
3 -1 12 -1 -2
3 -1 4 -1 -2
10 -1 86 -1 -2
10 -1 53 -1 -2
10 -1 7 -1 -2
31 -1 2 -1 -2
31 -1 4 -1 -2
6 -1 4 -1 -2
23 -1 4 -1 -2
107 -1 7 -1 -2
107 -1 63 -1 -2
8 -1 2 -1 -2
42 -1 4 -1 -2
42 -1 2 -1 -2
3 -1 79 -1 -2
3 -1 79 -1 -2
3 -1 79 -1 -2
3 -1 79 -1 -2
3 -1 79 -1 -2
3 -1 79 -1 -2
3 -1 79 -1 -2
3 -1 79 -1 -2
3 -1 79 -1 -2
3 -1 79 -1 -2
78 -1 12 -1 -2
78 -1 32 -1 -2
100 -1 4 -1 -2
100 -1 77 -1 -2
108 -1 4 -1 -2
3 -1 2 -1 -2
97 -1 4 -1 -2
103 -1 51 -1 -2
109 -1 4 -1 -2
109 -1 2 -1 -2
52 -1 7 -1 -2
40 -1 7 -1 -2
1 -1 4 -1 -2
18 -1 7 -1 -2
110 -1 12 -1 -2
110 -1 63 -1 -2
47 -1 12 -1 -2
47 -1 77 -1 -2
47 -1 7 -1 -2
47 -1 12 -1 -2
47 -1 32 -1 -2
47 -1 12 -1 -2
94 -1 12 -1 -2
