88 -1 12 -1 -2
102 -1 84 -1 -2
102 -1 77 -1 -2
78 -1 7 -1 -2
78 -1 63 -1 -2
90 -1 7 -1 -2
90 -1 63 -1 -2
17 -1 7 -1 -2
3 -1 79 -1 -2
9 -1 7 -1 -2
74 -1 12 -1 -2
8 -1 12 -1 -2
22 -1 51 -1 -2
3 -1 4 -1 -2
100 -1 86 -1 -2
22 -1 86 -1 -2
22 -1 7 -1 -2
22 -1 51 -1 -2
62 -1 2 -1 -2
18 -1 7 -1 -2
6 -1 4 -1 -2
111 -1 12 -1 -2
13 -1 2 -1 -2
15 -1 4 -1 -2
15 -1 2 -1 -2
22 -1 67 -1 -2
22 -1 2 -1 -2
3 -1 79 -1 -2
3 -1 79 -1 -2
37 -1 4 -1 -2
22 -1 4 -1 -2
22 -1 2 -1 -2
13 -1 4 -1 -2
13 -1 2 -1 -2
112 -1 12 -1 -2
88 -1 12 -1 -2
47 -1 32 -1 -2
113 -1 4 -1 -2
113 -1 2 -1 -2
47 -1 7 -1 -2
47 -1 84 -1 -2
47 -1 32 -1 -2
19 -1 4 -1 -2
28 -1 29 -1 -2
114 -1 86 -1 -2
3 -1 7 -1 -2
3 -1 81 -1 -2
115 -1 12 -1 -2
115 -1 63 -1 -2
116 -1 4 -1 -2
117 -1 12 -1 -2
19 -1 4 -1 -2
95 -1 7 -1 -2
22 -1 7 -1 -2
22 -1 7 -1 -2
40 -1 12 -1 -2
3 -1 2 -1 -2
6 -1 7 -1 -2
6 -1 2 -1 -2
6 -1 82 -1 -2
118 -1 2 -1 -2
36 -1 2 -1 -2
85 -1 4 -1 -2
85 -1 2 -1 -2
13 -1 4 -1 -2
119 119 -1 86 -1 -2
119 119 -1 53 -1 -2
119 119 -1 12 -1 -2
119 119 -1 84 -1 -2
31 -1 4 -1 -2
31 -1 2 -1 -2
13 -1 4 -1 -2
3 -1 12 -1 -2
3 -1 12 -1 -2
3 -1 81 -1 -2
3 -1 7 -1 -2
3 -1 7 -1 -2
3 -1 12 -1 -2
3 -1 12 -1 -2
3 -1 2 -1 -2
3 -1 4 -1 -2
3 -1 4 -1 -2
3 -1 7 -1 -2
3 -1 2 -1 -2
3 -1 2 -1 -2
62 -1 7 -1 -2
119 -1 12 -1 -2
119 -1 7 -1 -2
9 -1 2 -1 -2
31 -1 7 -1 -2
3 -1 12 -1 -2
120 -1 2 -1 -2
46 -1 12 -1 -2
46 -1 7 -1 -2
38 -1 4 -1 -2
112 -1 76 -1 -2
121 -1 12 -1 -2
97 -1 4 -1 -2
97 -1 2 -1 -2
3 -1 79 -1 -2
3 -1 79 -1 -2
3 -1 79 -1 -2
3 -1 79 -1 -2
3 -1 79 -1 -2
3 -1 79 -1 -2
3 -1 79 -1 -2
3 -1 79 -1 -2
3 -1 79 -1 -2
9 -1 7 -1 -2
9 -1 63 -1 -2
22 -1 7 -1 -2
97 -1 7 -1 -2
36 -1 2 -1 -2
3 -1 4 -1 -2
73 -1 7 -1 -2
119 -1 4 -1 -2
19 -1 27 -1 -2
19 -1 79 -1 -2
3 -1 67 -1 -2
3 -1 2 -1 -2
102 -1 86 -1 -2
122 -1 86 -1 -2
14 -1 12 -1 -2
14 -1 7 -1 -2
14 -1 77 -1 -2
9 -1 86 -1 -2
9 -1 76 -1 -2
3 -1 7 -1 -2
44 -1 12 -1 -2
44 -1 7 -1 -2
44 -1 63 -1 -2
100 -1 77 -1 -2
123 -1 12 -1 -2
60 -1 4 -1 -2
119 -1 86 -1 -2
119 -1 124 -1 -2
