47 -1 7 -1 -2
125 -1 12 -1 -2
125 -1 79 -1 -2
125 -1 99 -1 -2
126 -1 53 -1 -2
126 -1 7 -1 -2
126 -1 71 -1 -2
19 -1 4 -1 -2
3 -1 7 -1 -2
45 -1 77 -1 -2
23 -1 127 -1 -2
3 -1 7 -1 -2
3 -1 82 -1 -2
3 -1 4 -1 -2
23 -1 7 -1 -2
128 -1 67 -1 -2
128 -1 12 -1 -2
128 -1 84 -1 -2
128 -1 32 -1 -2
129 -1 67 -1 -2
129 -1 12 -1 -2
129 -1 84 -1 -2
129 -1 32 -1 -2
19 -1 79 -1 -2
28 -1 127 -1 -2
28 -1 53 -1 -2
108 -1 67 -1 -2
108 -1 32 -1 -2
88 -1 12 -1 -2
6 -1 7 -1 -2
47 -1 7 -1 -2
47 -1 63 -1 -2
130 -1 84 -1 -2
109 -1 2 -1 -2
131 -1 4 -1 -2
131 -1 2 -1 -2
22 -1 2 -1 -2
16 -1 4 -1 -2
132 -1 63 -1 -2
9 -1 2 -1 -2
110 -1 86 -1 -2
133 -1 12 -1 -2
13 -1 134 -1 -2
30 -1 134 -1 -2
47 -1 12 -1 -2
72 -1 7 -1 -2
23 -1 4 -1 -2
22 -1 2 -1 -2
3 -1 79 -1 -2
3 -1 79 -1 -2
3 -1 79 -1 -2
3 -1 79 -1 -2
3 -1 79 -1 -2
3 -1 79 -1 -2
3 -1 79 -1 -2
3 -1 79 -1 -2
3 -1 79 -1 -2
40 -1 4 -1 -2
119 119 -1 12 -1 -2
16 -1 7 -1 -2
16 -1 2 -1 -2
25 -1 12 -1 -2
3 -1 4 -1 -2
47 -1 81 -1 -2
107 -1 12 -1 -2
107 -1 77 -1 -2
107 -1 63 -1 -2
3 -1 86 -1 -2
96 -1 134 -1 -2
96 -1 2 -1 -2
119 -1 86 -1 -2
119 -1 12 -1 -2
135 -1 86 -1 -2
135 -1 76 -1 -2
135 -1 7 -1 -2
135 -1 82 -1 -2
135 -1 86 -1 -2
135 -1 76 -1 -2
135 -1 63 -1 -2
91 -1 12 -1 -2
91 -1 12 -1 -2
136 -1 134 -1 -2
137 -1 2 -1 -2
138 -1 2 -1 -2
103 -1 86 -1 -2
119 -1 12 -1 -2
96 -1 12 -1 -2
89 -1 12 -1 -2
97 -1 4 -1 -2
97 -1 2 -1 -2
109 -1 12 -1 -2
28 -1 67 -1 -2
100 -1 12 -1 -2
40 -1 7 -1 -2
40 -1 63 -1 -2
72 -1 12 -1 -2
139 -1 4 -1 -2
139 -1 2 -1 -2
52 -1 4 -1 -2
22 -1 124 -1 -2
22 -1 7 -1 -2
40 -1 7 -1 -2
40 -1 2 -1 -2
8 -1 4 -1 -2
6 -1 7 -1 -2
6 -1 27 -1 -2
6 -1 7 -1 -2
6 -1 71 -1 -2
8 -1 7 -1 -2
140 -1 4 -1 -2
3 -1 2 -1 -2
3 -1 53 -1 -2
3 -1 63 -1 -2
3 -1 29 -1 -2
3 -1 12 -1 -2
3 -1 7 -1 -2
3 -1 4 -1 -2
3 -1 4 -1 -2
3 -1 76 -1 -2
3 -1 7 -1 -2
3 24 -1 7 -1 -2
3 -1 7 -1 -2
31 -1 4 -1 -2
141 -1 12 -1 -2
6 -1 7 -1 -2
31 -1 2 -1 -2
1 -1 2 -1 -2
109 -1 7 -1 -2
109 -1 2 -1 -2
88 -1 12 -1 -2
31 -1 4 -1 -2
6 -1 4 -1 -2
6 -1 2 -1 -2
87 -1 7 -1 -2
65 -1 79 -1 -2
142 -1 7 -1 -2
142 -1 84 -1 -2
142 -1 63 -1 -2
142 -1 82 -1 -2
47 -1 86 -1 -2
3 -1 79 -1 -2
3 -1 79 -1 -2
3 -1 79 -1 -2
3 -1 79 -1 -2
3 -1 79 -1 -2
3 -1 79 -1 -2
3 -1 79 -1 -2
3 -1 79 -1 -2
3 -1 79 -1 -2
3 -1 79 -1 -2
3 -1 79 -1 -2
8 -1 12 -1 -2
8 -1 12 -1 -2
9 -1 7 -1 -2
9 -1 2 -1 -2
26 -1 2 -1 -2
143 -1 144 -1 -2
109 -1 7 -1 -2
119 -1 12 -1 -2
145 -1 12 -1 -2
16 -1 7 -1 -2
102 -1 12 -1 -2
102 -1 63 -1 -2
96 -1 7 -1 -2
96 -1 63 -1 -2
8 -1 4 -1 -2
8 -1 2 -1 -2
6 -1 27 -1 -2
9 -1 2 -1 -2
28 -1 7 -1 -2
31 -1 12 -1 -2
96 -1 7 -1 -2
135 -1 144 -1 -2
97 -1 7 -1 -2
16 -1 12 -1 -2
108 -1 12 -1 -2
78 -1 12 -1 -2
78 -1 7 -1 -2
78 -1 7 -1 -2
47 -1 4 -1 -2
42 -1 84 -1 -2
119 -1 12 -1 -2
3 -1 79 -1 -2
