3 -1 7 -1 -2
3 -1 63 -1 -2
88 -1 12 -1 -2
88 -1 12 -1 -2
119 -1 53 -1 -2
119 -1 12 -1 -2
119 -1 84 -1 -2
119 -1 79 -1 -2
47 -1 76 -1 -2
88 -1 12 -1 -2
146 -1 67 -1 -2
146 -1 12 -1 -2
146 -1 7 -1 -2
146 -1 124 -1 -2
102 -1 12 -1 -2
102 -1 99 -1 -2
3 -1 2 -1 -2
70 -1 12 -1 -2
98 -1 12 -1 -2
98 -1 63 -1 -2
10 -1 12 -1 -2
3 -1 12 -1 -2
3 -1 79 -1 -2
3 -1 99 -1 -2
47 -1 67 -1 -2
47 -1 12 -1 -2
47 -1 84 -1 -2
47 -1 32 -1 -2
90 -1 27 -1 -2
90 -1 7 -1 -2
147 -1 7 -1 -2
147 -1 82 -1 -2
6 -1 76 -1 -2
103 -1 99 -1 -2
148 -1 67 -1 -2
148 -1 12 -1 -2
149 -1 99 -1 -2
98 -1 12 -1 -2
3 -1 4 -1 -2
98 -1 99 -1 -2
94 -1 12 -1 -2
94 -1 63 -1 -2
62 -1 2 -1 -2
13 -1 134 -1 -2
143 -1 12 -1 -2
68 -1 4 -1 -2
31 -1 4 -1 -2
31 -1 2 -1 -2
30 -1 4 -1 -2
70 -1 12 -1 -2
70 -1 63 -1 -2
119 -1 86 -1 -2
119 -1 67 -1 -2
119 -1 12 -1 -2
119 -1 84 -1 -2
119 -1 32 -1 -2
119 -1 63 -1 -2
150 -1 2 -1 -2
151 -1 12 -1 -2
125 -1 134 -1 -2
125 -1 134 -1 -2
125 -1 134 -1 -2
125 -1 134 -1 -2
135 -1 86 -1 -2
135 -1 7 -1 -2
13 -1 2 -1 -2
16 -1 86 -1 -2
44 -1 4 -1 -2
101 -1 84 -1 -2
101 -1 79 -1 -2
3 -1 12 -1 -2
3 -1 7 -1 -2
3 -1 63 -1 -2
3 -1 2 -1 -2
3 -1 79 -1 -2
3 -1 79 -1 -2
3 -1 79 -1 -2
3 -1 79 -1 -2
3 -1 79 -1 -2
3 -1 79 -1 -2
3 -1 79 -1 -2
3 -1 79 -1 -2
152 -1 4 -1 -2
31 -1 2 -1 -2
49 -1 2 -1 -2
13 -1 7 -1 -2
13 -1 63 -1 -2
112 -1 12 -1 -2
112 -1 12 -1 -2
112 -1 12 -1 -2
112 -1 63 -1 -2
112 -1 12 -1 -2
153 -1 4 -1 -2
153 -1 79 -1 -2
103 -1 79 -1 -2
19 -1 4 -1 -2
19 -1 2 -1 -2
47 -1 12 -1 -2
47 -1 82 -1 -2
47 -1 4 -1 -2
47 -1 4 -1 -2
47 -1 2 -1 -2
47 -1 2 -1 -2
47 -1 2 -1 -2
47 -1 2 -1 -2
13 -1 134 -1 -2
38 -1 7 -1 -2
38 -1 2 -1 -2
16 -1 7 -1 -2
70 -1 7 -1 -2
46 -1 27 -1 -2
46 -1 7 -1 -2
6 -1 67 -1 -2
6 -1 2 -1 -2
135 -1 86 -1 -2
45 -1 4 -1 -2
96 96 -1 7 -1 -2
91 -1 86 -1 -2
107 -1 12 -1 -2
154 -1 79 -1 -2
115 -1 2 -1 -2
96 -1 12 -1 -2
128 -1 134 -1 -2
128 -1 67 -1 -2
128 -1 124 -1 -2
141 -1 12 -1 -2
141 -1 32 -1 -2
141 -1 63 -1 -2
94 -1 7 -1 -2
94 -1 77 -1 -2
94 -1 63 -1 -2
88 -1 4 -1 -2
88 -1 2 -1 -2
119 -1 86 -1 -2
119 -1 12 -1 -2
119 -1 32 -1 -2
47 -1 7 -1 -2
47 -1 84 -1 -2
47 -1 32 -1 -2
100 -1 7 -1 -2
155 -1 134 -1 -2
128 -1 134 -1 -2
28 -1 7 -1 -2
74 -1 12 -1 -2
74 -1 63 -1 -2
74 -1 12 -1 -2
74 -1 2 -1 -2
74 -1 12 -1 -2
33 -1 4 -1 -2
13 -1 4 -1 -2
47 -1 7 -1 -2
3 -1 4 -1 -2
45 -1 12 -1 -2
45 -1 81 -1 -2
52 -1 12 -1 -2
22 -1 81 -1 -2
22 -1 2 -1 -2
22 -1 82 -1 -2
22 -1 82 -1 -2
23 -1 7 -1 -2
47 -1 2 -1 -2
46 -1 2 -1 -2
74 -1 7 -1 -2
74 -1 2 -1 -2
6 -1 4 -1 -2
6 -1 2 -1 -2
6 -1 7 -1 -2
118 -1 32 -1 -2
118 -1 2 -1 -2
47 -1 7 -1 -2
136 -1 2 -1 -2
119 -1 12 -1 -2
156 -1 4 -1 -2
68 -1 4 -1 -2
41 -1 7 -1 -2
15 -1 4 -1 -2
15 -1 2 -1 -2
47 -1 2 -1 -2
58 -1 12 -1 -2
58 -1 32 -1 -2
13 -1 2 -1 -2
3 -1 7 -1 -2
3 -1 7 -1 -2
3 -1 67 -1 -2
3 -1 2 -1 -2
3 -1 2 -1 -2
3 -1 7 -1 -2
3 -1 4 -1 -2
3 -1 2 -1 -2
10 -1 2 -1 -2
9 -1 2 -1 -2
9 -1 7 -1 -2
9 -1 2 -1 -2
68 -1 2 -1 -2
6 -1 12 -1 -2
157 -1 12 -1 -2
157 -1 2 -1 -2
46 -1 2 -1 -2
46 -1 7 -1 -2
46 -1 2 -1 -2
158 -1 4 -1 -2
158 -1 2 -1 -2
159 -1 2 -1 -2
126 -1 2 -1 -2
30 -1 12 -1 -2
55 -1 12 -1 -2
55 -1 2 -1 -2
38 -1 86 -1 -2
38 -1 7 -1 -2
38 -1 82 -1 -2
3 -1 79 -1 -2
3 -1 79 -1 -2
3 -1 79 -1 -2
3 -1 79 -1 -2
3 -1 79 -1 -2
3 -1 77 -1 -2
3 -1 79 -1 -2
3 -1 79 -1 -2
3 -1 79 -1 -2
47 -1 7 -1 -2
47 -1 144 -1 -2
47 -1 81 -1 -2
9 -1 4 -1 -2
3 -1 4 -1 -2
91 -1 4 -1 -2
91 -1 2 -1 -2
47 -1 12 -1 -2
160 -1 2 -1 -2
109 -1 2 -1 -2
31 -1 4 -1 -2
31 -1 2 -1 -2
22 -1 4 -1 -2
22 -1 2 -1 -2
65 -1 4 -1 -2
65 -1 2 -1 -2
13 -1 2 -1 -2
3 -1 2 -1 -2
122 -1 134 -1 -2
100 -1 2 -1 -2
135 -1 86 -1 -2
135 -1 53 -1 -2
135 -1 32 -1 -2
135 -1 63 -1 -2
161 -1 162 -1 -2
60 -1 2 -1 -2
47 -1 7 -1 -2
47 -1 2 -1 -2
163 -1 7 -1 -2
14 -1 7 -1 -2
135 -1 86 -1 -2
135 -1 7 -1 -2
103 -1 7 -1 -2
103 -1 144 -1 -2
103 -1 82 -1 -2
47 -1 7 -1 -2
47 -1 71 -1 -2
107 -1 12 -1 -2
107 -1 144 -1 -2
3 -1 4 -1 -2
3 -1 79 -1 -2
126 -1 2 -1 -2
155 -1 134 -1 -2
96 -1 124 -1 -2
96 -1 2 -1 -2
46 -1 12 -1 -2
46 -1 7 -1 -2
47 -1 32 -1 -2
47 -1 2 -1 -2
149 -1 2 -1 -2
47 -1 134 -1 -2
164 -1 7 -1 -2
3 -1 12 -1 -2
46 -1 12 -1 -2
46 -1 7 -1 -2
47 -1 12 -1 -2
47 -1 86 -1 -2
47 -1 12 -1 -2
47 -1 84 -1 -2
47 -1 4 -1 -2
108 -1 76 -1 -2
108 -1 4 -1 -2
108 -1 7 -1 -2
88 -1 12 -1 -2
19 -1 4 -1 -2
19 -1 2 -1 -2
152 -1 12 -1 -2
9 -1 12 -1 -2
9 -1 2 -1 -2
6 -1 4 -1 -2
122 -1 2 -1 -2
13 -1 2 -1 -2
