89 -1 12 -1 -2
89 -1 127 -1 -2
165 -1 4 -1 -2
47 -1 12 -1 -2
47 -1 7 -1 -2
47 -1 84 -1 -2
47 -1 77 -1 -2
70 -1 86 -1 -2
70 -1 82 -1 -2
103 -1 84 -1 -2
47 -1 7 -1 -2
47 -1 63 -1 -2
88 -1 99 -1 -2
166 -1 127 -1 -2
88 -1 12 -1 -2
88 -1 12 -1 -2
87 -1 127 -1 -2
141 -1 12 -1 -2
96 -1 162 -1 -2
70 -1 7 -1 -2
167 -1 12 -1 -2
167 -1 99 -1 -2
168 -1 12 -1 -2
19 -1 77 -1 -2
16 -1 76 -1 -2
16 -1 7 -1 -2
16 -1 81 -1 -2
97 -1 162 -1 -2
96 -1 12 -1 -2
96 -1 4 -1 -2
103 -1 12 -1 -2
13 -1 12 -1 -2
13 -1 63 -1 -2
68 -1 4 -1 -2
3 -1 7 -1 -2
3 -1 27 -1 -2
3 -1 71 -1 -2
3 -1 99 -1 -2
3 -1 84 -1 -2
3 -1 12 -1 -2
3 -1 4 -1 -2
3 -1 99 -1 -2
3 -1 12 -1 -2
112 -1 84 -1 -2
26 -1 67 -1 -2
169 -1 86 -1 -2
169 -1 67 -1 -2
169 -1 7 -1 -2
169 -1 32 -1 -2
65 -1 27 -1 -2
65 -1 4 -1 -2
50 -1 4 -1 -2
3 -1 2 -1 -2
152 -1 4 -1 -2
170 -1 12 -1 -2
88 -1 12 -1 -2
88 -1 79 -1 -2
109 -1 99 -1 -2
47 -1 76 -1 -2
47 -1 7 -1 -2
46 -1 4 -1 -2
171 -1 4 -1 -2
172 -1 4 -1 -2
47 -1 7 -1 -2
100 -1 127 -1 -2
42 -1 127 -1 -2
42 -1 79 -1 -2
42 -1 162 -1 -2
173 -1 99 -1 -2
96 -1 63 -1 -2
19 -1 162 -1 -2
47 -1 84 -1 -2
47 -1 32 -1 -2
47 -1 63 -1 -2
174 -1 12 -1 -2
174 -1 99 -1 -2
70 -1 7 -1 -2
96 -1 67 -1 -2
96 -1 12 -1 -2
96 -1 7 -1 -2
96 -1 32 -1 -2
96 -1 63 -1 -2
166 -1 7 -1 -2
65 -1 7 -1 -2
128 -1 134 -1 -2
100 -1 134 -1 -2
119 -1 12 -1 -2
119 -1 7 -1 -2
70 -1 76 -1 -2
70 -1 7 -1 -2
70 -1 76 -1 -2
70 -1 7 -1 -2
112 -1 4 -1 -2
157 -1 4 -1 -2
175 -1 86 -1 -2
175 -1 12 -1 -2
3 -1 4 -1 -2
3 -1 2 -1 -2
176 -1 4 -1 -2
176 -1 2 -1 -2
22 -1 82 -1 -2
155 -1 134 -1 -2
34 -1 4 -1 -2
43 -1 86 -1 -2
43 -1 12 -1 -2
46 -1 4 -1 -2
47 -1 7 -1 -2
47 -1 2 -1 -2
128 -1 134 -1 -2
3 -1 32 -1 -2
3 -1 2 -1 -2
119 -1 134 -1 -2
19 -1 27 -1 -2
19 -1 2 -1 -2
177 -1 12 -1 -2
177 -1 7 -1 -2
107 -1 12 -1 -2
178 -1 4 -1 -2
178 -1 79 -1 -2
179 -1 7 -1 -2
180 -1 12 -1 -2
139 -1 4 -1 -2
139 -1 2 -1 -2
13 -1 4 -1 -2
13 -1 84 -1 -2
1 -1 4 -1 -2
1 -1 2 -1 -2
9 -1 67 -1 -2
9 -1 2 -1 -2
3 -1 2 -1 -2
44 -1 4 -1 -2
155 -1 134 -1 -2
155 -1 134 -1 -2
155 -1 134 -1 -2
155 155 -1 134 -1 -2
128 -1 134 -1 -2
128 -1 134 -1 -2
128 -1 134 -1 -2
3 -1 4 -1 -2
18 -1 7 -1 -2
17 -1 4 -1 -2
100 -1 4 -1 -2
155 -1 134 -1 -2
3 -1 12 -1 -2
98 -1 2 -1 -2
181 -1 12 -1 -2
181 -1 2 -1 -2
13 -1 4 -1 -2
176 -1 4 -1 -2
176 -1 2 -1 -2
125 -1 7 -1 -2
40 -1 4 -1 -2
40 -1 2 -1 -2
175 -1 67 -1 -2
175 -1 84 -1 -2
3 -1 84 -1 -2
3 -1 79 -1 -2
171 -1 12 -1 -2
171 -1 2 -1 -2
6 -1 4 -1 -2
128 155 -1 134 -1 -2
22 -1 7 -1 -2
22 -1 84 -1 -2
22 -1 2 -1 -2
22 -1 7 -1 -2
22 -1 2 -1 -2
125 -1 134 -1 -2
125 -1 134 -1 -2
125 -1 134 -1 -2
125 -1 134 -1 -2
125 -1 134 -1 -2
125 -1 134 -1 -2
125 -1 134 -1 -2
125 -1 134 -1 -2
125 -1 134 -1 -2
125 -1 134 -1 -2
168 -1 12 -1 -2
168 -1 84 -1 -2
159 -1 144 -1 -2
159 -1 2 -1 -2
100 -1 12 -1 -2
158 -1 4 -1 -2
91 -1 86 -1 -2
91 -1 76 -1 -2
91 -1 82 -1 -2
91 -1 4 -1 -2
182 -1 79 -1 -2
182 -1 79 -1 -2
183 -1 4 -1 -2
183 -1 4 -1 -2
3 -1 79 -1 -2
3 -1 79 -1 -2
3 -1 79 -1 -2
3 -1 79 -1 -2
3 -1 79 -1 -2
184 -1 79 -1 -2
184 -1 2 -1 -2
102 -1 67 -1 -2
102 -1 2 -1 -2
47 -1 32 -1 -2
47 -1 82 -1 -2
173 -1 134 -1 -2
185 -1 4 -1 -2
112 -1 4 -1 -2
112 -1 2 -1 -2
25 -1 12 -1 -2
25 -1 2 -1 -2
112 -1 71 -1 -2
112 -1 2 -1 -2
3 -1 12 -1 -2
3 -1 63 -1 -2
24 -1 79 -1 -2
186 -1 4 -1 -2
159 -1 7 -1 -2
159 -1 2 -1 -2
157 -1 4 -1 -2
157 -1 2 -1 -2
187 -1 4 -1 -2
187 -1 2 -1 -2
98 -1 7 -1 -2
98 -1 2 -1 -2
119 -1 134 -1 -2
119 -1 134 -1 -2
20 -1 7 -1 -2
20 -1 2 -1 -2
188 -1 76 -1 -2
155 -1 4 -1 -2
166 -1 86 -1 -2
166 -1 7 -1 -2
166 -1 124 -1 -2
166 -1 2 -1 -2
160 -1 7 -1 -2
47 -1 2 -1 -2
98 -1 12 -1 -2
103 -1 4 -1 -2
103 -1 2 -1 -2
157 -1 4 -1 -2
189 -1 7 -1 -2
189 -1 2 -1 -2
91 -1 7 -1 -2
91 -1 2 -1 -2
91 -1 7 -1 -2
91 -1 2 -1 -2
91 -1 4 -1 -2
91 -1 2 -1 -2
91 -1 27 -1 -2
91 -1 4 -1 -2
47 -1 2 -1 -2
47 -1 7 -1 -2
47 -1 2 -1 -2
47 -1 4 -1 -2
47 -1 2 -1 -2
47 -1 2 -1 -2
47 -1 51 -1 -2
47 -1 86 -1 -2
47 -1 7 -1 -2
47 -1 79 -1 -2
37 -1 12 -1 -2
37 -1 2 -1 -2
139 -1 4 -1 -2
139 -1 2 -1 -2
139 -1 4 -1 -2
139 -1 2 -1 -2
131 -1 12 -1 -2
131 -1 4 -1 -2
98 -1 2 -1 -2
23 -1 2 -1 -2
100 -1 134 -1 -2
3 -1 27 -1 -2
3 -1 4 -1 -2
40 -1 7 -1 -2
47 -1 4 -1 -2
47 -1 2 -1 -2
6 -1 4 -1 -2
190 -1 12 -1 -2
190 -1 2 -1 -2
128 -1 134 -1 -2
135 -1 86 -1 -2
135 -1 76 -1 -2
135 -1 7 -1 -2
191 -1 2 -1 -2
192 -1 86 -1 -2
88 -1 12 -1 -2
137 -1 7 -1 -2
137 -1 2 -1 -2
9 -1 2 -1 -2
141 -1 2 -1 -2
135 -1 7 -1 -2
135 -1 63 -1 -2
44 -1 4 -1 -2
154 -1 4 -1 -2
154 -1 2 -1 -2
19 -1 4 -1 -2
19 -1 2 -1 -2
97 -1 4 -1 -2
108 -1 4 -1 -2
108 -1 2 -1 -2
14 -1 71 -1 -2
18 -1 4 -1 -2
100 -1 12 -1 -2
193 -1 2 -1 -2
119 46 -1 2 -1 -2
46 -1 4 -1 -2
119 -1 4 -1 -2
119 -1 2 -1 -2
70 -1 4 -1 -2
118 -1 4 -1 -2
112 -1 2 -1 -2
135 -1 12 -1 -2
135 -1 76 -1 -2
103 -1 7 -1 -2
103 -1 81 -1 -2
103 -1 2 -1 -2
103 -1 82 -1 -2
74 -1 7 -1 -2
74 -1 2 -1 -2
3 -1 4 -1 -2
22 -1 7 -1 -2
22 -1 2 -1 -2
6 -1 4 -1 -2
194 -1 4 -1 -2
194 -1 2 -1 -2
31 -1 4 -1 -2
31 -1 2 -1 -2
195 -1 12 -1 -2
195 -1 2 -1 -2
147 -1 4 -1 -2
65 -1 12 -1 -2
65 -1 77 -1 -2
65 -1 2 -1 -2
74 -1 2 -1 -2
100 -1 4 -1 -2
3 -1 4 -1 -2
22 -1 7 -1 -2
152 -1 4 -1 -2
152 -1 2 -1 -2
36 -1 7 -1 -2
36 -1 2 -1 -2
6 -1 7 -1 -2
6 -1 63 -1 -2
6 -1 4 -1 -2
6 -1 4 -1 -2
6 -1 2 -1 -2
196 -1 124 -1 -2
196 -1 2 -1 -2
126 -1 7 -1 -2
119 -1 12 -1 -2
119 -1 2 -1 -2
68 -1 4 -1 -2
68 -1 2 -1 -2
68 -1 4 -1 -2
68 -1 12 -1 -2
68 -1 2 -1 -2
68 -1 53 -1 -2
68 -1 67 -1 -2
68 -1 12 -1 -2
68 -1 67 -1 -2
68 -1 2 -1 -2
171 -1 2 -1 -2
100 -1 12 -1 -2
100 -1 2 -1 -2
47 -1 4 -1 -2
47 -1 2 -1 -2
197 -1 4 -1 -2
13 -1 32 -1 -2
13 -1 2 -1 -2
49 -1 27 -1 -2
49 -1 7 -1 -2
60 -1 12 -1 -2
60 -1 7 -1 -2
60 -1 12 -1 -2
60 -1 7 -1 -2
60 -1 63 -1 -2
60 -1 2 -1 -2
60 -1 7 -1 -2
60 -1 2 -1 -2
46 -1 2 -1 -2
46 -1 86 -1 -2
46 -1 12 -1 -2
46 -1 84 -1 -2
46 -1 124 -1 -2
46 -1 2 -1 -2
13 -1 12 -1 -2
74 -1 12 -1 -2
74 -1 7 -1 -2
74 -1 63 -1 -2
3 -1 7 -1 -2
3 -1 12 -1 -2
3 -1 2 -1 -2
3 -1 81 -1 -2
3 -1 12 -1 -2
3 -1 7 -1 -2
3 -1 2 -1 -2
3 -1 7 -1 -2
3 -1 2 -1 -2
3 -1 4 -1 -2
3 -1 4 -1 -2
3 -1 4 -1 -2
3 -1 59 -1 -2
3 -1 12 -1 -2
3 -1 12 -1 -2
3 -1 7 -1 -2
3 -1 4 -1 -2
3 -1 4 -1 -2
3 -1 2 -1 -2
3 -1 7 -1 -2
3 -1 2 -1 -2
3 -1 2 -1 -2
3 -1 2 -1 -2
3 -1 12 -1 -2
3 -1 7 -1 -2
3 -1 63 -1 -2
3 -1 2 -1 -2
3 -1 79 -1 -2
3 -1 2 -1 -2
3 -1 2 -1 -2
3 -1 7 -1 -2
3 -1 63 -1 -2
46 -1 7 -1 -2
40 -1 2 -1 -2
40 -1 59 -1 -2
152 -1 4 -1 -2
152 -1 2 -1 -2
24 -1 2 -1 -2
24 -1 7 -1 -2
24 -1 2 -1 -2
3 -1 2 -1 -2
9 -1 76 -1 -2
9 -1 7 -1 -2
9 -1 82 -1 -2
9 -1 4 -1 -2
9 -1 4 -1 -2
9 -1 2 -1 -2
9 -1 7 -1 -2
9 -1 7 -1 -2
9 -1 63 -1 -2
34 -1 53 -1 -2
34 -1 12 -1 -2
31 -1 7 -1 -2
31 -1 59 -1 -2
31 -1 7 -1 -2
198 -1 4 -1 -2
31 -1 12 -1 -2
141 -1 134 -1 -2
46 -1 4 -1 -2
119 -1 2 -1 -2
60 -1 4 -1 -2
13 -1 4 -1 -2
46 -1 4 -1 -2
100 -1 12 -1 -2
100 -1 63 -1 -2
47 -1 12 -1 -2
47 -1 63 -1 -2
47 -1 4 -1 -2
182 -1 12 -1 -2
3 -1 79 -1 -2
129 -1 67 -1 -2
129 -1 12 -1 -2
129 -1 84 -1 -2
129 -1 32 -1 -2
129 -1 2 -1 -2
171 -1 4 -1 -2
96 -1 12 -1 -2
96 -1 7 -1 -2
96 -1 63 -1 -2
74 -1 4 -1 -2
74 -1 2 -1 -2
1 -1 4 -1 -2
47 -1 7 -1 -2
47 -1 82 -1 -2
3 -1 79 -1 -2
3 -1 77 -1 -2
3 -1 79 -1 -2
3 -1 77 -1 -2
3 -1 79 -1 -2
3 -1 79 -1 -2
3 -1 84 -1 -2
3 -1 79 -1 -2
3 -1 84 -1 -2
3 -1 79 -1 -2
3 -1 84 -1 -2
3 -1 79 -1 -2
3 -1 84 -1 -2
3 -1 79 -1 -2
3 -1 84 -1 -2
3 -1 79 -1 -2
47 -1 2 -1 -2
88 -1 12 -1 -2
13 -1 134 -1 -2
176 -1 4 -1 -2
119 -1 53 -1 -2
119 -1 67 -1 -2
119 -1 124 -1 -2
17 -1 4 -1 -2
119 -1 27 -1 -2
119 -1 2 -1 -2
8 -1 4 -1 -2
9 -1 4 -1 -2
11 -1 2 -1 -2
10 -1 7 -1 -2
46 -1 2 -1 -2
70 -1 12 -1 -2
199 -1 12 -1 -2
200 -1 4 -1 -2
119 -1 7 -1 -2
119 -1 2 -1 -2
143 -1 82 -1 -2
22 -1 7 -1 -2
126 -1 7 -1 -2
78 -1 12 -1 -2
109 -1 7 -1 -2
55 -1 4 -1 -2
55 -1 2 -1 -2
65 -1 4 -1 -2
65 -1 2 -1 -2
119 -1 134 -1 -2
47 -1 4 -1 -2
47 -1 7 -1 -2
125 -1 134 -1 -2
125 -1 134 -1 -2
125 -1 134 -1 -2
125 -1 134 -1 -2
125 -1 134 -1 -2
125 -1 134 -1 -2
125 -1 134 -1 -2
94 -1 84 -1 -2
119 -1 2 -1 -2
3 -1 7 -1 -2
3 -1 32 -1 -2
3 -1 63 -1 -2
3 -1 7 -1 -2
3 -1 2 -1 -2
106 -1 12 -1 -2
106 -1 4 -1 -2
106 -1 2 -1 -2
201 -1 12 -1 -2
3 -1 32 -1 -2
3 -1 2 -1 -2
70 -1 12 -1 -2
70 -1 79 -1 -2
118 -1 4 -1 -2
118 -1 2 -1 -2
18 -1 4 -1 -2
3 -1 79 -1 -2
202 -1 134 -1 -2
114 -1 134 -1 -2
114 -1 134 -1 -2
114 -1 134 -1 -2
114 -1 134 -1 -2
114 -1 134 -1 -2
114 -1 134 -1 -2
49 -1 12 -1 -2
47 -1 124 -1 -2
98 -1 4 -1 -2
98 -1 2 -1 -2
3 -1 4 -1 -2
3 -1 12 -1 -2
3 -1 7 -1 -2
3 -1 7 -1 -2
3 -1 71 -1 -2
88 -1 4 -1 -2
88 -1 2 -1 -2
16 -1 86 -1 -2
22 -1 4 -1 -2
6 -1 4 -1 -2
119 -1 7 -1 -2
119 -1 2 -1 -2
119 -1 59 -1 -2
119 -1 51 -1 -2
6 -1 63 -1 -2
6 -1 2 -1 -2
70 -1 12 -1 -2
70 -1 7 -1 -2
122 -1 7 -1 -2
122 -1 81 -1 -2
122 -1 2 -1 -2
122 -1 82 -1 -2
96 -1 67 -1 -2
96 -1 2 -1 -2
96 -1 67 -1 -2
96 -1 2 -1 -2
31 -1 4 -1 -2
64 -1 7 -1 -2
22 -1 7 -1 -2
22 -1 2 -1 -2
22 -1 7 -1 -2
22 -1 7 -1 -2
47 -1 12 -1 -2
98 -1 2 -1 -2
54 -1 7 -1 -2
54 -1 81 -1 -2
54 -1 63 -1 -2
47 -1 12 -1 -2
22 -1 4 -1 -2
112 -1 7 -1 -2
112 -1 63 -1 -2
112 -1 2 -1 -2
203 -1 53 -1 -2
203 -1 7 -1 -2
203 -1 84 -1 -2
70 -1 12 -1 -2
70 -1 63 -1 -2
70 -1 12 -1 -2
70 -1 7 -1 -2
70 -1 63 -1 -2
70 -1 63 -1 -2
65 -1 76 -1 -2
65 -1 7 -1 -2
65 -1 2 -1 -2
204 -1 67 -1 -2
96 -1 2 -1 -2
126 -1 4 -1 -2
126 -1 2 -1 -2
126 -1 4 -1 -2
119 -1 7 -1 -2
119 -1 81 -1 -2
205 -1 32 -1 -2
205 -1 2 -1 -2
155 -1 134 -1 -2
155 -1 134 -1 -2
155 -1 134 -1 -2
155 -1 134 -1 -2
206 -1 4 -1 -2
206 -1 2 -1 -2
24 -1 12 -1 -2
24 -1 4 -1 -2
70 -1 12 -1 -2
70 -1 63 -1 -2
88 -1 4 -1 -2
40 -1 2 -1 -2
13 -1 2 -1 -2
3 -1 2 -1 -2
128 -1 7 -1 -2
128 -1 2 -1 -2
149 -1 7 -1 -2
149 -1 2 -1 -2
186 -1 7 -1 -2
186 -1 2 -1 -2
31 -1 144 -1 -2
31 -1 81 -1 -2
31 -1 2 -1 -2
31 -1 82 -1 -2
31 -1 2 -1 -2
74 -1 76 -1 -2
74 -1 4 -1 -2
3 -1 12 -1 -2
3 -1 2 -1 -2
89 -1 53 -1 -2
89 -1 12 -1 -2
89 -1 81 -1 -2
89 -1 124 -1 -2
13 -1 4 -1 -2
13 -1 2 -1 -2
119 -1 12 -1 -2
119 -1 2 -1 -2
74 -1 2 -1 -2
9 -1 2 -1 -2
117 -1 2 -1 -2
31 -1 7 -1 -2
31 -1 2 -1 -2
31 -1 4 -1 -2
47 -1 82 -1 -2
200 -1 4 -1 -2
200 -1 2 -1 -2
36 -1 7 -1 -2
36 -1 2 -1 -2
6 -1 63 -1 -2
108 -1 12 -1 -2
108 -1 4 -1 -2
207 -1 4 -1 -2
207 -1 2 -1 -2
155 -1 134 -1 -2
44 -1 4 -1 -2
44 -1 2 -1 -2
109 -1 4 -1 -2
182 -1 79 -1 -2
3 -1 4 -1 -2
47 -1 2 -1 -2
96 -1 82 -1 -2
96 -1 7 -1 -2
96 -1 2 -1 -2
103 -1 12 -1 -2
97 -1 12 -1 -2
