42 -1 99 -1 -2
42 -1 127 -1 -2
42 -1 79 -1 -2
42 -1 162 -1 -2
37 -1 7 -1 -2
42 -1 127 -1 -2
168 -1 99 -1 -2
42 -1 127 -1 -2
42 -1 79 -1 -2
42 -1 162 -1 -2
28 -1 12 -1 -2
22 -1 4 -1 -2
22 -1 53 -1 -2
22 -1 27 -1 -2
22 -1 4 -1 -2
22 -1 29 -1 -2
22 -1 4 -1 -2
22 -1 2 -1 -2
22 -1 4 -1 -2
22 -1 2 -1 -2
22 -1 4 -1 -2
22 -1 2 -1 -2
208 -1 4 -1 -2
95 -1 99 -1 -2
209 -1 7 -1 -2
88 -1 12 -1 -2
3 -1 99 -1 -2
3 -1 127 -1 -2
3 -1 77 -1 -2
159 -1 12 -1 -2
19 -1 4 -1 -2
210 -1 4 -1 -2
211 -1 12 -1 -2
159 -1 12 -1 -2
212 -1 12 -1 -2
212 -1 99 -1 -2
109 -1 213 -1 -2
109 -1 99 -1 -2
214 -1 12 -1 -2
214 -1 79 -1 -2
3 -1 127 -1 -2
109 -1 213 -1 -2
109 -1 99 -1 -2
88 -1 12 -1 -2
52 -1 162 -1 -2
96 -1 79 -1 -2
96 -1 67 -1 -2
96 -1 162 -1 -2
46 -1 7 -1 -2
46 -1 2 -1 -2
155 -1 134 -1 -2
202 -1 134 -1 -2
9 -1 4 -1 -2
155 -1 134 -1 -2
215 -1 2 -1 -2
160 -1 12 -1 -2
160 -1 2 -1 -2
216 -1 67 -1 -2
216 -1 12 -1 -2
216 -1 2 -1 -2
96 -1 4 -1 -2
96 -1 63 -1 -2
96 -1 2 -1 -2
96 -1 7 -1 -2
217 -1 4 -1 -2
217 -1 7 -1 -2
217 -1 84 -1 -2
218 -1 4 -1 -2
128 -1 134 -1 -2
202 -1 134 -1 -2
159 -1 53 -1 -2
159 -1 12 -1 -2
159 -1 84 -1 -2
159 -1 2 -1 -2
22 -1 71 -1 -2
17 -1 53 -1 -2
17 -1 12 -1 -2
17 -1 7 -1 -2
17 -1 32 -1 -2
17 -1 63 -1 -2
96 -1 4 -1 -2
96 -1 84 -1 -2
96 -1 63 -1 -2
96 -1 2 -1 -2
46 -1 2 -1 -2
219 -1 7 -1 -2
219 -1 4 -1 -2
96 -1 12 -1 -2
96 -1 7 -1 -2
96 -1 2 -1 -2
155 -1 134 -1 -2
100 -1 12 -1 -2
46 -1 4 -1 -2
46 -1 86 -1 -2
46 -1 32 -1 -2
46 -1 144 -1 -2
46 -1 2 -1 -2
6 -1 27 -1 -2
6 -1 71 -1 -2
46 -1 12 -1 -2
46 -1 7 -1 -2
46 -1 84 -1 -2
46 -1 81 -1 -2
46 -1 2 -1 -2
14 -1 84 -1 -2
3 -1 71 -1 -2
13 -1 2 -1 -2
13 -1 7 -1 -2
13 -1 2 -1 -2
13 -1 7 -1 -2
13 -1 32 -1 -2
13 -1 2 -1 -2
13 -1 12 -1 -2
13 -1 2 -1 -2
3 -1 7 -1 -2
3 -1 2 -1 -2
220 -1 134 -1 -2
96 -1 12 -1 -2
96 -1 4 -1 -2
96 -1 7 -1 -2
96 -1 2 -1 -2
155 155 -1 134 -1 -2
155 155 -1 134 -1 -2
155 155 -1 134 -1 -2
155 155 -1 134 -1 -2
155 155 -1 134 -1 -2
155 -1 134 -1 -2
155 -1 134 -1 -2
155 -1 134 -1 -2
155 -1 134 -1 -2
155 155 -1 134 -1 -2
9 -1 4 -1 -2
220 -1 4 -1 -2
220 -1 71 -1 -2
220 -1 59 -1 -2
100 -1 4 -1 -2
158 -1 4 -1 -2
102 -1 7 -1 -2
102 -1 2 -1 -2
221 -1 4 -1 -2
221 -1 213 -1 -2
184 -1 79 -1 -2
184 -1 2 -1 -2
13 -1 7 -1 -2
13 -1 2 -1 -2
96 -1 7 -1 -2
96 -1 32 -1 -2
96 -1 63 -1 -2
96 -1 2 -1 -2
141 -1 134 -1 -2
3 -1 4 -1 -2
3 -1 84 -1 -2
3 -1 4 -1 -2
13 -1 4 -1 -2
96 -1 7 -1 -2
96 -1 2 -1 -2
95 -1 134 -1 -2
3 -1 4 -1 -2
96 -1 12 -1 -2
96 -1 7 -1 -2
96 -1 63 -1 -2
96 -1 2 -1 -2
22 -1 7 -1 -2
96 -1 63 -1 -2
125 -1 134 -1 -2
119 -1 12 -1 -2
119 -1 7 -1 -2
119 -1 82 -1 -2
102 -1 4 -1 -2
222 -1 63 -1 -2
222 -1 2 -1 -2
223 219 -1 4 -1 -2
223 219 -1 2 -1 -2
168 -1 2 -1 -2
168 -1 82 -1 -2
46 -1 2 -1 -2
224 -1 12 -1 -2
224 -1 2 -1 -2
14 -1 4 -1 -2
40 -1 86 -1 -2
40 -1 7 -1 -2
40 -1 2 -1 -2
40 -1 82 -1 -2
98 -1 134 -1 -2
98 -1 2 -1 -2
96 -1 4 -1 -2
96 -1 29 -1 -2
22 -1 4 -1 -2
22 -1 71 -1 -2
174 -1 86 -1 -2
174 -1 12 -1 -2
175 -1 4 -1 -2
175 -1 71 -1 -2
225 -1 134 -1 -2
9 -1 2 -1 -2
3 -1 79 -1 -2
3 -1 79 -1 -2
3 -1 79 -1 -2
10 -1 4 -1 -2
226 -1 7 -1 -2
226 -1 2 -1 -2
17 -1 4 -1 -2
119 -1 134 -1 -2
119 -1 2 -1 -2
112 -1 12 -1 -2
10 -1 4 -1 -2
119 46 -1 4 -1 -2
96 -1 7 -1 -2
96 -1 2 -1 -2
96 -1 7 -1 -2
96 -1 2 -1 -2
184 -1 79 -1 -2
184 -1 2 -1 -2
227 -1 27 -1 -2
227 -1 7 -1 -2
88 -1 12 -1 -2
126 -1 7 -1 -2
126 -1 63 -1 -2
126 -1 2 -1 -2
228 -1 4 -1 -2
98 -1 7 -1 -2
98 -1 2 -1 -2
176 -1 134 -1 -2
46 -1 4 -1 -2
170 -1 2 -1 -2
22 -1 134 -1 -2
22 -1 12 -1 -2
22 -1 2 -1 -2
31 -1 4 -1 -2
42 -1 4 -1 -2
42 -1 2 -1 -2
109 -1 213 -1 -2
109 -1 99 -1 -2
103 -1 79 -1 -2
74 -1 7 -1 -2
74 -1 2 -1 -2
229 -1 4 -1 -2
47 -1 32 -1 -2
47 -1 32 -1 -2
230 -1 4 -1 -2
14 -1 53 -1 -2
14 -1 12 -1 -2
14 -1 144 -1 -2
14 -1 2 -1 -2
14 -1 82 -1 -2
37 -1 2 -1 -2
231 -1 4 -1 -2
88 -1 4 -1 -2
22 -1 2 -1 -2
22 -1 12 -1 -2
22 -1 7 -1 -2
22 -1 84 -1 -2
22 -1 2 -1 -2
232 -1 4 -1 -2
232 -1 7 -1 -2
232 -1 2 -1 -2
96 -1 12 -1 -2
96 -1 7 -1 -2
96 -1 63 -1 -2
96 -1 63 -1 -2
96 -1 2 -1 -2
108 96 -1 84 -1 -2
108 96 -1 2 -1 -2
159 -1 32 -1 -2
159 -1 144 -1 -2
159 -1 81 -1 -2
159 -1 2 -1 -2
54 -1 7 -1 -2
54 -1 63 -1 -2
54 -1 2 -1 -2
22 -1 76 -1 -2
22 -1 2 -1 -2
128 -1 134 -1 -2
96 -1 12 -1 -2
96 -1 63 -1 -2
96 -1 2 -1 -2
96 -1 4 -1 -2
96 -1 2 -1 -2
3 -1 4 -1 -2
125 -1 7 -1 -2
191 -1 86 -1 -2
73 -1 12 -1 -2
142 -1 4 -1 -2
233 -1 27 -1 -2
233 -1 4 -1 -2
233 -1 79 -1 -2
135 -1 76 -1 -2
116 -1 27 -1 -2
116 -1 4 -1 -2
116 -1 7 -1 -2
234 -1 4 -1 -2
98 -1 53 -1 -2
98 -1 67 -1 -2
98 -1 84 -1 -2
98 -1 32 -1 -2
98 -1 2 -1 -2
219 -1 12 -1 -2
219 -1 4 -1 -2
219 -1 7 -1 -2
219 -1 71 -1 -2
3 -1 53 -1 -2
3 -1 67 -1 -2
3 -1 12 -1 -2
3 -1 84 -1 -2
97 -1 134 -1 -2
189 -1 7 -1 -2
235 -1 7 -1 -2
184 -1 79 -1 -2
184 -1 2 -1 -2
155 -1 134 -1 -2
102 -1 4 -1 -2
102 -1 84 -1 -2
102 -1 2 -1 -2
42 -1 7 -1 -2
155 -1 134 -1 -2
155 -1 134 -1 -2
155 -1 134 -1 -2
6 -1 4 -1 -2
201 -1 4 -1 -2
201 -1 29 -1 -2
236 -1 7 -1 -2
141 -1 12 -1 -2
237 -1 2 -1 -2
96 -1 12 -1 -2
96 -1 4 -1 -2
96 -1 63 -1 -2
96 -1 2 -1 -2
170 -1 12 -1 -2
170 -1 7 -1 -2
170 -1 2 -1 -2
159 -1 86 -1 -2
159 -1 7 -1 -2
159 -1 2 -1 -2
159 -1 82 -1 -2
220 -1 4 -1 -2
220 -1 84 -1 -2
220 -1 2 -1 -2
114 96 -1 67 -1 -2
114 96 -1 27 -1 -2
114 96 -1 12 -1 -2
114 96 -1 63 -1 -2
114 96 -1 2 -1 -2
155 -1 7 -1 -2
155 -1 2 -1 -2
159 -1 7 -1 -2
159 -1 2 -1 -2
170 -1 7 -1 -2
170 -1 84 -1 -2
170 -1 2 -1 -2
159 220 -1 67 -1 -2
238 239 -1 27 -1 -2
238 239 -1 4 -1 -2
238 239 -1 2 -1 -2
154 -1 27 -1 -2
154 -1 4 -1 -2
159 -1 12 -1 -2
159 -1 2 -1 -2
96 -1 2 -1 -2
96 -1 7 -1 -2
96 -1 84 -1 -2
96 -1 63 -1 -2
96 -1 2 -1 -2
96 -1 7 -1 -2
96 -1 2 -1 -2
137 -1 32 -1 -2
137 -1 144 -1 -2
137 -1 81 -1 -2
137 -1 63 -1 -2
137 -1 2 -1 -2
137 -1 82 -1 -2
159 -1 7 -1 -2
159 -1 2 -1 -2
96 -1 7 -1 -2
96 -1 2 -1 -2
96 -1 27 -1 -2
96 -1 2 -1 -2
240 -1 12 -1 -2
240 -1 7 -1 -2
240 -1 2 -1 -2
234 -1 4 -1 -2
3 -1 4 -1 -2
186 -1 4 -1 -2
125 -1 134 -1 -2
96 -1 12 -1 -2
96 -1 7 -1 -2
96 -1 2 -1 -2
96 -1 67 -1 -2
96 -1 2 -1 -2
47 -1 134 -1 -2
241 -1 7 -1 -2
241 -1 32 -1 -2
241 -1 124 -1 -2
241 -1 2 -1 -2
242 -1 32 -1 -2
242 -1 2 -1 -2
159 -1 4 -1 -2
166 -1 79 -1 -2
166 -1 2 -1 -2
208 -1 4 -1 -2
5 -1 4 -1 -2
5 -1 2 -1 -2
60 -1 4 -1 -2
9 -1 12 -1 -2
159 -1 12 -1 -2
159 -1 7 -1 -2
159 -1 124 -1 -2
159 -1 2 -1 -2
3 -1 12 -1 -2
3 -1 7 -1 -2
3 -1 2 -1 -2
46 -1 82 -1 -2
13 -1 27 -1 -2
13 -1 2 -1 -2
226 -1 2 -1 -2
183 -1 12 -1 -2
92 -1 2 -1 -2
46 -1 86 -1 -2
46 -1 12 -1 -2
46 -1 2 -1 -2
9 -1 2 -1 -2
3 -1 27 -1 -2
243 -1 4 -1 -2
73 -1 4 -1 -2
135 -1 7 -1 -2
135 -1 84 -1 -2
135 -1 32 -1 -2
159 -1 76 -1 -2
159 -1 2 -1 -2
159 -1 7 -1 -2
159 -1 27 -1 -2
159 -1 4 -1 -2
159 -1 71 -1 -2
155 -1 134 -1 -2
96 -1 7 -1 -2
155 -1 134 -1 -2
155 -1 134 -1 -2
119 -1 134 -1 -2
244 -1 12 -1 -2
244 -1 2 -1 -2
176 -1 4 -1 -2
176 -1 2 -1 -2
126 -1 53 -1 -2
126 -1 4 -1 -2
126 -1 79 -1 -2
139 -1 4 -1 -2
139 -1 2 -1 -2
47 -1 144 -1 -2
47 -1 2 -1 -2
57 -1 134 -1 -2
37 -1 2 -1 -2
232 -1 4 -1 -2
141 -1 12 -1 -2
141 -1 2 -1 -2
103 -1 134 -1 -2
103 -1 2 -1 -2
92 -1 4 -1 -2
62 -1 67 -1 -2
62 -1 2 -1 -2
6 -1 7 -1 -2
196 -1 4 -1 -2
74 -1 12 -1 -2
49 -1 7 -1 -2
3 -1 7 -1 -2
108 -1 53 -1 -2
108 -1 27 -1 -2
108 -1 7 -1 -2
68 -1 4 -1 -2
245 -1 27 -1 -2
245 -1 4 -1 -2
245 -1 7 -1 -2
245 -1 71 -1 -2
46 -1 2 -1 -2
13 -1 4 -1 -2
96 -1 7 -1 -2
96 -1 32 -1 -2
96 -1 63 -1 -2
96 -1 2 -1 -2
3 -1 7 -1 -2
98 -1 12 -1 -2
98 -1 2 -1 -2
136 -1 2 -1 -2
136 -1 99 -1 -2
246 -1 4 -1 -2
246 -1 2 -1 -2
158 -1 4 -1 -2
126 -1 4 -1 -2
224 -1 4 -1 -2
23 -1 4 -1 -2
62 -1 27 -1 -2
62 -1 12 -1 -2
62 -1 4 -1 -2
62 -1 84 -1 -2
62 -1 2 -1 -2
89 -1 84 -1 -2
89 -1 2 -1 -2
8 -1 4 -1 -2
74 -1 12 -1 -2
3 -1 7 -1 -2
3 -1 71 -1 -2
3 -1 2 -1 -2
3 -1 86 -1 -2
3 -1 53 -1 -2
3 -1 32 -1 -2
3 -1 2 -1 -2
3 -1 7 -1 -2
3 -1 2 -1 -2
3 -1 7 -1 -2
3 -1 86 -1 -2
3 -1 12 -1 -2
3 -1 7 -1 -2
3 -1 32 -1 -2
3 -1 2 -1 -2
3 -1 82 -1 -2
3 -1 4 -1 -2
3 -1 67 -1 -2
3 -1 12 -1 -2
3 -1 32 -1 -2
3 -1 2 -1 -2
3 -1 7 -1 -2
3 -1 4 -1 -2
3 -1 2 -1 -2
3 -1 12 -1 -2
3 -1 2 -1 -2
3 -1 7 -1 -2
3 -1 81 -1 -2
3 -1 12 -1 -2
3 -1 2 -1 -2
3 -1 4 -1 -2
3 -1 4 -1 -2
3 -1 12 -1 -2
3 -1 2 -1 -2
3 -1 12 -1 -2
3 -1 12 -1 -2
3 -1 7 -1 -2
3 -1 2 -1 -2
3 -1 77 -1 -2
3 -1 27 -1 -2
3 -1 2 -1 -2
3 -1 12 -1 -2
3 -1 12 -1 -2
3 -1 12 -1 -2
3 -1 4 -1 -2
3 -1 12 -1 -2
3 -1 2 -1 -2
3 -1 12 -1 -2
3 -1 7 -1 -2
3 -1 124 -1 -2
3 -1 12 -1 -2
3 -1 32 -1 -2
3 -1 2 -1 -2
3 -1 7 -1 -2
247 -1 27 -1 -2
247 -1 76 -1 -2
247 -1 4 -1 -2
247 -1 71 -1 -2
74 -1 12 -1 -2
10 -1 2 -1 -2
10 -1 12 -1 -2
10 -1 7 -1 -2
10 -1 2 -1 -2
58 -1 2 -1 -2
139 -1 4 -1 -2
139 -1 2 -1 -2
9 -1 7 -1 -2
9 -1 2 -1 -2
9 -1 7 -1 -2
9 -1 2 -1 -2
9 -1 12 -1 -2
9 -1 63 -1 -2
9 -1 2 -1 -2
9 -1 53 -1 -2
9 -1 4 -1 -2
9 -1 2 -1 -2
9 -1 12 -1 -2
9 -1 63 -1 -2
9 -1 2 -1 -2
9 -1 4 -1 -2
9 -1 7 -1 -2
186 -1 4 -1 -2
31 -1 4 -1 -2
5 -1 2 -1 -2
42 -1 12 -1 -2
248 -1 76 -1 -2
248 -1 4 -1 -2
248 -1 213 -1 -2
60 249 -1 4 -1 -2
196 -1 4 -1 -2
170 -1 12 -1 -2
147 -1 7 -1 -2
147 -1 2 -1 -2
250 -1 4 -1 -2
250 -1 79 -1 -2
125 -1 4 -1 -2
125 -1 2 -1 -2
125 -1 51 -1 -2
47 -1 32 -1 -2
47 -1 2 -1 -2
3 -1 79 -1 -2
3 -1 2 -1 -2
33 -1 63 -1 -2
33 -1 2 -1 -2
234 -1 4 -1 -2
234 -1 7 -1 -2
234 -1 84 -1 -2
234 -1 2 -1 -2
180 -1 2 -1 -2
50 -1 27 -1 -2
50 -1 4 -1 -2
50 -1 71 -1 -2
31 -1 67 -1 -2
31 -1 2 -1 -2
3 -1 12 -1 -2
191 -1 134 -1 -2
160 -1 67 -1 -2
160 -1 7 -1 -2
160 -1 32 -1 -2
160 -1 2 -1 -2
155 -1 12 -1 -2
155 -1 7 -1 -2
155 -1 2 -1 -2
152 -1 4 -1 -2
9 -1 134 -1 -2
9 -1 2 -1 -2
98 -1 7 -1 -2
119 -1 134 -1 -2
173 -1 134 -1 -2
251 -1 4 -1 -2
125 -1 4 -1 -2
46 -1 12 -1 -2
46 -1 7 -1 -2
47 -1 7 -1 -2
47 -1 32 -1 -2
47 -1 2 -1 -2
112 -1 134 -1 -2
202 -1 134 -1 -2
252 -1 7 -1 -2
37 -1 7 -1 -2
37 -1 63 -1 -2
1 -1 4 -1 -2
253 -1 4 -1 -2
43 -1 134 -1 -2
89 -1 12 -1 -2
89 -1 2 -1 -2
46 -1 12 -1 -2
46 -1 2 -1 -2
155 -1 134 -1 -2
47 -1 63 -1 -2
47 -1 12 -1 -2
200 -1 27 -1 -2
200 -1 4 -1 -2
200 -1 71 -1 -2
200 -1 213 -1 -2
200 -1 2 -1 -2
97 -1 134 -1 -2
155 -1 134 -1 -2
254 -1 7 -1 -2
254 -1 2 -1 -2
255 -1 53 -1 -2
255 -1 4 -1 -2
96 -1 7 -1 -2
96 -1 2 -1 -2
159 -1 67 -1 -2
159 -1 12 -1 -2
159 -1 7 -1 -2
159 -1 2 -1 -2
202 -1 134 -1 -2
159 -1 12 -1 -2
159 -1 32 -1 -2
159 -1 2 -1 -2
121 -1 7 -1 -2
121 -1 2 -1 -2
46 -1 76 -1 -2
46 -1 7 -1 -2
46 -1 29 -1 -2
159 -1 7 -1 -2
96 -1 7 -1 -2
96 -1 2 -1 -2
159 -1 4 -1 -2
22 -1 2 -1 -2
22 -1 4 -1 -2
109 -1 99 -1 -2
160 -1 67 -1 -2
160 -1 32 -1 -2
160 -1 2 -1 -2
170 220 -1 7 -1 -2
170 220 -1 84 -1 -2
170 220 -1 32 -1 -2
170 220 -1 2 -1 -2
94 -1 7 -1 -2
94 -1 2 -1 -2
175 -1 67 -1 -2
175 -1 76 -1 -2
175 -1 7 -1 -2
175 -1 144 -1 -2
175 -1 82 -1 -2
96 -1 12 -1 -2
96 -1 7 -1 -2
96 -1 32 -1 -2
96 -1 63 -1 -2
96 -1 2 -1 -2
96 -1 7 -1 -2
96 -1 63 -1 -2
96 -1 2 -1 -2
31 -1 4 -1 -2
31 -1 2 -1 -2
46 -1 77 -1 -2
153 -1 12 -1 -2
153 -1 7 -1 -2
153 -1 63 -1 -2
98 -1 7 -1 -2
98 -1 2 -1 -2
6 -1 4 -1 -2
207 -1 7 -1 -2
256 -1 27 -1 -2
256 -1 4 -1 -2
256 -1 79 -1 -2
159 -1 76 -1 -2
159 -1 144 -1 -2
159 -1 2 -1 -2
159 -1 82 -1 -2
257 -1 12 -1 -2
96 -1 12 -1 -2
96 -1 2 -1 -2
38 -1 7 -1 -2
38 -1 144 -1 -2
38 -1 2 -1 -2
38 -1 82 -1 -2
44 -1 4 -1 -2
44 -1 2 -1 -2
3 -1 4 -1 -2
103 -1 12 -1 -2
103 -1 7 -1 -2
103 -1 2 -1 -2
98 -1 2 -1 -2
159 -1 4 -1 -2
159 -1 7 -1 -2
14 -1 12 -1 -2
46 -1 4 -1 -2
46 -1 71 -1 -2
258 -1 2 -1 -2
258 -1 82 -1 -2
206 -1 12 -1 -2
206 -1 2 -1 -2
47 -1 7 -1 -2
9 -1 2 -1 -2
96 -1 53 -1 -2
96 -1 7 -1 -2
96 -1 2 -1 -2
96 -1 59 -1 -2
259 -1 7 -1 -2
259 -1 32 -1 -2
259 -1 81 -1 -2
259 -1 2 -1 -2
159 -1 7 -1 -2
159 -1 2 -1 -2
10 -1 12 -1 -2
10 -1 7 -1 -2
10 -1 2 -1 -2
96 -1 63 -1 -2
96 -1 2 -1 -2
68 -1 12 -1 -2
216 -1 27 -1 -2
216 -1 4 -1 -2
260 -1 4 -1 -2
260 -1 29 -1 -2
261 -1 7 -1 -2
261 -1 2 -1 -2
262 -1 12 -1 -2
262 -1 84 -1 -2
262 -1 63 -1 -2
262 -1 2 -1 -2
241 -1 4 -1 -2
263 -1 12 -1 -2
263 -1 2 -1 -2
244 -1 12 -1 -2
244 -1 7 -1 -2
244 -1 63 -1 -2
219 -1 7 -1 -2
219 -1 32 -1 -2
219 -1 2 -1 -2
159 -1 134 -1 -2
159 -1 2 -1 -2
159 -1 7 -1 -2
159 -1 124 -1 -2
159 -1 2 -1 -2
166 -1 53 -1 -2
166 -1 67 -1 -2
166 -1 84 -1 -2
241 175 -1 76 -1 -2
241 175 -1 4 -1 -2
241 175 -1 213 -1 -2
241 175 -1 59 -1 -2
220 -1 7 -1 -2
220 -1 2 -1 -2
264 265 -1 79 -1 -2
264 265 -1 77 -1 -2
264 265 -1 2 -1 -2
96 -1 7 -1 -2
96 -1 32 -1 -2
96 -1 81 -1 -2
37 -1 79 -1 -2
3 -1 4 -1 -2
40 -1 4 -1 -2
40 -1 84 -1 -2
40 -1 29 -1 -2
40 -1 4 -1 -2
40 -1 84 -1 -2
40 -1 29 -1 -2
125 -1 53 -1 -2
125 -1 12 -1 -2
125 -1 7 -1 -2
125 -1 2 -1 -2
33 -1 7 -1 -2
33 -1 59 -1 -2
46 -1 4 -1 -2
119 -1 67 -1 -2
184 -1 79 -1 -2
184 -1 2 -1 -2
170 -1 12 -1 -2
170 -1 2 -1 -2
166 -1 86 -1 -2
166 -1 2 -1 -2
266 -1 12 -1 -2
266 -1 7 -1 -2
266 -1 63 -1 -2
266 -1 2 -1 -2
96 -1 4 -1 -2
96 -1 2 -1 -2
121 -1 32 -1 -2
121 -1 2 -1 -2
248 -1 7 -1 -2
248 -1 2 -1 -2
172 -1 4 -1 -2
256 -1 7 -1 -2
256 -1 2 -1 -2
267 -1 76 -1 -2
267 -1 32 -1 -2
267 -1 71 -1 -2
267 -1 2 -1 -2
155 -1 4 -1 -2
155 -1 7 -1 -2
155 -1 2 -1 -2
96 -1 7 -1 -2
96 -1 2 -1 -2
96 -1 7 -1 -2
96 -1 2 -1 -2
45 -1 12 -1 -2
45 -1 2 -1 -2
244 -1 7 -1 -2
244 -1 2 -1 -2
212 -1 4 -1 -2
212 -1 71 -1 -2
212 -1 79 -1 -2
268 -1 12 -1 -2
268 -1 4 -1 -2
268 -1 71 -1 -2
268 -1 79 -1 -2
74 -1 32 -1 -2
74 -1 2 -1 -2
269 -1 7 -1 -2
269 -1 124 -1 -2
269 -1 2 -1 -2
96 -1 7 -1 -2
96 -1 144 -1 -2
96 -1 2 -1 -2
96 -1 82 -1 -2
129 -1 4 -1 -2
176 -1 4 -1 -2
176 -1 71 -1 -2
220 -1 7 -1 -2
220 -1 2 -1 -2
220 -1 4 -1 -2
220 -1 2 -1 -2
96 -1 7 -1 -2
96 -1 77 -1 -2
96 -1 2 -1 -2
6 -1 81 -1 -2
6 -1 63 -1 -2
6 -1 2 -1 -2
170 -1 12 -1 -2
170 -1 63 -1 -2
170 -1 2 -1 -2
270 -1 12 -1 -2
270 -1 2 -1 -2
271 -1 12 -1 -2
271 -1 2 -1 -2
272 -1 53 -1 -2
272 -1 7 -1 -2
272 -1 2 -1 -2
248 -1 2 -1 -2
248 -1 82 -1 -2
248 -1 86 -1 -2
248 -1 7 -1 -2
248 -1 2 -1 -2
248 -1 59 -1 -2
273 -1 7 -1 -2
273 -1 2 -1 -2
258 -1 4 -1 -2
258 -1 7 -1 -2
258 -1 84 -1 -2
258 -1 2 -1 -2
64 -1 12 -1 -2
64 -1 4 -1 -2
274 -1 4 -1 -2
274 -1 7 -1 -2
274 -1 79 -1 -2
274 -1 63 -1 -2
96 -1 76 -1 -2
96 -1 7 -1 -2
96 -1 32 -1 -2
96 -1 63 -1 -2
96 -1 82 -1 -2
159 -1 27 -1 -2
159 -1 71 -1 -2
159 -1 2 -1 -2
166 -1 7 -1 -2
166 -1 84 -1 -2
166 -1 2 -1 -2
176 -1 67 -1 -2
176 -1 2 -1 -2
256 -1 7 -1 -2
160 -1 7 -1 -2
160 -1 63 -1 -2
160 -1 124 -1 -2
160 -1 2 -1 -2
96 -1 7 -1 -2
3 -1 4 -1 -2
170 -1 67 -1 -2
170 -1 12 -1 -2
170 -1 79 -1 -2
170 -1 2 -1 -2
128 -1 134 -1 -2
194 -1 7 -1 -2
194 -1 2 -1 -2
47 -1 79 -1 -2
47 -1 2 -1 -2
135 -1 12 -1 -2
135 -1 7 -1 -2
135 -1 63 -1 -2
275 -1 2 -1 -2
155 -1 134 -1 -2
31 -1 7 -1 -2
31 -1 2 -1 -2
3 -1 7 -1 -2
3 -1 2 -1 -2
3 -1 67 -1 -2
3 -1 2 -1 -2
3 -1 2 -1 -2
74 -1 82 -1 -2
31 -1 4 -1 -2
31 -1 4 -1 -2
38 -1 7 -1 -2
94 -1 4 -1 -2
94 -1 71 -1 -2
94 -1 213 -1 -2
94 -1 2 -1 -2
276 -1 7 -1 -2
276 -1 2 -1 -2
17 -1 7 -1 -2
17 -1 2 -1 -2
6 -1 27 -1 -2
6 -1 4 -1 -2
6 -1 7 -1 -2
6 -1 79 -1 -2
6 -1 2 -1 -2
108 -1 86 -1 -2
108 -1 12 -1 -2
108 -1 76 -1 -2
277 -1 4 -1 -2
277 -1 2 -1 -2
96 -1 4 -1 -2
96 -1 7 -1 -2
96 -1 2 -1 -2
91 -1 27 -1 -2
91 -1 82 -1 -2
3 -1 4 -1 -2
278 -1 12 -1 -2
278 -1 63 -1 -2
278 -1 2 -1 -2
96 -1 12 -1 -2
96 -1 7 -1 -2
96 -1 32 -1 -2
96 -1 2 -1 -2
257 -1 4 -1 -2
98 -1 7 -1 -2
98 -1 32 -1 -2
98 -1 63 -1 -2
98 -1 2 -1 -2
62 -1 67 -1 -2
62 -1 2 -1 -2
103 -1 7 -1 -2
103 -1 2 -1 -2
279 -1 27 -1 -2
279 -1 4 -1 -2
92 -1 4 -1 -2
92 -1 63 -1 -2
159 -1 4 -1 -2
159 -1 7 -1 -2
159 -1 32 -1 -2
159 -1 79 -1 -2
159 -1 4 -1 -2
159 -1 84 -1 -2
159 -1 71 -1 -2
3 -1 2 -1 -2
262 -1 79 -1 -2
155 -1 12 -1 -2
155 -1 7 -1 -2
155 -1 84 -1 -2
155 -1 2 -1 -2
60 -1 4 -1 -2
60 -1 7 -1 -2
241 -1 27 -1 -2
241 -1 4 -1 -2
241 -1 71 -1 -2
241 -1 2 -1 -2
241 -1 59 -1 -2
125 -1 7 -1 -2
267 180 -1 27 -1 -2
267 180 -1 4 -1 -2
267 180 -1 84 -1 -2
267 180 -1 71 -1 -2
155 -1 134 -1 -2
280 -1 4 -1 -2
280 -1 213 -1 -2
177 -1 12 -1 -2
177 -1 144 -1 -2
177 -1 2 -1 -2
191 131 -1 32 -1 -2
191 131 -1 81 -1 -2
191 131 -1 2 -1 -2
47 -1 7 -1 -2
47 -1 32 -1 -2
47 -1 63 -1 -2
47 241 -1 2 -1 -2
47 241 -1 59 -1 -2
22 -1 7 -1 -2
262 -1 2 -1 -2
242 -1 4 -1 -2
242 -1 71 -1 -2
137 -1 84 -1 -2
137 -1 2 -1 -2
281 -1 124 -1 -2
281 -1 2 -1 -2
50 -1 12 -1 -2
50 -1 7 -1 -2
50 -1 63 -1 -2
50 -1 2 -1 -2
282 -1 79 -1 -2
282 -1 2 -1 -2
126 -1 7 -1 -2
126 -1 2 -1 -2
283 -1 32 -1 -2
283 -1 2 -1 -2
284 -1 77 -1 -2
13 -1 12 -1 -2
155 -1 134 -1 -2
