97 -1 1367 -1 -2 
153 -1 1367 -1 -2 
151 -1 1367 -1 -2 
73 -1 1367 -1 -2 
397 -1 1367 -1 -2 
1091 -1 491 -1 -2 
1632 -1 491 -1 -2 
90 -1 491 -1 -2 
1398 -1 491 -1 -2 
1399 -1 491 -1 -2 
1093 -1 491 -1 -2 
37 -1 1326 -1 -2 
56 -1 1326 -1 -2 
58 -1 1326 -1 -2 
14 -1 1326 -1 -2 
27 -1 1326 -1 -2 
151 -1 1326 -1 -2 
73 -1 1326 -1 -2 
451 -1 1515 -1 -2 
1126 -1 1515 -1 -2 
140 -1 1515 -1 -2 
936 -1 1515 -1 -2 
591 -1 1515 -1 -2 
590 -1 1515 -1 -2 
347 -1 1515 -1 -2 
538 -1 1515 -1 -2 
269 -1 1515 -1 -2 
267 -1 1515 -1 -2 
1771 -1 1515 -1 -2 
1001 -1 1515 -1 -2 
193 -1 1619 -1 -2 
193 -1 1619 -1 -2 
676 -1 1619 -1 -2 
24 -1 1619 -1 -2 
29 -1 1619 -1 -2 
29 -1 1619 -1 -2 
297 -1 1619 -1 -2 
289 -1 1619 -1 -2 
1311 -1 1619 -1 -2 
998 -1 1619 -1 -2 
230 -1 1619 -1 -2 
528 -1 491 -1 -2 
286 -1 491 -1 -2 
847 -1 491 -1 -2 
284 -1 491 -1 -2 
126 -1 491 -1 -2 
1164 -1 1686 -1 -2 
1504 -1 1686 -1 -2 
750 -1 1659 -1 -2 
380 -1 1327 -1 -2 
1509 -1 1447 -1 -2 
1495 -1 1447 -1 -2 
558 -1 1447 -1 -2 
1346 -1 1447 -1 -2 
1864 -1 1131 -1 -2 
529 -1 1131 -1 -2 
314 -1 1131 -1 -2 
1072 -1 1131 -1 -2 
682 -1 1131 -1 -2 
341 -1 1131 -1 -2 
1051 -1 1131 -1 -2 
567 -1 1131 -1 -2 
825 -1 1131 -1 -2 
566 -1 1131 -1 -2 
694 -1 1131 -1 -2 
695 -1 1131 -1 -2 
1070 -1 1131 -1 -2 
675 -1 1131 -1 -2 
769 -1 1131 -1 -2 
770 -1 1131 -1 -2 
14 -1 1131 -1 -2 
442 -1 1131 -1 -2 
202 -1 856 -1 -2 
1214 -1 814 -1 -2 
1215 -1 814 -1 -2 
1209 -1 814 -1 -2 
1797 -1 814 -1 -2 
681 -1 814 -1 -2 
326 -1 814 -1 -2 
256 -1 814 -1 -2 
364 -1 841 -1 -2 
77 -1 580 -1 -2 
1449 -1 580 -1 -2 
1242 -1 580 -1 -2 
1675 -1 580 -1 -2 
103 -1 580 -1 -2 
1198 -1 580 -1 -2 
472 -1 580 -1 -2 
1231 -1 580 -1 -2 
1780 -1 580 -1 -2 
1781 -1 580 -1 -2 
1848 -1 580 -1 -2 
1849 -1 580 -1 -2 
1858 -1 580 -1 -2 
1859 -1 580 -1 -2 
1831 -1 580 -1 -2 
1822 -1 580 -1 -2 
507 -1 580 -1 -2 
1304 -1 580 -1 -2 
1027 -1 580 -1 -2 
121 -1 580 -1 -2 
706 -1 580 -1 -2 
1589 -1 580 -1 -2 
1457 -1 580 -1 -2 
1208 -1 580 -1 -2 
1209 -1 580 -1 -2 
1633 -1 580 -1 -2 
238 -1 580 -1 -2 
2 -1 580 -1 -2 
352 -1 580 -1 -2 
855 -1 580 -1 -2 
84 -1 580 -1 -2 
34 -1 580 -1 -2 
30 -1 580 -1 -2 
494 -1 580 -1 -2 
439 -1 580 -1 -2 
46 -1 580 -1 -2 
921 -1 580 -1 -2 
852 -1 580 -1 -2 
1629 -1 580 -1 -2 
1698 -1 580 -1 -2 
657 -1 580 -1 -2 
327 -1 580 -1 -2 
655 -1 580 -1 -2 
610 -1 580 -1 -2 
169 -1 580 -1 -2 
372 -1 580 -1 -2 
1277 -1 580 -1 -2 
391 -1 580 -1 -2 
1207 -1 580 -1 -2 
1142 -1 580 -1 -2 
1168 -1 580 -1 -2 
707 -1 580 -1 -2 
162 -1 580 -1 -2 
33 -1 580 -1 -2 
1854 -1 580 -1 -2 
80 -1 580 -1 -2 
1778 -1 611 -1 -2 
1784 -1 611 -1 -2 
871 -1 611 -1 -2 
437 -1 611 -1 -2 
142 -1 611 -1 -2 
449 -1 611 -1 -2 
141 -1 611 -1 -2 
52 -1 611 -1 -2 
1717 -1 611 -1 -2 
64 -1 611 -1 -2 
148 -1 611 -1 -2 
439 -1 1756 -1 -2 
229 -1 1756 -1 -2 
14 -1 1756 -1 -2 
77 -1 1756 -1 -2 
374 -1 1756 -1 -2 
1217 -1 1756 -1 -2 
1601 -1 1756 -1 -2 
1559 -1 1756 -1 -2 
1786 -1 1756 -1 -2 
1784 -1 1756 -1 -2 
1777 -1 1756 -1 -2 
1776 -1 1756 -1 -2 
1778 -1 1756 -1 -2 
442 -1 1756 -1 -2 
1399 -1 1756 -1 -2 
1398 -1 1756 -1 -2 
247 -1 1756 -1 -2 
445 -1 1756 -1 -2 
1863 -1 1756 -1 -2 
1864 -1 1756 -1 -2 
1866 -1 1756 -1 -2 
620 -1 1756 -1 -2 
9 -1 1756 -1 -2 
442 -1 1172 -1 -2 
271 -1 1172 -1 -2 
816 -1 1172 -1 -2 
271 -1 1172 -1 -2 
314 -1 1172 -1 -2 
103 -1 1172 -1 -2 
785 -1 1172 -1 -2 
57 -1 1172 -1 -2 
46 -1 586 -1 -2 
1094 -1 586 -1 -2 
337 -1 586 -1 -2 
77 -1 586 -1 -2 
839 -1 586 -1 -2 
271 -1 586 -1 -2 
56 -1 586 -1 -2 
1366 -1 586 -1 -2 
76 -1 586 -1 -2 
563 -1 586 -1 -2 
25 -1 586 -1 -2 
507 -1 586 -1 -2 
250 -1 586 -1 -2 
136 -1 586 -1 -2 
635 -1 586 -1 -2 
1090 -1 586 -1 -2 
262 -1 586 -1 -2 
261 -1 586 -1 -2 
869 -1 586 -1 -2 
70 -1 586 -1 -2 
1088 -1 586 -1 -2 
558 -1 586 -1 -2 
1001 -1 586 -1 -2 
170 -1 586 -1 -2 
81 -1 586 -1 -2 
439 -1 586 -1 -2 
706 -1 586 -1 -2 
84 -1 586 -1 -2 
310 -1 1282 -1 -2 
91 -1 1282 -1 -2 
468 -1 1282 -1 -2 
840 -1 1282 -1 -2 
665 -1 1282 -1 -2 
1007 -1 1282 -1 -2 
86 -1 1282 -1 -2 
350 -1 1282 -1 -2 
182 -1 1282 -1 -2 
254 -1 969 -1 -2 
479 -1 969 -1 -2 
144 -1 969 -1 -2 
1553 -1 1870 -1 -2 
1214 -1 1870 -1 -2 
1215 -1 1870 -1 -2 
1216 -1 1870 -1 -2 
859 -1 1870 -1 -2 
1494 -1 1870 -1 -2 
1300 -1 1870 -1 -2 
1145 -1 1870 -1 -2 
685 -1 1870 -1 -2 
1144 -1 1870 -1 -2 
251 -1 1870 -1 -2 
6 -1 1870 -1 -2 
91 -1 1870 -1 -2 
26 -1 1870 -1 -2 
184 -1 1870 -1 -2 
681 -1 1870 -1 -2 
665 -1 1870 -1 -2 
1184 -1 1870 -1 -2 
885 -1 1870 -1 -2 
711 -1 1870 -1 -2 
86 -1 1870 -1 -2 
1476 -1 1870 -1 -2 
371 -1 1870 -1 -2 
486 -1 1870 -1 -2 
31 -1 1870 -1 -2 
1162 -1 1870 -1 -2 
1662 -1 1870 -1 -2 
77 -1 1870 -1 -2 
1088 -1 1870 -1 -2 
1571 -1 1870 -1 -2 
824 -1 1870 -1 -2 
824 -1 1870 -1 -2 
968 -1 1870 -1 -2 
1398 -1 1870 -1 -2 
339 -1 1870 -1 -2 
707 -1 1870 -1 -2 
627 -1 1870 -1 -2 
1841 -1 1870 -1 -2 
1217 -1 1870 -1 -2 
707 -1 1870 -1 -2 
14 -1 1870 -1 -2 
725 -1 1870 -1 -2 
1108 -1 1870 -1 -2 
798 -1 1870 -1 -2 
1826 -1 1870 -1 -2 
229 -1 1870 -1 -2 
302 -1 1870 -1 -2 
853 -1 1870 -1 -2 
578 -1 1870 -1 -2 
485 -1 1870 -1 -2 
529 -1 1870 -1 -2 
340 -1 1870 -1 -2 
796 -1 1870 -1 -2 
211 -1 1870 -1 -2 
252 -1 1870 -1 -2 
250 -1 1870 -1 -2 
249 -1 1870 -1 -2 
427 -1 1870 -1 -2 
88 -1 1870 -1 -2 
167 -1 1870 -1 -2 
87 -1 1870 -1 -2 
677 -1 1870 -1 -2 
377 -1 1870 -1 -2 
1090 -1 1870 -1 -2 
8 -1 1870 -1 -2 
845 -1 1870 -1 -2 
749 -1 1870 -1 -2 
645 -1 1870 -1 -2 
1011 -1 1870 -1 -2 
1026 -1 1870 -1 -2 
9 -1 1870 -1 -2 
232 -1 1870 -1 -2 
324 -1 1870 -1 -2 
620 -1 1870 -1 -2 
219 -1 1870 -1 -2 
680 -1 1870 -1 -2 
844 -1 1870 -1 -2 
1180 -1 1870 -1 -2 
1179 -1 1870 -1 -2 
1825 -1 1870 -1 -2 
1174 -1 1870 -1 -2 
30 -1 1870 -1 -2 
1821 -1 1870 -1 -2 
200 -1 1870 -1 -2 
872 -1 1870 -1 -2 
454 -1 1870 -1 -2 
83 -1 1870 -1 -2 
1001 -1 1870 -1 -2 
1556 -1 1456 -1 -2 
288 -1 1456 -1 -2 
334 -1 1456 -1 -2 
302 -1 1456 -1 -2 
1174 -1 1456 -1 -2 
984 -1 1456 -1 -2 
654 -1 1456 -1 -2 
224 -1 1456 -1 -2 
142 -1 1456 -1 -2 
26 -1 1456 -1 -2 
282 -1 1456 -1 -2 
307 -1 1456 -1 -2 
347 -1 1456 -1 -2 
445 -1 1456 -1 -2 
437 -1 611 -1 -2 
871 -1 611 -1 -2 
327 -1 611 -1 -2 
1784 -1 611 -1 -2 
1778 -1 611 -1 -2 
449 -1 611 -1 -2 
141 -1 611 -1 -2 
142 -1 611 -1 -2 
52 -1 611 -1 -2 
1717 -1 611 -1 -2 
64 -1 611 -1 -2 
148 -1 611 -1 -2 
442 -1 241 -1 -2 
189 -1 241 -1 -2 
334 -1 241 -1 -2 
145 -1 241 -1 -2 
431 -1 241 -1 -2 
666 -1 241 -1 -2 
50 -1 241 -1 -2 
1628 -1 241 -1 -2 
377 -1 241 -1 -2 
523 -1 241 -1 -2 
597 -1 241 -1 -2 
1818 -1 241 -1 -2 
94 -1 241 -1 -2 
1837 -1 241 -1 -2 
759 -1 241 -1 -2 
851 -1 241 -1 -2 
369 -1 241 -1 -2 
451 -1 241 -1 -2 
260 -1 241 -1 -2 
348 -1 241 -1 -2 
1809 -1 241 -1 -2 
526 -1 241 -1 -2 
205 -1 241 -1 -2 
402 -1 241 -1 -2 
6 -1 241 -1 -2 
1 -1 241 -1 -2 
102 -1 241 -1 -2 
327 -1 241 -1 -2 
874 -1 241 -1 -2 
587 -1 241 -1 -2 
318 -1 241 -1 -2 
1858 -1 703 -1 -2 
144 -1 703 -1 -2 
1797 -1 703 -1 -2 
259 -1 703 -1 -2 
145 -1 703 -1 -2 
500 -1 703 -1 -2 
537 -1 703 -1 -2 
1483 -1 703 -1 -2 
1026 -1 703 -1 -2 
710 -1 703 -1 -2 
136 -1 703 -1 -2 
602 -1 703 -1 -2 
1838 -1 703 -1 -2 
700 -1 703 -1 -2 
372 -1 703 -1 -2 
1076 -1 703 -1 -2 
707 -1 703 -1 -2 
257 -1 703 -1 -2 
627 -1 703 -1 -2 
752 -1 703 -1 -2 
361 -1 703 -1 -2 
989 -1 703 -1 -2 
567 -1 703 -1 -2 
364 -1 703 -1 -2 
251 -1 131 -1 -2 
56 -1 131 -1 -2 
64 -1 131 -1 -2 
6 -1 131 -1 -2 
540 -1 131 -1 -2 
107 -1 131 -1 -2 
1087 -1 131 -1 -2 
73 -1 131 -1 -2 
147 -1 131 -1 -2 
144 -1 131 -1 -2 
259 -1 131 -1 -2 
1797 -1 131 -1 -2 
925 -1 131 -1 -2 
414 -1 131 -1 -2 
141 -1 131 -1 -2 
142 -1 131 -1 -2 
654 -1 131 -1 -2 
449 -1 131 -1 -2 
79 -1 131 -1 -2 
146 -1 131 -1 -2 
245 -1 131 -1 -2 
148 -1 131 -1 -2 
138 -1 131 -1 -2 
139 -1 131 -1 -2 
1159 -1 131 -1 -2 
113 -1 1511 -1 -2 
4 -1 1511 -1 -2 
610 -1 1511 -1 -2 
930 -1 1511 -1 -2 
262 -1 1511 -1 -2 
1786 -1 1511 -1 -2 
1783 -1 1511 -1 -2 
1820 -1 1511 -1 -2 
602 -1 1511 -1 -2 
267 -1 1511 -1 -2 
305 -1 1511 -1 -2 
306 -1 1511 -1 -2 
1517 -1 1511 -1 -2 
1516 -1 1511 -1 -2 
1860 -1 1511 -1 -2 
1826 -1 1511 -1 -2 
247 -1 1511 -1 -2 
265 -1 1511 -1 -2 
263 -1 1511 -1 -2 
946 -1 1572 -1 -2 
35 -1 1572 -1 -2 
1021 -1 1572 -1 -2 
1087 -1 1572 -1 -2 
185 -1 1572 -1 -2 
25 -1 1572 -1 -2 
414 -1 1572 -1 -2 
177 -1 1572 -1 -2 
626 -1 1572 -1 -2 
361 -1 1572 -1 -2 
141 -1 1572 -1 -2 
56 -1 1572 -1 -2 
14 -1 1572 -1 -2 
645 -1 1572 -1 -2 
477 -1 1572 -1 -2 
373 -1 1572 -1 -2 
872 -1 1572 -1 -2 
1159 -1 551 -1 -2 
70 -1 551 -1 -2 
372 -1 551 -1 -2 
69 -1 551 -1 -2 
631 -1 551 -1 -2 
653 -1 551 -1 -2 
729 -1 551 -1 -2 
38 -1 551 -1 -2 
1063 -1 551 -1 -2 
559 -1 551 -1 -2 
224 -1 551 -1 -2 
371 -1 551 -1 -2 
1135 -1 551 -1 -2 
150 -1 551 -1 -2 
707 -1 551 -1 -2 
1781 -1 551 -1 -2 
1771 -1 551 -1 -2 
364 -1 551 -1 -2 
674 -1 551 -1 -2 
1859 -1 551 -1 -2 
1858 -1 551 -1 -2 
1780 -1 551 -1 -2 
1840 -1 551 -1 -2 
1866 -1 551 -1 -2 
1865 -1 551 -1 -2 
1857 -1 551 -1 -2 
31 -1 1269 -1 -2 
1820 -1 1269 -1 -2 
1036 -1 1269 -1 -2 
973 -1 1269 -1 -2 
830 -1 1269 -1 -2 
1753 -1 1269 -1 -2 
362 -1 1269 -1 -2 
860 -1 1269 -1 -2 
1865 -1 1269 -1 -2 
1857 -1 1269 -1 -2 
254 -1 1269 -1 -2 
253 -1 1269 -1 -2 
872 -1 1269 -1 -2 
1 -1 1269 -1 -2 
1088 -1 1269 -1 -2 
1089 -1 1269 -1 -2 
1090 -1 1269 -1 -2 
1091 -1 1269 -1 -2 
1859 -1 1269 -1 -2 
1557 -1 1269 -1 -2 
41 -1 1269 -1 -2 
14 -1 1269 -1 -2 
1035 -1 1269 -1 -2 
977 -1 1269 -1 -2 
8 -1 1269 -1 -2 
32 -1 1269 -1 -2 
135 -1 1649 -1 -2 
64 -1 1649 -1 -2 
1504 -1 1649 -1 -2 
1654 -1 1649 -1 -2 
1396 -1 1649 -1 -2 
1797 -1 1649 -1 -2 
3 -1 1649 -1 -2 
247 -1 1033 -1 -2 
265 -1 1033 -1 -2 
869 -1 1033 -1 -2 
70 -1 1033 -1 -2 
635 -1 1033 -1 -2 
716 -1 1033 -1 -2 
417 -1 1033 -1 -2 
942 -1 1033 -1 -2 
1005 -1 1033 -1 -2 
546 -1 1033 -1 -2 
658 -1 1033 -1 -2 
540 -1 1033 -1 -2 
1826 -1 1033 -1 -2 
179 -1 1033 -1 -2 
390 -1 1033 -1 -2 
136 -1 1033 -1 -2 
107 -1 1033 -1 -2 
414 -1 1033 -1 -2 
442 -1 536 -1 -2 
516 -1 536 -1 -2 
437 -1 536 -1 -2 
442 -1 536 -1 -2 
437 -1 536 -1 -2 
516 -1 536 -1 -2 
442 -1 536 -1 -2 
437 -1 536 -1 -2 
516 -1 536 -1 -2 
851 -1 580 -1 -2 
667 -1 580 -1 -2 
1179 -1 580 -1 -2 
272 -1 580 -1 -2 
389 -1 580 -1 -2 
390 -1 580 -1 -2 
294 -1 580 -1 -2 
64 -1 580 -1 -2 
56 -1 580 -1 -2 
527 -1 580 -1 -2 
54 -1 580 -1 -2 
931 -1 580 -1 -2 
582 -1 580 -1 -2 
53 -1 1182 -1 -2 
779 -1 1182 -1 -2 
970 -1 1182 -1 -2 
423 -1 1182 -1 -2 
56 -1 1182 -1 -2 
42 -1 1182 -1 -2 
1011 -1 1182 -1 -2 
1020 -1 1182 -1 -2 
1012 -1 1182 -1 -2 
1026 -1 1182 -1 -2 
207 -1 1182 -1 -2 
33 -1 1182 -1 -2 
369 -1 1182 -1 -2 
251 -1 1182 -1 -2 
179 -1 1182 -1 -2 
878 -1 1182 -1 -2 
1549 -1 1182 -1 -2 
326 -1 1182 -1 -2 
328 -1 1182 -1 -2 
202 -1 1182 -1 -2 
362 -1 1182 -1 -2 
259 -1 1182 -1 -2 
558 -1 1182 -1 -2 
1263 -1 1527 -1 -2 
795 -1 1527 -1 -2 
646 -1 1527 -1 -2 
346 -1 1527 -1 -2 
443 -1 1527 -1 -2 
423 -1 1527 -1 -2 
280 -1 1527 -1 -2 
347 -1 1527 -1 -2 
282 -1 1527 -1 -2 
1820 -1 1527 -1 -2 
595 -1 1527 -1 -2 
170 -1 1527 -1 -2 
238 -1 1527 -1 -2 
189 -1 1527 -1 -2 
314 -1 1527 -1 -2 
651 -1 1527 -1 -2 
64 -1 1527 -1 -2 
15 -1 1527 -1 -2 
14 -1 1527 -1 -2 
1778 -1 1527 -1 -2 
1786 -1 1527 -1 -2 
1776 -1 1527 -1 -2 
1786 -1 1527 -1 -2 
1777 -1 1527 -1 -2 
690 -1 1527 -1 -2 
464 -1 1527 -1 -2 
374 -1 1527 -1 -2 
41 -1 1527 -1 -2 
984 -1 1527 -1 -2 
1717 -1 1527 -1 -2 
52 -1 1527 -1 -2 
251 -1 1527 -1 -2 
1089 -1 1527 -1 -2 
200 -1 1527 -1 -2 
1045 -1 1527 -1 -2 
138 -1 1527 -1 -2 
406 -1 1527 -1 -2 
690 -1 1527 -1 -2 
1247 -1 1527 -1 -2 
372 -1 1527 -1 -2 
1120 -1 1527 -1 -2 
1118 -1 1527 -1 -2 
1121 -1 1527 -1 -2 
1119 -1 1527 -1 -2 
1116 -1 1527 -1 -2 
1117 -1 1527 -1 -2 
1177 -1 1527 -1 -2 
881 -1 1527 -1 -2 
139 -1 1527 -1 -2 
171 -1 1527 -1 -2 
998 -1 1527 -1 -2 
1311 -1 1527 -1 -2 
487 -1 1527 -1 -2 
490 -1 1527 -1 -2 
193 -1 1527 -1 -2 
6 -1 536 -1 -2 
602 -1 536 -1 -2 
1714 -1 536 -1 -2 
760 -1 536 -1 -2 
516 -1 536 -1 -2 
1206 -1 536 -1 -2 
438 -1 536 -1 -2 
101 -1 536 -1 -2 
328 -1 536 -1 -2 
656 -1 536 -1 -2 
960 -1 536 -1 -2 
269 -1 536 -1 -2 
77 -1 536 -1 -2 
527 -1 536 -1 -2 
41 -1 536 -1 -2 
442 -1 536 -1 -2 
271 -1 536 -1 -2 
106 -1 536 -1 -2 
1855 -1 536 -1 -2 
545 -1 536 -1 -2 
423 -1 536 -1 -2 
189 -1 536 -1 -2 
546 -1 536 -1 -2 
15 -1 536 -1 -2 
550 -1 536 -1 -2 
1080 -1 536 -1 -2 
43 -1 536 -1 -2 
127 -1 536 -1 -2 
1407 -1 536 -1 -2 
576 -1 536 -1 -2 
1602 -1 536 -1 -2 
540 -1 536 -1 -2 
1483 -1 536 -1 -2 
204 -1 536 -1 -2 
402 -1 536 -1 -2 
396 -1 536 -1 -2 
753 -1 536 -1 -2 
730 -1 536 -1 -2 
854 -1 536 -1 -2 
94 -1 536 -1 -2 
1029 -1 63 -1 -2 
673 -1 63 -1 -2 
968 -1 63 -1 -2 
745 -1 63 -1 -2 
58 -1 63 -1 -2 
1401 -1 63 -1 -2 
819 -1 63 -1 -2 
1860 -1 63 -1 -2 
435 -1 63 -1 -2 
541 -1 63 -1 -2 
145 -1 63 -1 -2 
1826 -1 63 -1 -2 
798 -1 63 -1 -2 
463 -1 63 -1 -2 
669 -1 63 -1 -2 
98 -1 63 -1 -2 
125 -1 63 -1 -2 
989 -1 63 -1 -2 
422 -1 63 -1 -2 
129 -1 63 -1 -2 
369 -1 63 -1 -2 
1483 -1 63 -1 -2 
953 -1 63 -1 -2 
110 -1 63 -1 -2 
705 -1 63 -1 -2 
102 -1 63 -1 -2 
565 -1 63 -1 -2 
524 -1 63 -1 -2 
727 -1 63 -1 -2 
267 -1 63 -1 -2 
666 -1 63 -1 -2 
1418 -1 63 -1 -2 
1151 -1 63 -1 -2 
777 -1 63 -1 -2 
146 -1 63 -1 -2 
414 -1 975 -1 -2 
1509 -1 611 -1 -2 
1699 -1 611 -1 -2 
1495 -1 611 -1 -2 
753 -1 611 -1 -2 
148 -1 611 -1 -2 
87 -1 611 -1 -2 
136 -1 611 -1 -2 
437 -1 611 -1 -2 
142 -1 611 -1 -2 
449 -1 611 -1 -2 
141 -1 611 -1 -2 
52 -1 611 -1 -2 
1717 -1 611 -1 -2 
267 -1 1708 -1 -2 
546 -1 1708 -1 -2 
4 -1 1708 -1 -2 
113 -1 1708 -1 -2 
6 -1 1708 -1 -2 
248 -1 1708 -1 -2 
121 -1 1623 -1 -2 
1027 -1 1623 -1 -2 
166 -1 1623 -1 -2 
87 -1 1623 -1 -2 
148 -1 1623 -1 -2 
219 -1 1623 -1 -2 
853 -1 1623 -1 -2 
8 -1 1623 -1 -2 
908 -1 1623 -1 -2 
907 -1 1623 -1 -2 
1116 -1 1623 -1 -2 
1121 -1 1623 -1 -2 
1120 -1 1623 -1 -2 
1119 -1 1623 -1 -2 
1118 -1 1623 -1 -2 
1117 -1 1623 -1 -2 
133 -1 1623 -1 -2 
242 -1 1623 -1 -2 
250 -1 1623 -1 -2 
427 -1 1623 -1 -2 
1809 -1 1623 -1 -2 
1148 -1 1623 -1 -2 
136 -1 1623 -1 -2 
1259 -1 1623 -1 -2 
1476 -1 1779 -1 -2 
855 -1 1779 -1 -2 
226 -1 1779 -1 -2 
238 -1 1779 -1 -2 
130 -1 1779 -1 -2 
64 -1 1779 -1 -2 
1855 -1 1779 -1 -2 
861 -1 1779 -1 -2 
1135 -1 1779 -1 -2 
170 -1 1779 -1 -2 
970 -1 1779 -1 -2 
1246 -1 1779 -1 -2 
58 -1 1779 -1 -2 
1859 -1 1779 -1 -2 
712 -1 1779 -1 -2 
145 -1 1779 -1 -2 
1039 -1 1779 -1 -2 
796 -1 1779 -1 -2 
339 -1 1779 -1 -2 
259 -1 1779 -1 -2 
276 -1 1779 -1 -2 
1049 -1 1779 -1 -2 
1164 -1 1779 -1 -2 
1504 -1 1779 -1 -2 
838 -1 1779 -1 -2 
1208 -1 1779 -1 -2 
1407 -1 1779 -1 -2 
93 -1 1779 -1 -2 
1283 -1 1779 -1 -2 
1283 -1 990 -1 -2 
1283 -1 990 -1 -2 
712 -1 1450 -1 -2 
713 -1 1450 -1 -2 
82 -1 1450 -1 -2 
796 -1 1450 -1 -2 
211 -1 1450 -1 -2 
450 -1 1450 -1 -2 
358 -1 1450 -1 -2 
906 -1 1450 -1 -2 
1039 -1 1450 -1 -2 
116 -1 1450 -1 -2 
526 -1 1450 -1 -2 
205 -1 1450 -1 -2 
6 -1 1450 -1 -2 
260 -1 1450 -1 -2 
348 -1 1450 -1 -2 
64 -1 1061 -1 -2 
1717 -1 1061 -1 -2 
984 -1 1061 -1 -2 
52 -1 1061 -1 -2 
914 -1 1061 -1 -2 
133 -1 1061 -1 -2 
148 -1 1061 -1 -2 
41 -1 1061 -1 -2 
181 -1 1061 -1 -2 
757 -1 1061 -1 -2 
1519 -1 1061 -1 -2 
765 -1 1061 -1 -2 
321 -1 1061 -1 -2 
1094 -1 1061 -1 -2 
6 -1 497 -1 -2 
529 -1 497 -1 -2 
602 -1 497 -1 -2 
126 -1 1033 -1 -2 
111 -1 562 -1 -2 
112 -1 562 -1 -2 
359 -1 562 -1 -2 
358 -1 562 -1 -2 
974 -1 562 -1 -2 
380 -1 562 -1 -2 
627 -1 562 -1 -2 
558 -1 562 -1 -2 
297 -1 562 -1 -2 
796 -1 562 -1 -2 
10 -1 562 -1 -2 
35 -1 562 -1 -2 
805 -1 562 -1 -2 
1023 -1 562 -1 -2 
804 -1 562 -1 -2 
1495 -1 562 -1 -2 
251 -1 562 -1 -2 
1011 -1 562 -1 -2 
907 -1 562 -1 -2 
454 -1 562 -1 -2 
185 -1 562 -1 -2 
1824 -1 562 -1 -2 
1822 -1 562 -1 -2 
750 -1 562 -1 -2 
1025 -1 562 -1 -2 
1849 -1 562 -1 -2 
1847 -1 562 -1 -2 
549 -1 562 -1 -2 
1478 -1 562 -1 -2 
284 -1 191 -1 -2 
666 -1 191 -1 -2 
1158 -1 191 -1 -2 
860 -1 191 -1 -2 
1093 -1 191 -1 -2 
1399 -1 191 -1 -2 
1113 -1 191 -1 -2 
1191 -1 191 -1 -2 
322 -1 191 -1 -2 
103 -1 191 -1 -2 
540 -1 191 -1 -2 
1243 -1 191 -1 -2 
548 -1 191 -1 -2 
718 -1 191 -1 -2 
1243 -1 191 -1 -2 
811 -1 191 -1 -2 
1094 -1 191 -1 -2 
690 -1 191 -1 -2 
650 -1 191 -1 -2 
1713 -1 191 -1 -2 
221 -1 191 -1 -2 
391 -1 191 -1 -2 
427 -1 191 -1 -2 
627 -1 191 -1 -2 
1013 -1 191 -1 -2 
1784 -1 191 -1 -2 
1776 -1 191 -1 -2 
1419 -1 191 -1 -2 
509 -1 191 -1 -2 
251 -1 191 -1 -2 
455 -1 191 -1 -2 
961 -1 191 -1 -2 
988 -1 191 -1 -2 
109 -1 191 -1 -2 
995 -1 191 -1 -2 
389 -1 191 -1 -2 
107 -1 191 -1 -2 
872 -1 191 -1 -2 
142 -1 191 -1 -2 
449 -1 191 -1 -2 
141 -1 191 -1 -2 
226 -1 191 -1 -2 
574 -1 191 -1 -2 
238 -1 191 -1 -2 
1268 -1 191 -1 -2 
75 -1 191 -1 -2 
760 -1 191 -1 -2 
145 -1 191 -1 -2 
435 -1 191 -1 -2 
860 -1 191 -1 -2 
362 -1 191 -1 -2 
201 -1 191 -1 -2 
450 -1 191 -1 -2 
202 -1 191 -1 -2 
45 -1 191 -1 -2 
1007 -1 191 -1 -2 
194 -1 191 -1 -2 
385 -1 191 -1 -2 
196 -1 191 -1 -2 
1398 -1 191 -1 -2 
228 -1 1440 -1 -2 
361 -1 1440 -1 -2 
1203 -1 1440 -1 -2 
1638 -1 1440 -1 -2 
529 -1 1326 -1 -2 
1092 -1 1326 -1 -2 
868 -1 1326 -1 -2 
1557 -1 1326 -1 -2 
493 -1 1326 -1 -2 
812 -1 1326 -1 -2 
345 -1 1326 -1 -2 
1194 -1 1326 -1 -2 
113 -1 1326 -1 -2 
271 -1 1326 -1 -2 
1113 -1 1326 -1 -2 
944 -1 1851 -1 -2 
142 -1 1772 -1 -2 
224 -1 1772 -1 -2 
449 -1 1772 -1 -2 
141 -1 1772 -1 -2 
142 -1 475 -1 -2 
78 -1 1587 -1 -2 
817 -1 1587 -1 -2 
989 -1 1587 -1 -2 
1848 -1 1416 -1 -2 
1849 -1 1416 -1 -2 
1847 -1 1416 -1 -2 
680 -1 1416 -1 -2 
25 -1 1416 -1 -2 
451 -1 1416 -1 -2 
260 -1 1416 -1 -2 
602 -1 1416 -1 -2 
500 -1 1416 -1 -2 
760 -1 1416 -1 -2 
1157 -1 1416 -1 -2 
259 -1 1416 -1 -2 
144 -1 1416 -1 -2 
435 -1 1416 -1 -2 
434 -1 1416 -1 -2 
1797 -1 1416 -1 -2 
1854 -1 1416 -1 -2 
1291 -1 1416 -1 -2 
1553 -1 1416 -1 -2 
1290 -1 1416 -1 -2 
840 -1 1271 -1 -2 
393 -1 1271 -1 -2 
358 -1 1271 -1 -2 
78 -1 1271 -1 -2 
414 -1 1271 -1 -2 
751 -1 1271 -1 -2 
99 -1 611 -1 -2 
437 -1 611 -1 -2 
100 -1 415 -1 -2 
326 -1 415 -1 -2 
159 -1 415 -1 -2 
661 -1 415 -1 -2 
430 -1 415 -1 -2 
588 -1 415 -1 -2 
429 -1 415 -1 -2 
418 -1 415 -1 -2 
417 -1 415 -1 -2 
214 -1 415 -1 -2 
863 -1 415 -1 -2 
571 -1 415 -1 -2 
392 -1 415 -1 -2 
255 -1 415 -1 -2 
434 -1 415 -1 -2 
144 -1 415 -1 -2 
259 -1 415 -1 -2 
87 -1 415 -1 -2 
167 -1 415 -1 -2 
88 -1 415 -1 -2 
249 -1 415 -1 -2 
250 -1 415 -1 -2 
138 -1 415 -1 -2 
138 -1 415 -1 -2 
828 -1 415 -1 -2 
421 -1 415 -1 -2 
1234 -1 415 -1 -2 
79 -1 415 -1 -2 
1241 -1 415 -1 -2 
414 -1 415 -1 -2 
1024 -1 415 -1 -2 
658 -1 415 -1 -2 
1797 -1 415 -1 -2 
435 -1 415 -1 -2 
218 -1 415 -1 -2 
258 -1 415 -1 -2 
651 -1 415 -1 -2 
189 -1 415 -1 -2 
204 -1 415 -1 -2 
526 -1 415 -1 -2 
1841 -1 415 -1 -2 
443 -1 415 -1 -2 
334 -1 415 -1 -2 
300 -1 415 -1 -2 
282 -1 415 -1 -2 
347 -1 415 -1 -2 
283 -1 415 -1 -2 
308 -1 415 -1 -2 
382 -1 415 -1 -2 
346 -1 415 -1 -2 
217 -1 415 -1 -2 
229 -1 415 -1 -2 
307 -1 415 -1 -2 
335 -1 415 -1 -2 
14 -1 415 -1 -2 
851 -1 415 -1 -2 
15 -1 415 -1 -2 
179 -1 415 -1 -2 
107 -1 415 -1 -2 
1463 -1 63 -1 -2 
245 -1 63 -1 -2 
99 -1 63 -1 -2 
1417 -1 63 -1 -2 
307 -1 63 -1 -2 
302 -1 63 -1 -2 
259 -1 63 -1 -2 
727 -1 63 -1 -2 
614 -1 63 -1 -2 
616 -1 63 -1 -2 
109 -1 63 -1 -2 
549 -1 63 -1 -2 
154 -1 63 -1 -2 
41 -1 63 -1 -2 
56 -1 63 -1 -2 
1819 -1 1868 -1 -2 
419 -1 1868 -1 -2 
1428 -1 1868 -1 -2 
1055 -1 1868 -1 -2 
1771 -1 1868 -1 -2 
136 -1 1868 -1 -2 
1858 -1 1868 -1 -2 
1205 -1 1868 -1 -2 
254 -1 536 -1 -2 
1309 -1 536 -1 -2 
200 -1 536 -1 -2 
1018 -1 536 -1 -2 
541 -1 536 -1 -2 
854 -1 536 -1 -2 
94 -1 536 -1 -2 
550 -1 536 -1 -2 
546 -1 536 -1 -2 
361 -1 536 -1 -2 
77 -1 1649 -1 -2 
14 -1 1649 -1 -2 
6 -1 1649 -1 -2 
27 -1 1649 -1 -2 
238 -1 1649 -1 -2 
219 -1 1649 -1 -2 
511 -1 1649 -1 -2 
972 -1 1649 -1 -2 
211 -1 1649 -1 -2 
796 -1 1649 -1 -2 
558 -1 1649 -1 -2 
64 -1 1649 -1 -2 
116 -1 1649 -1 -2 
1797 -1 1649 -1 -2 
259 -1 1649 -1 -2 
4 -1 1649 -1 -2 
500 -1 1649 -1 -2 
398 -1 1649 -1 -2 
808 -1 1649 -1 -2 
342 -1 1649 -1 -2 
825 -1 1649 -1 -2 
571 -1 1649 -1 -2 
568 -1 1649 -1 -2 
3 -1 1649 -1 -2 
240 -1 1649 -1 -2 
79 -1 1649 -1 -2 
145 -1 1649 -1 -2 
144 -1 1649 -1 -2 
1780 -1 580 -1 -2 
1771 -1 580 -1 -2 
1849 -1 580 -1 -2 
1830 -1 580 -1 -2 
1632 -1 580 -1 -2 
1662 -1 580 -1 -2 
554 -1 580 -1 -2 
1713 -1 580 -1 -2 
478 -1 580 -1 -2 
137 -1 580 -1 -2 
466 -1 580 -1 -2 
368 -1 580 -1 -2 
527 -1 580 -1 -2 
976 -1 580 -1 -2 
802 -1 580 -1 -2 
85 -1 580 -1 -2 
1213 -1 580 -1 -2 
26 -1 580 -1 -2 
1308 -1 580 -1 -2 
846 -1 580 -1 -2 
1125 -1 580 -1 -2 
1124 -1 580 -1 -2 
640 -1 580 -1 -2 
750 -1 580 -1 -2 
1025 -1 580 -1 -2 
1231 -1 580 -1 -2 
399 -1 580 -1 -2 
874 -1 580 -1 -2 
1118 -1 580 -1 -2 
1120 -1 580 -1 -2 
1117 -1 580 -1 -2 
979 -1 580 -1 -2 
789 -1 580 -1 -2 
727 -1 580 -1 -2 
165 -1 580 -1 -2 
1578 -1 580 -1 -2 
387 -1 580 -1 -2 
1186 -1 580 -1 -2 
1434 -1 580 -1 -2 
777 -1 580 -1 -2 
1730 -1 580 -1 -2 
915 -1 580 -1 -2 
249 -1 580 -1 -2 
78 -1 580 -1 -2 
42 -1 580 -1 -2 
895 -1 580 -1 -2 
781 -1 580 -1 -2 
460 -1 580 -1 -2 
219 -1 580 -1 -2 
1051 -1 580 -1 -2 
1069 -1 580 -1 -2 
343 -1 580 -1 -2 
655 -1 1740 -1 -2 
657 -1 1740 -1 -2 
499 -1 1740 -1 -2 
619 -1 1740 -1 -2 
326 -1 1740 -1 -2 
442 -1 1740 -1 -2 
194 -1 1740 -1 -2 
385 -1 1740 -1 -2 
196 -1 1740 -1 -2 
1783 -1 1740 -1 -2 
254 -1 1740 -1 -2 
503 -1 1740 -1 -2 
502 -1 1740 -1 -2 
64 -1 1740 -1 -2 
1478 -1 1740 -1 -2 
225 -1 1740 -1 -2 
1214 -1 1740 -1 -2 
1216 -1 1740 -1 -2 
358 -1 1740 -1 -2 
83 -1 1740 -1 -2 
40 -1 1740 -1 -2 
560 -1 1740 -1 -2 
258 -1 1740 -1 -2 
986 -1 1740 -1 -2 
1255 -1 1740 -1 -2 
627 -1 1740 -1 -2 
361 -1 1740 -1 -2 
645 -1 1740 -1 -2 
84 -1 1740 -1 -2 
884 -1 1740 -1 -2 
200 -1 1740 -1 -2 
282 -1 1740 -1 -2 
1273 -1 1740 -1 -2 
271 -1 1740 -1 -2 
872 -1 1740 -1 -2 
1771 -1 1740 -1 -2 
224 -1 1740 -1 -2 
449 -1 1740 -1 -2 
476 -1 1740 -1 -2 
142 -1 1740 -1 -2 
141 -1 1740 -1 -2 
1194 -1 1740 -1 -2 
258 -1 1620 -1 -2 
218 -1 1620 -1 -2 
1780 -1 1620 -1 -2 
1781 -1 1620 -1 -2 
793 -1 1620 -1 -2 
1203 -1 1620 -1 -2 
1771 -1 1620 -1 -2 
1476 -1 1620 -1 -2 
1160 -1 1620 -1 -2 
890 -1 1620 -1 -2 
1442 -1 1620 -1 -2 
1197 -1 1620 -1 -2 
1012 -1 1620 -1 -2 
1020 -1 1620 -1 -2 
204 -1 1620 -1 -2 
527 -1 1620 -1 -2 
666 -1 1620 -1 -2 
849 -1 1620 -1 -2 
172 -1 1620 -1 -2 
779 -1 1620 -1 -2 
1793 -1 1708 -1 -2 
1802 -1 1033 -1 -2 
1231 -1 580 -1 -2 
1005 -1 580 -1 -2 
942 -1 580 -1 -2 
325 -1 580 -1 -2 
887 -1 580 -1 -2 
877 -1 580 -1 -2 
1051 -1 580 -1 -2 
342 -1 580 -1 -2 
3 -1 580 -1 -2 
341 -1 580 -1 -2 
466 -1 580 -1 -2 
470 -1 580 -1 -2 
451 -1 580 -1 -2 
946 -1 580 -1 -2 
1169 -1 580 -1 -2 
602 -1 580 -1 -2 
6 -1 580 -1 -2 
713 -1 580 -1 -2 
346 -1 580 -1 -2 
1513 -1 580 -1 -2 
655 -1 580 -1 -2 
836 -1 580 -1 -2 
414 -1 1444 -1 -2 
820 -1 1444 -1 -2 
1794 -1 1498 -1 -2 
1793 -1 1498 -1 -2 
584 -1 1498 -1 -2 
746 -1 1498 -1 -2 
218 -1 1498 -1 -2 
101 -1 1498 -1 -2 
232 -1 1498 -1 -2 
233 -1 1498 -1 -2 
148 -1 1498 -1 -2 
288 -1 1498 -1 -2 
908 -1 1498 -1 -2 
907 -1 1498 -1 -2 
181 -1 1498 -1 -2 
414 -1 1498 -1 -2 
1820 -1 1498 -1 -2 
663 -1 1498 -1 -2 
1206 -1 1498 -1 -2 
69 -1 1498 -1 -2 
1861 -1 1498 -1 -2 
154 -1 1498 -1 -2 
373 -1 1498 -1 -2 
690 -1 1498 -1 -2 
590 -1 1498 -1 -2 
189 -1 1498 -1 -2 
282 -1 1498 -1 -2 
1297 -1 1498 -1 -2 
77 -1 1218 -1 -2 
139 -1 1218 -1 -2 
1029 -1 1218 -1 -2 
1007 -1 1218 -1 -2 
847 -1 1218 -1 -2 
485 -1 1218 -1 -2 
711 -1 1218 -1 -2 
796 -1 1218 -1 -2 
339 -1 1218 -1 -2 
1162 -1 1218 -1 -2 
351 -1 1218 -1 -2 
56 -1 873 -1 -2 
6 -1 873 -1 -2 
451 -1 873 -1 -2 
1809 -1 873 -1 -2 
526 -1 873 -1 -2 
369 -1 873 -1 -2 
260 -1 873 -1 -2 
402 -1 873 -1 -2 
874 -1 873 -1 -2 
822 -1 873 -1 -2 
1 -1 873 -1 -2 
428 -1 873 -1 -2 
430 -1 873 -1 -2 
711 -1 873 -1 -2 
5 -1 873 -1 -2 
14 -1 873 -1 -2 
387 -1 873 -1 -2 
342 -1 873 -1 -2 
1771 -1 873 -1 -2 
508 -1 873 -1 -2 
43 -1 873 -1 -2 
1797 -1 873 -1 -2 
866 -1 873 -1 -2 
144 -1 873 -1 -2 
201 -1 873 -1 -2 
202 -1 873 -1 -2 
362 -1 873 -1 -2 
860 -1 873 -1 -2 
625 -1 873 -1 -2 
139 -1 873 -1 -2 
620 -1 873 -1 -2 
507 -1 873 -1 -2 
585 -1 873 -1 -2 
1208 -1 873 -1 -2 
1209 -1 873 -1 -2 
602 -1 873 -1 -2 
4 -1 873 -1 -2 
9 -1 873 -1 -2 
374 -1 873 -1 -2 
41 -1 873 -1 -2 
423 -1 873 -1 -2 
302 -1 873 -1 -2 
46 -1 873 -1 -2 
675 -1 873 -1 -2 
284 -1 873 -1 -2 
179 -1 873 -1 -2 
251 -1 873 -1 -2 
133 -1 873 -1 -2 
504 -1 873 -1 -2 
505 -1 873 -1 -2 
731 -1 580 -1 -2 
896 -1 580 -1 -2 
1090 -1 580 -1 -2 
706 -1 580 -1 -2 
881 -1 580 -1 -2 
845 -1 580 -1 -2 
26 -1 580 -1 -2 
1781 -1 580 -1 -2 
64 -1 580 -1 -2 
582 -1 580 -1 -2 
56 -1 580 -1 -2 
193 -1 1237 -1 -2 
1211 -1 1237 -1 -2 
1557 -1 1237 -1 -2 
867 -1 1237 -1 -2 
1026 -1 1237 -1 -2 
1268 -1 1237 -1 -2 
345 -1 1237 -1 -2 
1188 -1 1237 -1 -2 
79 -1 1237 -1 -2 
26 -1 1237 -1 -2 
268 -1 1237 -1 -2 
116 -1 1237 -1 -2 
260 -1 1237 -1 -2 
369 -1 1237 -1 -2 
1 -1 1237 -1 -2 
451 -1 1237 -1 -2 
795 -1 1237 -1 -2 
57 -1 1237 -1 -2 
679 -1 1237 -1 -2 
760 -1 1237 -1 -2 
259 -1 1237 -1 -2 
434 -1 1237 -1 -2 
145 -1 1237 -1 -2 
144 -1 1237 -1 -2 
435 -1 1237 -1 -2 
201 -1 1237 -1 -2 
860 -1 1237 -1 -2 
100 -1 1237 -1 -2 
362 -1 1237 -1 -2 
200 -1 1501 -1 -2 
11 -1 1218 -1 -2 
78 -1 1218 -1 -2 
36 -1 1218 -1 -2 
444 -1 1218 -1 -2 
35 -1 1218 -1 -2 
1834 -1 1218 -1 -2 
1825 -1 1218 -1 -2 
1771 -1 1218 -1 -2 
1784 -1 1218 -1 -2 
1866 -1 1218 -1 -2 
14 -1 1218 -1 -2 
77 -1 1218 -1 -2 
527 -1 1218 -1 -2 
337 -1 1218 -1 -2 
1007 -1 1218 -1 -2 
139 -1 1218 -1 -2 
339 -1 1218 -1 -2 
1288 -1 1218 -1 -2 
1206 -1 1374 -1 -2 
146 -1 1374 -1 -2 
379 -1 562 -1 -2 
64 -1 562 -1 -2 
58 -1 562 -1 -2 
64 -1 1446 -1 -2 
251 -1 1446 -1 -2 
1330 -1 1642 -1 -2 
1258 -1 1642 -1 -2 
1259 -1 1642 -1 -2 
1076 -1 1642 -1 -2 
540 -1 1642 -1 -2 
251 -1 1642 -1 -2 
179 -1 1642 -1 -2 
674 -1 1642 -1 -2 
1859 -1 1642 -1 -2 
1858 -1 1642 -1 -2 
801 -1 1642 -1 -2 
1308 -1 1642 -1 -2 
833 -1 1642 -1 -2 
846 -1 1642 -1 -2 
186 -1 1642 -1 -2 
1290 -1 1642 -1 -2 
1600 -1 1642 -1 -2 
320 -1 1642 -1 -2 
369 -1 1642 -1 -2 
260 -1 1642 -1 -2 
11 -1 1642 -1 -2 
585 -1 1642 -1 -2 
729 -1 1642 -1 -2 
632 -1 1642 -1 -2 
1553 -1 1642 -1 -2 
268 -1 1642 -1 -2 
526 -1 1642 -1 -2 
840 -1 1423 -1 -2 
64 -1 1423 -1 -2 
317 -1 600 -1 -2 
1809 -1 600 -1 -2 
526 -1 600 -1 -2 
1 -1 600 -1 -2 
188 -1 600 -1 -2 
1059 -1 1574 -1 -2 
245 -1 1574 -1 -2 
874 -1 1574 -1 -2 
1524 -1 1574 -1 -2 
37 -1 1574 -1 -2 
914 -1 1574 -1 -2 
663 -1 1637 -1 -2 
33 -1 1637 -1 -2 
1265 -1 1637 -1 -2 
1822 -1 1637 -1 -2 
227 -1 1637 -1 -2 
1264 -1 1637 -1 -2 
93 -1 1637 -1 -2 
1354 -1 1637 -1 -2 
185 -1 1637 -1 -2 
251 -1 1637 -1 -2 
1148 -1 1637 -1 -2 
591 -1 1637 -1 -2 
932 -1 1637 -1 -2 
52 -1 1341 -1 -2 
1439 -1 1341 -1 -2 
595 -1 1341 -1 -2 
33 -1 1341 -1 -2 
749 -1 1341 -1 -2 
645 -1 1341 -1 -2 
984 -1 1341 -1 -2 
1717 -1 1341 -1 -2 
142 -1 611 -1 -2 
871 -1 611 -1 -2 
1784 -1 611 -1 -2 
1778 -1 611 -1 -2 
327 -1 611 -1 -2 
437 -1 611 -1 -2 
540 -1 611 -1 -2 
838 -1 1079 -1 -2 
80 -1 1079 -1 -2 
37 -1 1079 -1 -2 
439 -1 1079 -1 -2 
33 -1 1079 -1 -2 
123 -1 1647 -1 -2 
563 -1 1647 -1 -2 
133 -1 1647 -1 -2 
172 -1 1647 -1 -2 
282 -1 1647 -1 -2 
872 -1 1647 -1 -2 
33 -1 1647 -1 -2 
280 -1 1647 -1 -2 
289 -1 1647 -1 -2 
47 -1 1647 -1 -2 
163 -1 1647 -1 -2 
442 -1 1647 -1 -2 
839 -1 1647 -1 -2 
22 -1 1647 -1 -2 
1855 -1 1647 -1 -2 
970 -1 1647 -1 -2 
849 -1 1647 -1 -2 
1268 -1 1647 -1 -2 
775 -1 1647 -1 -2 
767 -1 1606 -1 -2 
925 -1 1606 -1 -2 
135 -1 1606 -1 -2 
1730 -1 1606 -1 -2 
251 -1 1606 -1 -2 
316 -1 1606 -1 -2 
1338 -1 1606 -1 -2 
437 -1 1606 -1 -2 
340 -1 1606 -1 -2 
1109 -1 1606 -1 -2 
970 -1 1615 -1 -2 
142 -1 1615 -1 -2 
749 -1 1615 -1 -2 
120 -1 1615 -1 -2 
6 -1 1615 -1 -2 
260 -1 1615 -1 -2 
1809 -1 1615 -1 -2 
845 -1 1615 -1 -2 
1212 -1 1615 -1 -2 
1308 -1 1615 -1 -2 
737 -1 1615 -1 -2 
836 -1 1615 -1 -2 
833 -1 1615 -1 -2 
715 -1 964 -1 -2 
715 -1 964 -1 -2 
91 -1 964 -1 -2 
665 -1 964 -1 -2 
90 -1 964 -1 -2 
414 -1 964 -1 -2 
1865 -1 551 -1 -2 
251 -1 1047 -1 -2 
1250 -1 1327 -1 -2 
909 -1 1327 -1 -2 
1329 -1 1327 -1 -2 
380 -1 1327 -1 -2 
595 -1 1327 -1 -2 
139 -1 1327 -1 -2 
454 -1 1327 -1 -2 
1839 -1 1327 -1 -2 
221 -1 1327 -1 -2 
971 -1 1327 -1 -2 
530 -1 1327 -1 -2 
608 -1 1327 -1 -2 
534 -1 1327 -1 -2 
531 -1 1327 -1 -2 
532 -1 1327 -1 -2 
606 -1 1327 -1 -2 
1181 -1 1327 -1 -2 
533 -1 1327 -1 -2 
607 -1 1327 -1 -2 
695 -1 1327 -1 -2 
1071 -1 1327 -1 -2 
750 -1 562 -1 -2 
27 -1 453 -1 -2 
37 -1 453 -1 -2 
1110 -1 453 -1 -2 
752 -1 814 -1 -2 
179 -1 814 -1 -2 
251 -1 814 -1 -2 
811 -1 1852 -1 -2 
1187 -1 1464 -1 -2 
681 -1 1464 -1 -2 
858 -1 1464 -1 -2 
924 -1 1464 -1 -2 
1081 -1 1464 -1 -2 
716 -1 1464 -1 -2 
64 -1 1176 -1 -2 
103 -1 1176 -1 -2 
736 -1 536 -1 -2 
41 -1 536 -1 -2 
369 -1 536 -1 -2 
868 -1 536 -1 -2 
127 -1 536 -1 -2 
121 -1 536 -1 -2 
347 -1 536 -1 -2 
1087 -1 536 -1 -2 
503 -1 536 -1 -2 
220 -1 536 -1 -2 
1799 -1 536 -1 -2 
730 -1 536 -1 -2 
396 -1 536 -1 -2 
78 -1 536 -1 -2 
742 -1 536 -1 -2 
1102 -1 536 -1 -2 
1333 -1 536 -1 -2 
741 -1 536 -1 -2 
1013 -1 536 -1 -2 
932 -1 536 -1 -2 
344 -1 1515 -1 -2 
830 -1 1515 -1 -2 
305 -1 1515 -1 -2 
691 -1 1515 -1 -2 
166 -1 1515 -1 -2 
87 -1 1515 -1 -2 
427 -1 1515 -1 -2 
136 -1 1515 -1 -2 
1267 -1 1515 -1 -2 
22 -1 1515 -1 -2 
507 -1 1515 -1 -2 
11 -1 1515 -1 -2 
284 -1 1515 -1 -2 
325 -1 1515 -1 -2 
511 -1 1515 -1 -2 
843 -1 1515 -1 -2 
504 -1 1515 -1 -2 
842 -1 1515 -1 -2 
121 -1 1515 -1 -2 
890 -1 1515 -1 -2 
430 -1 1515 -1 -2 
839 -1 1515 -1 -2 
88 -1 1515 -1 -2 
252 -1 1515 -1 -2 
842 -1 1515 -1 -2 
505 -1 1515 -1 -2 
331 -1 1515 -1 -2 
294 -1 1515 -1 -2 
872 -1 1515 -1 -2 
46 -1 1515 -1 -2 
1259 -1 1515 -1 -2 
537 -1 1515 -1 -2 
1012 -1 1515 -1 -2 
79 -1 1515 -1 -2 
1129 -1 1515 -1 -2 
423 -1 1515 -1 -2 
374 -1 1515 -1 -2 
77 -1 1515 -1 -2 
1522 -1 1515 -1 -2 
434 -1 1515 -1 -2 
144 -1 1515 -1 -2 
602 -1 1515 -1 -2 
18 -1 1515 -1 -2 
1439 -1 1515 -1 -2 
1082 -1 1515 -1 -2 
653 -1 1515 -1 -2 
369 -1 1515 -1 -2 
1082 -1 1515 -1 -2 
1268 -1 1515 -1 -2 
1689 -1 1515 -1 -2 
45 -1 1515 -1 -2 
1020 -1 1515 -1 -2 
127 -1 536 -1 -2 
1082 -1 1515 -1 -2 
1139 -1 1592 -1 -2 
523 -1 1592 -1 -2 
1164 -1 1592 -1 -2 
746 -1 1592 -1 -2 
482 -1 1592 -1 -2 
483 -1 1592 -1 -2 
319 -1 1592 -1 -2 
399 -1 1592 -1 -2 
1011 -1 1592 -1 -2 
1012 -1 1592 -1 -2 
14 -1 1592 -1 -2 
185 -1 1592 -1 -2 
139 -1 1592 -1 -2 
113 -1 1592 -1 -2 
450 -1 1592 -1 -2 
117 -1 1592 -1 -2 
926 -1 1592 -1 -2 
968 -1 1592 -1 -2 
205 -1 1592 -1 -2 
402 -1 1592 -1 -2 
649 -1 1104 -1 -2 
43 -1 1104 -1 -2 
200 -1 1104 -1 -2 
872 -1 1104 -1 -2 
445 -1 1104 -1 -2 
438 -1 1104 -1 -2 
400 -1 1104 -1 -2 
666 -1 1104 -1 -2 
336 -1 1104 -1 -2 
602 -1 1104 -1 -2 
1778 -1 1104 -1 -2 
113 -1 1104 -1 -2 
219 -1 1104 -1 -2 
1015 -1 1674 -1 -2 
1203 -1 1674 -1 -2 
219 -1 1674 -1 -2 
1113 -1 1674 -1 -2 
395 -1 1674 -1 -2 
399 -1 1674 -1 -2 
41 -1 1674 -1 -2 
768 -1 1674 -1 -2 
1863 -1 1674 -1 -2 
1477 -1 1674 -1 -2 
14 -1 1674 -1 -2 
280 -1 1674 -1 -2 
1336 -1 1674 -1 -2 
529 -1 1674 -1 -2 
485 -1 1674 -1 -2 
1749 -1 1674 -1 -2 
1252 -1 1674 -1 -2 
584 -1 1674 -1 -2 
340 -1 1674 -1 -2 
997 -1 1674 -1 -2 
974 -1 1674 -1 -2 
870 -1 1674 -1 -2 
1363 -1 1674 -1 -2 
222 -1 1674 -1 -2 
1518 -1 1674 -1 -2 
294 -1 1674 -1 -2 
1111 -1 1674 -1 -2 
79 -1 1674 -1 -2 
25 -1 1674 -1 -2 
225 -1 1674 -1 -2 
1214 -1 1674 -1 -2 
399 -1 1674 -1 -2 
811 -1 1674 -1 -2 
1696 -1 1674 -1 -2 
605 -1 1240 -1 -2 
120 -1 1240 -1 -2 
966 -1 1240 -1 -2 
896 -1 1240 -1 -2 
464 -1 1240 -1 -2 
530 -1 1240 -1 -2 
534 -1 1240 -1 -2 
1076 -1 1240 -1 -2 
640 -1 1240 -1 -2 
687 -1 1240 -1 -2 
127 -1 1240 -1 -2 
35 -1 1240 -1 -2 
414 -1 1240 -1 -2 
1864 -1 1240 -1 -2 
1863 -1 1240 -1 -2 
429 -1 818 -1 -2 
970 -1 818 -1 -2 
14 -1 818 -1 -2 
56 -1 818 -1 -2 
10 -1 818 -1 -2 
108 -1 818 -1 -2 
109 -1 818 -1 -2 
110 -1 818 -1 -2 
715 -1 818 -1 -2 
803 -1 818 -1 -2 
294 -1 818 -1 -2 
710 -1 818 -1 -2 
251 -1 818 -1 -2 
1713 -1 818 -1 -2 
54 -1 298 -1 -2 
55 -1 298 -1 -2 
347 -1 298 -1 -2 
423 -1 298 -1 -2 
591 -1 1637 -1 -2 
589 -1 1637 -1 -2 
590 -1 1637 -1 -2 
795 -1 1637 -1 -2 
251 -1 1637 -1 -2 
46 -1 1637 -1 -2 
327 -1 1684 -1 -2 
163 -1 1684 -1 -2 
1262 -1 1684 -1 -2 
499 -1 1684 -1 -2 
358 -1 1684 -1 -2 
627 -1 1684 -1 -2 
882 -1 1684 -1 -2 
4 -1 1684 -1 -2 
113 -1 1684 -1 -2 
158 -1 1684 -1 -2 
77 -1 1684 -1 -2 
869 -1 1684 -1 -2 
635 -1 1684 -1 -2 
1016 -1 1684 -1 -2 
544 -1 1684 -1 -2 
545 -1 1684 -1 -2 
227 -1 1684 -1 -2 
153 -1 1684 -1 -2 
307 -1 497 -1 -2 
528 -1 497 -1 -2 
79 -1 497 -1 -2 
302 -1 497 -1 -2 
71 -1 497 -1 -2 
280 -1 497 -1 -2 
1093 -1 497 -1 -2 
1398 -1 497 -1 -2 
1399 -1 497 -1 -2 
1797 -1 1378 -1 -2 
620 -1 1378 -1 -2 
1001 -1 1378 -1 -2 
121 -1 1378 -1 -2 
781 -1 1378 -1 -2 
1036 -1 1378 -1 -2 
347 -1 1378 -1 -2 
1263 -1 1378 -1 -2 
188 -1 1378 -1 -2 
236 -1 1378 -1 -2 
812 -1 1378 -1 -2 
1482 -1 1378 -1 -2 
64 -1 1378 -1 -2 
135 -1 1378 -1 -2 
345 -1 1378 -1 -2 
1198 -1 1378 -1 -2 
1557 -1 1378 -1 -2 
1092 -1 1378 -1 -2 
868 -1 1378 -1 -2 
1001 -1 1378 -1 -2 
135 -1 580 -1 -2 
8 -1 580 -1 -2 
1785 -1 580 -1 -2 
38 -1 580 -1 -2 
374 -1 580 -1 -2 
36 -1 580 -1 -2 
444 -1 580 -1 -2 
35 -1 580 -1 -2 
576 -1 580 -1 -2 
798 -1 580 -1 -2 
242 -1 580 -1 -2 
1273 -1 580 -1 -2 
853 -1 580 -1 -2 
346 -1 580 -1 -2 
528 -1 580 -1 -2 
602 -1 580 -1 -2 
1208 -1 580 -1 -2 
144 -1 580 -1 -2 
760 -1 580 -1 -2 
434 -1 580 -1 -2 
201 -1 580 -1 -2 
362 -1 580 -1 -2 
186 -1 580 -1 -2 
1600 -1 580 -1 -2 
77 -1 580 -1 -2 
1125 -1 580 -1 -2 
936 -1 580 -1 -2 
357 -1 580 -1 -2 
988 -1 580 -1 -2 
140 -1 580 -1 -2 
977 -1 580 -1 -2 
610 -1 580 -1 -2 
14 -1 580 -1 -2 
1381 -1 580 -1 -2 
469 -1 580 -1 -2 
1084 -1 580 -1 -2 
1002 -1 580 -1 -2 
1068 -1 580 -1 -2 
1727 -1 580 -1 -2 
468 -1 580 -1 -2 
1289 -1 580 -1 -2 
1291 -1 580 -1 -2 
995 -1 580 -1 -2 
446 -1 580 -1 -2 
438 -1 580 -1 -2 
915 -1 580 -1 -2 
1270 -1 580 -1 -2 
32 -1 1378 -1 -2 
198 -1 1610 -1 -2 
195 -1 1610 -1 -2 
385 -1 1610 -1 -2 
194 -1 1610 -1 -2 
970 -1 1610 -1 -2 
657 -1 1404 -1 -2 
163 -1 1404 -1 -2 
84 -1 1404 -1 -2 
200 -1 1404 -1 -2 
872 -1 1404 -1 -2 
148 -1 1694 -1 -2 
511 -1 1694 -1 -2 
1451 -1 1694 -1 -2 
626 -1 1694 -1 -2 
79 -1 1694 -1 -2 
5 -1 1694 -1 -2 
136 -1 1694 -1 -2 
144 -1 1694 -1 -2 
70 -1 1694 -1 -2 
445 -1 1694 -1 -2 
1386 -1 1694 -1 -2 
443 -1 1694 -1 -2 
282 -1 1694 -1 -2 
166 -1 1694 -1 -2 
715 -1 1694 -1 -2 
1088 -1 1694 -1 -2 
1090 -1 1694 -1 -2 
1281 -1 191 -1 -2 
361 -1 191 -1 -2 
115 -1 191 -1 -2 
103 -1 191 -1 -2 
202 -1 191 -1 -2 
860 -1 191 -1 -2 
1243 -1 191 -1 -2 
1214 -1 191 -1 -2 
450 -1 191 -1 -2 
304 -1 191 -1 -2 
204 -1 191 -1 -2 
203 -1 191 -1 -2 
362 -1 191 -1 -2 
207 -1 191 -1 -2 
925 -1 191 -1 -2 
201 -1 191 -1 -2 
434 -1 191 -1 -2 
259 -1 191 -1 -2 
144 -1 191 -1 -2 
1797 -1 191 -1 -2 
435 -1 191 -1 -2 
760 -1 191 -1 -2 
927 -1 191 -1 -2 
1157 -1 191 -1 -2 
249 -1 191 -1 -2 
427 -1 191 -1 -2 
1253 -1 191 -1 -2 
284 -1 191 -1 -2 
218 -1 191 -1 -2 
253 -1 191 -1 -2 
254 -1 191 -1 -2 
1275 -1 191 -1 -2 
1309 -1 191 -1 -2 
385 -1 191 -1 -2 
1243 -1 191 -1 -2 
1121 -1 191 -1 -2 
1117 -1 191 -1 -2 
1120 -1 191 -1 -2 
1119 -1 191 -1 -2 
1118 -1 191 -1 -2 
1116 -1 191 -1 -2 
791 -1 191 -1 -2 
391 -1 191 -1 -2 
871 -1 191 -1 -2 
726 -1 191 -1 -2 
1057 -1 191 -1 -2 
251 -1 191 -1 -2 
1398 -1 191 -1 -2 
1399 -1 191 -1 -2 
540 -1 191 -1 -2 
1821 -1 191 -1 -2 
1771 -1 191 -1 -2 
1785 -1 191 -1 -2 
1855 -1 191 -1 -2 
1330 -1 191 -1 -2 
1243 -1 191 -1 -2 
302 -1 191 -1 -2 
300 -1 191 -1 -2 
242 -1 191 -1 -2 
576 -1 191 -1 -2 
880 -1 191 -1 -2 
798 -1 191 -1 -2 
107 -1 191 -1 -2 
1602 -1 191 -1 -2 
687 -1 191 -1 -2 
690 -1 191 -1 -2 
712 -1 191 -1 -2 
1543 -1 191 -1 -2 
229 -1 191 -1 -2 
470 -1 191 -1 -2 
43 -1 191 -1 -2 
1002 -1 191 -1 -2 
1084 -1 191 -1 -2 
884 -1 191 -1 -2 
731 -1 1182 -1 -2 
302 -1 1182 -1 -2 
500 -1 1182 -1 -2 
198 -1 1182 -1 -2 
196 -1 1182 -1 -2 
385 -1 1182 -1 -2 
64 -1 562 -1 -2 
558 -1 1182 -1 -2 
71 -1 1182 -1 -2 
1012 -1 1182 -1 -2 
1026 -1 1182 -1 -2 
1011 -1 1182 -1 -2 
1020 -1 1182 -1 -2 
1001 -1 1182 -1 -2 
56 -1 1182 -1 -2 
925 -1 1540 -1 -2 
526 -1 1540 -1 -2 
1 -1 1540 -1 -2 
499 -1 1540 -1 -2 
657 -1 1540 -1 -2 
163 -1 1540 -1 -2 
960 -1 1540 -1 -2 
916 -1 1540 -1 -2 
754 -1 1540 -1 -2 
32 -1 1540 -1 -2 
1769 -1 1540 -1 -2 
1821 -1 1540 -1 -2 
1825 -1 1540 -1 -2 
1439 -1 1540 -1 -2 
56 -1 1540 -1 -2 
1855 -1 1540 -1 -2 
768 -1 1540 -1 -2 
31 -1 1540 -1 -2 
343 -1 1540 -1 -2 
694 -1 1540 -1 -2 
1724 -1 1540 -1 -2 
645 -1 1540 -1 -2 
1723 -1 1540 -1 -2 
38 -1 1540 -1 -2 
1499 -1 1540 -1 -2 
1562 -1 1540 -1 -2 
1838 -1 1540 -1 -2 
1836 -1 1540 -1 -2 
1011 -1 1540 -1 -2 
1839 -1 1540 -1 -2 
1837 -1 1540 -1 -2 
560 -1 63 -1 -2 
33 -1 63 -1 -2 
867 -1 63 -1 -2 
313 -1 63 -1 -2 
120 -1 63 -1 -2 
1012 -1 63 -1 -2 
1329 -1 63 -1 -2 
1439 -1 63 -1 -2 
854 -1 63 -1 -2 
428 -1 63 -1 -2 
798 -1 63 -1 -2 
198 -1 63 -1 -2 
70 -1 63 -1 -2 
435 -1 63 -1 -2 
145 -1 63 -1 -2 
1140 -1 63 -1 -2 
445 -1 63 -1 -2 
93 -1 63 -1 -2 
953 -1 63 -1 -2 
779 -1 63 -1 -2 
540 -1 63 -1 -2 
716 -1 63 -1 -2 
805 -1 63 -1 -2 
804 -1 63 -1 -2 
463 -1 63 -1 -2 
222 -1 63 -1 -2 
898 -1 63 -1 -2 
170 -1 63 -1 -2 
178 -1 63 -1 -2 
380 -1 63 -1 -2 
745 -1 63 -1 -2 
1492 -1 63 -1 -2 
587 -1 63 -1 -2 
185 -1 580 -1 -2 
294 -1 580 -1 -2 
675 -1 580 -1 -2 
254 -1 580 -1 -2 
41 -1 580 -1 -2 
54 -1 580 -1 -2 
178 -1 580 -1 -2 
1254 -1 580 -1 -2 
66 -1 580 -1 -2 
582 -1 580 -1 -2 
984 -1 1310 -1 -2 
52 -1 1310 -1 -2 
1717 -1 1310 -1 -2 
1389 -1 1310 -1 -2 
468 -1 1310 -1 -2 
64 -1 1310 -1 -2 
725 -1 1310 -1 -2 
702 -1 1310 -1 -2 
1273 -1 1310 -1 -2 
242 -1 1310 -1 -2 
148 -1 1310 -1 -2 
395 -1 1310 -1 -2 
1168 -1 1310 -1 -2 
707 -1 1310 -1 -2 
193 -1 1310 -1 -2 
657 -1 1310 -1 -2 
499 -1 1310 -1 -2 
619 -1 1310 -1 -2 
1421 -1 1310 -1 -2 
539 -1 1310 -1 -2 
272 -1 1310 -1 -2 
538 -1 1310 -1 -2 
70 -1 1310 -1 -2 
729 -1 1310 -1 -2 
38 -1 1310 -1 -2 
1205 -1 1868 -1 -2 
594 -1 1441 -1 -2 
179 -1 1441 -1 -2 
422 -1 1441 -1 -2 
107 -1 1441 -1 -2 
15 -1 1441 -1 -2 
875 -1 1441 -1 -2 
877 -1 1441 -1 -2 
876 -1 1441 -1 -2 
417 -1 1441 -1 -2 
624 -1 1441 -1 -2 
418 -1 1441 -1 -2 
760 -1 1441 -1 -2 
369 -1 1441 -1 -2 
451 -1 1441 -1 -2 
144 -1 1441 -1 -2 
81 -1 1441 -1 -2 
1820 -1 1441 -1 -2 
242 -1 1441 -1 -2 
1855 -1 1441 -1 -2 
527 -1 1441 -1 -2 
970 -1 1441 -1 -2 
1273 -1 1441 -1 -2 
27 -1 1441 -1 -2 
37 -1 1441 -1 -2 
578 -1 1441 -1 -2 
431 -1 1441 -1 -2 
148 -1 962 -1 -2 
1855 -1 962 -1 -2 
33 -1 962 -1 -2 
2 -1 962 -1 -2 
567 -1 962 -1 -2 
1724 -1 962 -1 -2 
566 -1 962 -1 -2 
1055 -1 962 -1 -2 
1821 -1 962 -1 -2 
1771 -1 273 -1 -2 
289 -1 273 -1 -2 
64 -1 273 -1 -2 
79 -1 273 -1 -2 
52 -1 586 -1 -2 
1063 -1 586 -1 -2 
69 -1 586 -1 -2 
374 -1 586 -1 -2 
442 -1 586 -1 -2 
271 -1 586 -1 -2 
984 -1 586 -1 -2 
76 -1 586 -1 -2 
133 -1 586 -1 -2 
1717 -1 586 -1 -2 
45 -1 586 -1 -2 
25 -1 586 -1 -2 
1439 -1 562 -1 -2 
655 -1 562 -1 -2 
42 -1 562 -1 -2 
222 -1 562 -1 -2 
592 -1 562 -1 -2 
578 -1 562 -1 -2 
219 -1 562 -1 -2 
262 -1 562 -1 -2 
64 -1 562 -1 -2 
1205 -1 562 -1 -2 
561 -1 562 -1 -2 
765 -1 562 -1 -2 
1121 -1 562 -1 -2 
1120 -1 562 -1 -2 
1119 -1 562 -1 -2 
1118 -1 562 -1 -2 
1117 -1 562 -1 -2 
1116 -1 562 -1 -2 
1109 -1 1606 -1 -2 
340 -1 1606 -1 -2 
135 -1 1606 -1 -2 
135 -1 1649 -1 -2 
1717 -1 1341 -1 -2 
1273 -1 1341 -1 -2 
1439 -1 1341 -1 -2 
39 -1 1302 -1 -2 
34 -1 1302 -1 -2 
348 -1 1302 -1 -2 
205 -1 1302 -1 -2 
526 -1 1302 -1 -2 
204 -1 1302 -1 -2 
76 -1 1302 -1 -2 
657 -1 1302 -1 -2 
101 -1 1302 -1 -2 
100 -1 1302 -1 -2 
107 -1 1302 -1 -2 
271 -1 1302 -1 -2 
656 -1 1302 -1 -2 
317 -1 1302 -1 -2 
499 -1 1302 -1 -2 
439 -1 1302 -1 -2 
1307 -1 1302 -1 -2 
414 -1 1302 -1 -2 
14 -1 1302 -1 -2 
675 -1 1302 -1 -2 
527 -1 1302 -1 -2 
200 -1 1302 -1 -2 
872 -1 1302 -1 -2 
40 -1 1302 -1 -2 
347 -1 1302 -1 -2 
282 -1 1302 -1 -2 
302 -1 1740 -1 -2 
181 -1 1740 -1 -2 
1476 -1 1740 -1 -2 
139 -1 1740 -1 -2 
1855 -1 1740 -1 -2 
666 -1 1740 -1 -2 
106 -1 1740 -1 -2 
908 -1 1740 -1 -2 
46 -1 1740 -1 -2 
431 -1 1740 -1 -2 
883 -1 1740 -1 -2 
1285 -1 1740 -1 -2 
314 -1 1740 -1 -2 
377 -1 1740 -1 -2 
749 -1 1740 -1 -2 
645 -1 1740 -1 -2 
973 -1 1271 -1 -2 
886 -1 1271 -1 -2 
1553 -1 1271 -1 -2 
393 -1 1271 -1 -2 
414 -1 1271 -1 -2 
1398 -1 1271 -1 -2 
1399 -1 1271 -1 -2 
908 -1 1271 -1 -2 
56 -1 848 -1 -2 
675 -1 848 -1 -2 
148 -1 848 -1 -2 
373 -1 848 -1 -2 
238 -1 848 -1 -2 
3 -1 848 -1 -2 
1062 -1 848 -1 -2 
211 -1 848 -1 -2 
1797 -1 848 -1 -2 
259 -1 848 -1 -2 
14 -1 848 -1 -2 
46 -1 848 -1 -2 
77 -1 848 -1 -2 
822 -1 848 -1 -2 
587 -1 848 -1 -2 
163 -1 848 -1 -2 
300 -1 848 -1 -2 
1205 -1 848 -1 -2 
972 -1 848 -1 -2 
121 -1 848 -1 -2 
17 -1 848 -1 -2 
262 -1 848 -1 -2 
804 -1 848 -1 -2 
664 -1 848 -1 -2 
1826 -1 848 -1 -2 
798 -1 848 -1 -2 
385 -1 848 -1 -2 
197 -1 848 -1 -2 
198 -1 848 -1 -2 
1352 -1 848 -1 -2 
38 -1 848 -1 -2 
37 -1 848 -1 -2 
27 -1 848 -1 -2 
39 -1 618 -1 -2 
83 -1 618 -1 -2 
84 -1 618 -1 -2 
14 -1 618 -1 -2 
70 -1 618 -1 -2 
1070 -1 618 -1 -2 
1063 -1 618 -1 -2 
836 -1 618 -1 -2 
897 -1 618 -1 -2 
414 -1 618 -1 -2 
1415 -1 618 -1 -2 
635 -1 618 -1 -2 
138 -1 375 -1 -2 
195 -1 375 -1 -2 
194 -1 375 -1 -2 
198 -1 375 -1 -2 
45 -1 375 -1 -2 
107 -1 375 -1 -2 
1840 -1 375 -1 -2 
1839 -1 375 -1 -2 
414 -1 375 -1 -2 
1121 -1 375 -1 -2 
1118 -1 375 -1 -2 
1116 -1 375 -1 -2 
1117 -1 375 -1 -2 
1120 -1 375 -1 -2 
1119 -1 375 -1 -2 
479 -1 1032 -1 -2 
245 -1 1032 -1 -2 
251 -1 1032 -1 -2 
486 -1 1032 -1 -2 
627 -1 1032 -1 -2 
73 -1 1032 -1 -2 
135 -1 1032 -1 -2 
477 -1 1032 -1 -2 
142 -1 1032 -1 -2 
361 -1 1032 -1 -2 
14 -1 1032 -1 -2 
657 -1 1032 -1 -2 
163 -1 1032 -1 -2 
326 -1 1032 -1 -2 
872 -1 1032 -1 -2 
439 -1 1032 -1 -2 
271 -1 1032 -1 -2 
1838 -1 1032 -1 -2 
1839 -1 1032 -1 -2 
1771 -1 1032 -1 -2 
984 -1 1341 -1 -2 
1273 -1 1341 -1 -2 
468 -1 678 -1 -2 
387 -1 678 -1 -2 
93 -1 678 -1 -2 
372 -1 678 -1 -2 
728 -1 678 -1 -2 
558 -1 678 -1 -2 
1001 -1 678 -1 -2 
156 -1 678 -1 -2 
91 -1 678 -1 -2 
294 -1 678 -1 -2 
1286 -1 678 -1 -2 
669 -1 678 -1 -2 
1860 -1 678 -1 -2 
672 -1 678 -1 -2 
1136 -1 678 -1 -2 
32 -1 678 -1 -2 
31 -1 678 -1 -2 
458 -1 678 -1 -2 
361 -1 678 -1 -2 
571 -1 678 -1 -2 
567 -1 678 -1 -2 
568 -1 678 -1 -2 
570 -1 678 -1 -2 
342 -1 678 -1 -2 
682 -1 678 -1 -2 
522 -1 678 -1 -2 
69 -1 678 -1 -2 
589 -1 678 -1 -2 
379 -1 1610 -1 -2 
532 -1 1327 -1 -2 
380 -1 1327 -1 -2 
454 -1 1327 -1 -2 
97 -1 1530 -1 -2 
96 -1 1530 -1 -2 
1235 -1 1530 -1 -2 
1685 -1 1530 -1 -2 
830 -1 1530 -1 -2 
414 -1 1530 -1 -2 
1723 -1 1530 -1 -2 
71 -1 1530 -1 -2 
850 -1 1530 -1 -2 
646 -1 1530 -1 -2 
282 -1 1530 -1 -2 
893 -1 1530 -1 -2 
103 -1 1530 -1 -2 
64 -1 1530 -1 -2 
797 -1 1530 -1 -2 
214 -1 1530 -1 -2 
103 -1 1530 -1 -2 
666 -1 1530 -1 -2 
666 -1 1530 -1 -2 
83 -1 1530 -1 -2 
64 -1 1530 -1 -2 
1783 -1 1293 -1 -2 
470 -1 1293 -1 -2 
1098 -1 1293 -1 -2 
688 -1 1293 -1 -2 
350 -1 1293 -1 -2 
1866 -1 1293 -1 -2 
488 -1 1293 -1 -2 
522 -1 1293 -1 -2 
571 -1 1293 -1 -2 
343 -1 1293 -1 -2 
569 -1 1293 -1 -2 
695 -1 1293 -1 -2 
665 -1 1293 -1 -2 
924 -1 1293 -1 -2 
361 -1 1293 -1 -2 
1121 -1 1293 -1 -2 
1120 -1 1293 -1 -2 
1119 -1 1293 -1 -2 
1118 -1 1293 -1 -2 
1117 -1 1293 -1 -2 
1116 -1 1293 -1 -2 
78 -1 1745 -1 -2 
238 -1 1745 -1 -2 
1015 -1 1745 -1 -2 
1179 -1 1745 -1 -2 
195 -1 1745 -1 -2 
194 -1 1745 -1 -2 
682 -1 1745 -1 -2 
567 -1 1745 -1 -2 
1724 -1 1745 -1 -2 
172 -1 1745 -1 -2 
1655 -1 1745 -1 -2 
754 -1 1745 -1 -2 
919 -1 1807 -1 -2 
1771 -1 1807 -1 -2 
1825 -1 1807 -1 -2 
135 -1 1807 -1 -2 
777 -1 1807 -1 -2 
1289 -1 1807 -1 -2 
1290 -1 1807 -1 -2 
1553 -1 1807 -1 -2 
1291 -1 1807 -1 -2 
77 -1 1807 -1 -2 
489 -1 1807 -1 -2 
485 -1 1807 -1 -2 
1007 -1 1807 -1 -2 
485 -1 1719 -1 -2 
984 -1 1719 -1 -2 
52 -1 1719 -1 -2 
153 -1 1719 -1 -2 
1771 -1 1719 -1 -2 
847 -1 1719 -1 -2 
135 -1 1719 -1 -2 
64 -1 1719 -1 -2 
73 -1 1719 -1 -2 
968 -1 1719 -1 -2 
74 -1 1719 -1 -2 
139 -1 1719 -1 -2 
924 -1 1719 -1 -2 
250 -1 1719 -1 -2 
489 -1 1719 -1 -2 
239 -1 1719 -1 -2 
240 -1 1719 -1 -2 
568 -1 1719 -1 -2 
1336 -1 1719 -1 -2 
571 -1 1719 -1 -2 
369 -1 1078 -1 -2 
1797 -1 1078 -1 -2 
144 -1 1078 -1 -2 
145 -1 1078 -1 -2 
434 -1 1078 -1 -2 
450 -1 1078 -1 -2 
752 -1 1078 -1 -2 
851 -1 1078 -1 -2 
64 -1 1176 -1 -2 
775 -1 1176 -1 -2 
414 -1 1176 -1 -2 
70 -1 491 -1 -2 
1021 -1 491 -1 -2 
1399 -1 491 -1 -2 
1093 -1 491 -1 -2 
1398 -1 491 -1 -2 
11 -1 491 -1 -2 
179 -1 491 -1 -2 
248 -1 491 -1 -2 
946 -1 491 -1 -2 
1165 -1 491 -1 -2 
1206 -1 491 -1 -2 
389 -1 975 -1 -2 
414 -1 975 -1 -2 
688 -1 969 -1 -2 
1098 -1 969 -1 -2 
540 -1 969 -1 -2 
725 -1 969 -1 -2 
1275 -1 969 -1 -2 
414 -1 969 -1 -2 
613 -1 969 -1 -2 
1424 -1 618 -1 -2 
1054 -1 1321 -1 -2 
181 -1 1321 -1 -2 
1846 -1 1321 -1 -2 
1847 -1 1321 -1 -2 
1848 -1 1321 -1 -2 
1421 -1 1321 -1 -2 
392 -1 1321 -1 -2 
341 -1 1321 -1 -2 
568 -1 1321 -1 -2 
694 -1 1321 -1 -2 
567 -1 1321 -1 -2 
1122 -1 1321 -1 -2 
343 -1 1321 -1 -2 
226 -1 1321 -1 -2 
6 -1 1321 -1 -2 
1352 -1 1321 -1 -2 
488 -1 1321 -1 -2 
103 -1 1321 -1 -2 
1778 -1 1321 -1 -2 
1553 -1 1321 -1 -2 
369 -1 1321 -1 -2 
414 -1 1321 -1 -2 
613 -1 1321 -1 -2 
690 -1 1321 -1 -2 
836 -1 1321 -1 -2 
847 -1 1321 -1 -2 
1857 -1 1321 -1 -2 
972 -1 1321 -1 -2 
1859 -1 1321 -1 -2 
796 -1 1321 -1 -2 
214 -1 1321 -1 -2 
828 -1 1321 -1 -2 
250 -1 1321 -1 -2 
1771 -1 1321 -1 -2 
658 -1 1321 -1 -2 
14 -1 1321 -1 -2 
910 -1 1321 -1 -2 
619 -1 1321 -1 -2 
100 -1 1321 -1 -2 
135 -1 1443 -1 -2 
36 -1 1443 -1 -2 
224 -1 1443 -1 -2 
654 -1 1443 -1 -2 
1771 -1 1443 -1 -2 
783 -1 1443 -1 -2 
438 -1 1443 -1 -2 
232 -1 1443 -1 -2 
1771 -1 1789 -1 -2 
31 -1 1789 -1 -2 
167 -1 1789 -1 -2 
488 -1 1789 -1 -2 
847 -1 1789 -1 -2 
211 -1 1789 -1 -2 
796 -1 1789 -1 -2 
1007 -1 1789 -1 -2 
88 -1 1789 -1 -2 
252 -1 1789 -1 -2 
136 -1 1789 -1 -2 
1866 -1 1341 -1 -2 
64 -1 1341 -1 -2 
52 -1 1341 -1 -2 
984 -1 1341 -1 -2 
1717 -1 1341 -1 -2 
148 -1 475 -1 -2 
14 -1 475 -1 -2 
479 -1 475 -1 -2 
282 -1 475 -1 -2 
346 -1 475 -1 -2 
423 -1 475 -1 -2 
251 -1 475 -1 -2 
1039 -1 475 -1 -2 
195 -1 475 -1 -2 
196 -1 475 -1 -2 
364 -1 1634 -1 -2 
1229 -1 1634 -1 -2 
327 -1 191 -1 -2 
107 -1 191 -1 -2 
203 -1 191 -1 -2 
42 -1 191 -1 -2 
1791 -1 191 -1 -2 
103 -1 191 -1 -2 
197 -1 191 -1 -2 
385 -1 191 -1 -2 
196 -1 191 -1 -2 
791 -1 191 -1 -2 
742 -1 191 -1 -2 
741 -1 191 -1 -2 
1541 -1 191 -1 -2 
141 -1 191 -1 -2 
391 -1 191 -1 -2 
1309 -1 191 -1 -2 
252 -1 191 -1 -2 
202 -1 191 -1 -2 
1797 -1 191 -1 -2 
67 -1 191 -1 -2 
46 -1 191 -1 -2 
530 -1 191 -1 -2 
221 -1 191 -1 -2 
1181 -1 191 -1 -2 
509 -1 191 -1 -2 
361 -1 191 -1 -2 
883 -1 191 -1 -2 
361 -1 191 -1 -2 
166 -1 191 -1 -2 
88 -1 191 -1 -2 
539 -1 191 -1 -2 
224 -1 191 -1 -2 
362 -1 191 -1 -2 
1769 -1 191 -1 -2 
1821 -1 191 -1 -2 
204 -1 191 -1 -2 
687 -1 191 -1 -2 
201 -1 191 -1 -2 
222 -1 191 -1 -2 
860 -1 191 -1 -2 
6 -1 191 -1 -2 
644 -1 191 -1 -2 
1011 -1 191 -1 -2 
193 -1 1033 -1 -2 
1822 -1 1637 -1 -2 
578 -1 1642 -1 -2 
300 -1 1642 -1 -2 
307 -1 1642 -1 -2 
308 -1 1642 -1 -2 
282 -1 1642 -1 -2 
346 -1 1642 -1 -2 
1865 -1 1642 -1 -2 
602 -1 1642 -1 -2 
690 -1 1642 -1 -2 
205 -1 1642 -1 -2 
369 -1 1642 -1 -2 
1797 -1 1642 -1 -2 
435 -1 1642 -1 -2 
137 -1 1642 -1 -2 
471 -1 1642 -1 -2 
418 -1 1642 -1 -2 
624 -1 1642 -1 -2 
417 -1 1642 -1 -2 
1333 -1 1642 -1 -2 
932 -1 1642 -1 -2 
741 -1 1642 -1 -2 
1013 -1 1642 -1 -2 
108 -1 1642 -1 -2 
988 -1 1642 -1 -2 
357 -1 1642 -1 -2 
1830 -1 1642 -1 -2 
1827 -1 1642 -1 -2 
1829 -1 1642 -1 -2 
685 -1 1642 -1 -2 
858 -1 1642 -1 -2 
1144 -1 1642 -1 -2 
1291 -1 1642 -1 -2 
1600 -1 1642 -1 -2 
186 -1 1642 -1 -2 
845 -1 1642 -1 -2 
350 -1 1642 -1 -2 
91 -1 1642 -1 -2 
1125 -1 1642 -1 -2 
294 -1 1642 -1 -2 
712 -1 1642 -1 -2 
128 -1 1642 -1 -2 
539 -1 1642 -1 -2 
538 -1 1642 -1 -2 
537 -1 1642 -1 -2 
972 -1 1642 -1 -2 
667 -1 1642 -1 -2 
259 -1 1642 -1 -2 
116 -1 1642 -1 -2 
1157 -1 1642 -1 -2 
1289 -1 1642 -1 -2 
289 -1 1782 -1 -2 
460 -1 1782 -1 -2 
707 -1 1782 -1 -2 
217 -1 1782 -1 -2 
307 -1 1782 -1 -2 
647 -1 1782 -1 -2 
798 -1 1782 -1 -2 
346 -1 1782 -1 -2 
347 -1 1782 -1 -2 
1826 -1 1782 -1 -2 
282 -1 1782 -1 -2 
335 -1 1782 -1 -2 
334 -1 1782 -1 -2 
336 -1 1782 -1 -2 
798 -1 1782 -1 -2 
576 -1 1782 -1 -2 
443 -1 1782 -1 -2 
229 -1 1782 -1 -2 
1717 -1 49 -1 -2 
984 -1 49 -1 -2 
52 -1 49 -1 -2 
64 -1 562 -1 -2 
58 -1 562 -1 -2 
379 -1 562 -1 -2 
953 -1 63 -1 -2 
434 -1 49 -1 -2 
435 -1 49 -1 -2 
57 -1 1237 -1 -2 
259 -1 1237 -1 -2 
435 -1 1237 -1 -2 
369 -1 1237 -1 -2 
925 -1 1237 -1 -2 
260 -1 1237 -1 -2 
205 -1 1237 -1 -2 
1 -1 1237 -1 -2 
451 -1 1237 -1 -2 
14 -1 1237 -1 -2 
185 -1 1237 -1 -2 
165 -1 1237 -1 -2 
860 -1 1237 -1 -2 
283 -1 1237 -1 -2 
267 -1 1237 -1 -2 
266 -1 1237 -1 -2 
927 -1 1237 -1 -2 
201 -1 1237 -1 -2 
362 -1 1237 -1 -2 
549 -1 1237 -1 -2 
294 -1 1237 -1 -2 
479 -1 1237 -1 -2 
246 -1 1237 -1 -2 
247 -1 1237 -1 -2 
1 -1 241 -1 -2 
1478 -1 241 -1 -2 
99 -1 241 -1 -2 
272 -1 241 -1 -2 
255 -1 241 -1 -2 
516 -1 241 -1 -2 
381 -1 241 -1 -2 
471 -1 241 -1 -2 
1628 -1 241 -1 -2 
885 -1 241 -1 -2 
20 -1 241 -1 -2 
822 -1 241 -1 -2 
874 -1 241 -1 -2 
6 -1 241 -1 -2 
205 -1 241 -1 -2 
116 -1 241 -1 -2 
179 -1 241 -1 -2 
1607 -1 241 -1 -2 
1169 -1 241 -1 -2 
242 -1 241 -1 -2 
197 -1 241 -1 -2 
70 -1 241 -1 -2 
198 -1 241 -1 -2 
197 -1 241 -1 -2 
189 -1 241 -1 -2 
373 -1 241 -1 -2 
545 -1 241 -1 -2 
300 -1 241 -1 -2 
1839 -1 241 -1 -2 
942 -1 241 -1 -2 
1005 -1 241 -1 -2 
1093 -1 241 -1 -2 
1398 -1 241 -1 -2 
442 -1 241 -1 -2 
1399 -1 241 -1 -2 
248 -1 241 -1 -2 
1141 -1 241 -1 -2 
427 -1 241 -1 -2 
377 -1 241 -1 -2 
348 -1 241 -1 -2 
925 -1 241 -1 -2 
369 -1 241 -1 -2 
268 -1 241 -1 -2 
451 -1 241 -1 -2 
260 -1 241 -1 -2 
526 -1 241 -1 -2 
1809 -1 241 -1 -2 
204 -1 241 -1 -2 
1809 -1 1408 -1 -2 
414 -1 1408 -1 -2 
179 -1 1408 -1 -2 
602 -1 1408 -1 -2 
145 -1 1408 -1 -2 
434 -1 1408 -1 -2 
1797 -1 1408 -1 -2 
866 -1 1408 -1 -2 
117 -1 1408 -1 -2 
4 -1 1408 -1 -2 
926 -1 1408 -1 -2 
113 -1 1408 -1 -2 
779 -1 1408 -1 -2 
79 -1 1408 -1 -2 
192 -1 1408 -1 -2 
5 -1 1408 -1 -2 
251 -1 1408 -1 -2 
389 -1 1408 -1 -2 
203 -1 1408 -1 -2 
930 -1 1408 -1 -2 
260 -1 1408 -1 -2 
144 -1 1408 -1 -2 
1157 -1 1408 -1 -2 
970 -1 63 -1 -2 
765 -1 63 -1 -2 
295 -1 63 -1 -2 
805 -1 63 -1 -2 
1550 -1 63 -1 -2 
798 -1 63 -1 -2 
1519 -1 63 -1 -2 
472 -1 63 -1 -2 
577 -1 63 -1 -2 
540 -1 63 -1 -2 
91 -1 63 -1 -2 
732 -1 63 -1 -2 
463 -1 63 -1 -2 
37 -1 63 -1 -2 
1389 -1 63 -1 -2 
1029 -1 63 -1 -2 
56 -1 63 -1 -2 
1366 -1 63 -1 -2 
399 -1 835 -1 -2 
830 -1 835 -1 -2 
900 -1 835 -1 -2 
14 -1 835 -1 -2 
839 -1 835 -1 -2 
1732 -1 835 -1 -2 
1798 -1 555 -1 -2 
1799 -1 555 -1 -2 
507 -1 917 -1 -2 
179 -1 917 -1 -2 
251 -1 917 -1 -2 
1778 -1 917 -1 -2 
1786 -1 917 -1 -2 
1784 -1 917 -1 -2 
1777 -1 917 -1 -2 
1774 -1 917 -1 -2 
1775 -1 917 -1 -2 
1110 -1 917 -1 -2 
1769 -1 917 -1 -2 
1821 -1 917 -1 -2 
1334 -1 917 -1 -2 
1622 -1 917 -1 -2 
592 -1 917 -1 -2 
1113 -1 917 -1 -2 
1243 -1 917 -1 -2 
1243 -1 917 -1 -2 
1243 -1 917 -1 -2 
133 -1 917 -1 -2 
924 -1 917 -1 -2 
414 -1 917 -1 -2 
135 -1 917 -1 -2 
38 -1 917 -1 -2 
1819 -1 1219 -1 -2 
263 -1 1219 -1 -2 
247 -1 1219 -1 -2 
265 -1 1219 -1 -2 
436 -1 1219 -1 -2 
244 -1 1219 -1 -2 
269 -1 1219 -1 -2 
243 -1 1219 -1 -2 
1398 -1 1219 -1 -2 
267 -1 1219 -1 -2 
266 -1 1219 -1 -2 
1399 -1 1219 -1 -2 
264 -1 1219 -1 -2 
689 -1 1219 -1 -2 
113 -1 1219 -1 -2 
540 -1 1219 -1 -2 
64 -1 562 -1 -2 
540 -1 1219 -1 -2 
310 -1 1282 -1 -2 
309 -1 1282 -1 -2 
26 -1 1282 -1 -2 
91 -1 1282 -1 -2 
434 -1 1790 -1 -2 
451 -1 1790 -1 -2 
627 -1 1790 -1 -2 
144 -1 1790 -1 -2 
602 -1 1790 -1 -2 
145 -1 1790 -1 -2 
489 -1 1790 -1 -2 
103 -1 1790 -1 -2 
1821 -1 1790 -1 -2 
1214 -1 1790 -1 -2 
57 -1 1790 -1 -2 
32 -1 678 -1 -2 
32 -1 678 -1 -2 
135 -1 1807 -1 -2 
145 -1 1078 -1 -2 
450 -1 1720 -1 -2 
145 -1 1720 -1 -2 
1035 -1 1720 -1 -2 
1036 -1 1720 -1 -2 
1406 -1 1720 -1 -2 
1002 -1 1720 -1 -2 
952 -1 1720 -1 -2 
705 -1 1720 -1 -2 
549 -1 1720 -1 -2 
632 -1 1720 -1 -2 
1798 -1 1720 -1 -2 
399 -1 1720 -1 -2 
922 -1 1720 -1 -2 
852 -1 1720 -1 -2 
602 -1 1720 -1 -2 
267 -1 1720 -1 -2 
266 -1 1720 -1 -2 
1220 -1 1720 -1 -2 
205 -1 1720 -1 -2 
712 -1 1720 -1 -2 
364 -1 1720 -1 -2 
1399 -1 1219 -1 -2 
1398 -1 1219 -1 -2 
436 -1 1219 -1 -2 
689 -1 1219 -1 -2 
113 -1 1219 -1 -2 
540 -1 1219 -1 -2 
1819 -1 1219 -1 -2 
244 -1 1219 -1 -2 
243 -1 1219 -1 -2 
269 -1 1219 -1 -2 
264 -1 1219 -1 -2 
266 -1 1219 -1 -2 
267 -1 1219 -1 -2 
265 -1 1219 -1 -2 
247 -1 1219 -1 -2 
263 -1 1219 -1 -2 
56 -1 1115 -1 -2 
527 -1 1115 -1 -2 
1855 -1 1115 -1 -2 
245 -1 1115 -1 -2 
139 -1 1678 -1 -2 
64 -1 1678 -1 -2 
874 -1 1678 -1 -2 
101 -1 1678 -1 -2 
52 -1 1678 -1 -2 
1717 -1 1678 -1 -2 
984 -1 1678 -1 -2 
634 -1 1678 -1 -2 
365 -1 1605 -1 -2 
345 -1 1605 -1 -2 
22 -1 1605 -1 -2 
1833 -1 1605 -1 -2 
707 -1 1605 -1 -2 
1857 -1 1605 -1 -2 
1843 -1 1605 -1 -2 
1841 -1 1605 -1 -2 
1864 -1 1605 -1 -2 
1866 -1 1605 -1 -2 
588 -1 1605 -1 -2 
429 -1 1605 -1 -2 
344 -1 1605 -1 -2 
340 -1 1605 -1 -2 
1482 -1 1605 -1 -2 
345 -1 1605 -1 -2 
228 -1 1605 -1 -2 
867 -1 1605 -1 -2 
812 -1 1605 -1 -2 
339 -1 1605 -1 -2 
1211 -1 1605 -1 -2 
340 -1 1605 -1 -2 
653 -1 1605 -1 -2 
997 -1 1605 -1 -2 
1092 -1 1605 -1 -2 
868 -1 1605 -1 -2 
529 -1 1605 -1 -2 
22 -1 1605 -1 -2 
282 -1 1605 -1 -2 
346 -1 1605 -1 -2 
423 -1 1605 -1 -2 
443 -1 1605 -1 -2 
302 -1 1605 -1 -2 
647 -1 1605 -1 -2 
347 -1 1605 -1 -2 
334 -1 1605 -1 -2 
300 -1 1605 -1 -2 
1396 -1 1605 -1 -2 
138 -1 1605 -1 -2 
139 -1 1605 -1 -2 
340 -1 1605 -1 -2 
250 -1 1605 -1 -2 
488 -1 1605 -1 -2 
552 -1 1605 -1 -2 
87 -1 1605 -1 -2 
446 -1 1605 -1 -2 
881 -1 1605 -1 -2 
1045 -1 1605 -1 -2 
1398 -1 1605 -1 -2 
1399 -1 1605 -1 -2 
133 -1 1605 -1 -2 
972 -1 1605 -1 -2 
777 -1 1605 -1 -2 
679 -1 1605 -1 -2 
211 -1 1605 -1 -2 
847 -1 1605 -1 -2 
563 -1 1605 -1 -2 
99 -1 1605 -1 -2 
38 -1 1673 -1 -2 
71 -1 1673 -1 -2 
70 -1 1673 -1 -2 
1021 -1 1673 -1 -2 
970 -1 1673 -1 -2 
625 -1 1673 -1 -2 
729 -1 1673 -1 -2 
657 -1 1673 -1 -2 
152 -1 1673 -1 -2 
602 -1 1673 -1 -2 
204 -1 1673 -1 -2 
6 -1 1673 -1 -2 
760 -1 1673 -1 -2 
1797 -1 1673 -1 -2 
144 -1 1673 -1 -2 
326 -1 1673 -1 -2 
575 -1 1448 -1 -2 
556 -1 1448 -1 -2 
680 -1 1448 -1 -2 
56 -1 1448 -1 -2 
690 -1 1448 -1 -2 
1826 -1 1448 -1 -2 
1829 -1 1448 -1 -2 
1827 -1 1448 -1 -2 
1830 -1 1448 -1 -2 
1831 -1 1448 -1 -2 
737 -1 1448 -1 -2 
897 -1 1448 -1 -2 
1849 -1 1448 -1 -2 
1846 -1 1448 -1 -2 
1848 -1 1448 -1 -2 
1847 -1 1448 -1 -2 
486 -1 1448 -1 -2 
1132 -1 1448 -1 -2 
14 -1 1326 -1 -2 
58 -1 1326 -1 -2 
328 -1 1326 -1 -2 
1557 -1 1326 -1 -2 
872 -1 1326 -1 -2 
1206 -1 1326 -1 -2 
439 -1 1326 -1 -2 
67 -1 1326 -1 -2 
1371 -1 1326 -1 -2 
862 -1 465 -1 -2 
719 -1 465 -1 -2 
1018 -1 465 -1 -2 
520 -1 465 -1 -2 
832 -1 465 -1 -2 
658 -1 465 -1 -2 
1042 -1 465 -1 -2 
414 -1 465 -1 -2 
804 -1 465 -1 -2 
752 -1 465 -1 -2 
851 -1 465 -1 -2 
1087 -1 465 -1 -2 
540 -1 465 -1 -2 
590 -1 465 -1 -2 
589 -1 465 -1 -2 
320 -1 465 -1 -2 
1126 -1 465 -1 -2 
936 -1 465 -1 -2 
357 -1 465 -1 -2 
591 -1 465 -1 -2 
251 -1 465 -1 -2 
324 -1 1475 -1 -2 
232 -1 1475 -1 -2 
326 -1 1475 -1 -2 
133 -1 1767 -1 -2 
399 -1 1767 -1 -2 
970 -1 1767 -1 -2 
41 -1 1767 -1 -2 
1260 -1 1767 -1 -2 
707 -1 1767 -1 -2 
1690 -1 1767 -1 -2 
871 -1 1767 -1 -2 
180 -1 1767 -1 -2 
98 -1 1767 -1 -2 
1858 -1 1767 -1 -2 
47 -1 1767 -1 -2 
584 -1 1767 -1 -2 
836 -1 1767 -1 -2 
1693 -1 600 -1 -2 
177 -1 600 -1 -2 
251 -1 600 -1 -2 
107 -1 600 -1 -2 
414 -1 600 -1 -2 
1839 -1 1816 -1 -2 
1840 -1 1816 -1 -2 
1838 -1 1816 -1 -2 
1831 -1 1816 -1 -2 
1778 -1 1816 -1 -2 
1776 -1 1816 -1 -2 
327 -1 1816 -1 -2 
192 -1 1816 -1 -2 
503 -1 1816 -1 -2 
502 -1 1816 -1 -2 
139 -1 1816 -1 -2 
762 -1 1816 -1 -2 
1184 -1 1816 -1 -2 
79 -1 1816 -1 -2 
488 -1 1816 -1 -2 
144 -1 1816 -1 -2 
259 -1 1816 -1 -2 
1771 -1 1816 -1 -2 
694 -1 1816 -1 -2 
343 -1 1816 -1 -2 
1705 -1 1816 -1 -2 
211 -1 1816 -1 -2 
796 -1 1816 -1 -2 
78 -1 1816 -1 -2 
847 -1 1816 -1 -2 
26 -1 1816 -1 -2 
712 -1 1816 -1 -2 
713 -1 1816 -1 -2 
1732 -1 1816 -1 -2 
874 -1 1816 -1 -2 
960 -1 1816 -1 -2 
422 -1 453 -1 -2 
76 -1 453 -1 -2 
823 -1 453 -1 -2 
737 -1 453 -1 -2 
40 -1 453 -1 -2 
890 -1 453 -1 -2 
1660 -1 453 -1 -2 
897 -1 453 -1 -2 
836 -1 453 -1 -2 
389 -1 453 -1 -2 
390 -1 453 -1 -2 
546 -1 453 -1 -2 
507 -1 453 -1 -2 
43 -1 453 -1 -2 
675 -1 453 -1 -2 
39 -1 453 -1 -2 
30 -1 453 -1 -2 
1297 -1 453 -1 -2 
135 -1 453 -1 -2 
374 -1 453 -1 -2 
1854 -1 453 -1 -2 
41 -1 453 -1 -2 
1403 -1 1172 -1 -2 
839 -1 1172 -1 -2 
103 -1 1172 -1 -2 
1198 -1 1172 -1 -2 
439 -1 1172 -1 -2 
1421 -1 1172 -1 -2 
240 -1 1172 -1 -2 
1403 -1 1172 -1 -2 
1646 -1 1172 -1 -2 
1022 -1 1172 -1 -2 
14 -1 1172 -1 -2 
839 -1 1172 -1 -2 
189 -1 1172 -1 -2 
189 -1 1172 -1 -2 
189 -1 1172 -1 -2 
181 -1 1172 -1 -2 
33 -1 1172 -1 -2 
1836 -1 1456 -1 -2 
1824 -1 1456 -1 -2 
1297 -1 1456 -1 -2 
894 -1 1456 -1 -2 
179 -1 1456 -1 -2 
1442 -1 1456 -1 -2 
1001 -1 1456 -1 -2 
602 -1 1456 -1 -2 
1839 -1 1456 -1 -2 
151 -1 1456 -1 -2 
146 -1 1456 -1 -2 
52 -1 1456 -1 -2 
284 -1 1456 -1 -2 
907 -1 1456 -1 -2 
908 -1 1456 -1 -2 
1169 -1 1456 -1 -2 
563 -1 1456 -1 -2 
172 -1 1456 -1 -2 
5 -1 1456 -1 -2 
1375 -1 1456 -1 -2 
582 -1 1456 -1 -2 
1821 -1 1581 -1 -2 
1771 -1 1581 -1 -2 
713 -1 1581 -1 -2 
79 -1 1581 -1 -2 
135 -1 1581 -1 -2 
314 -1 1581 -1 -2 
1774 -1 1581 -1 -2 
712 -1 1581 -1 -2 
185 -1 1581 -1 -2 
1356 -1 1581 -1 -2 
847 -1 1581 -1 -2 
862 -1 1581 -1 -2 
136 -1 1581 -1 -2 
1846 -1 1679 -1 -2 
1829 -1 1679 -1 -2 
1830 -1 1679 -1 -2 
1827 -1 1679 -1 -2 
227 -1 1679 -1 -2 
93 -1 1679 -1 -2 
1283 -1 1679 -1 -2 
1336 -1 1679 -1 -2 
1015 -1 1679 -1 -2 
488 -1 1679 -1 -2 
1007 -1 1679 -1 -2 
847 -1 1679 -1 -2 
485 -1 1679 -1 -2 
658 -1 1679 -1 -2 
251 -1 1679 -1 -2 
1233 -1 1679 -1 -2 
372 -1 1679 -1 -2 
1083 -1 1679 -1 -2 
240 -1 1679 -1 -2 
109 -1 1679 -1 -2 
614 -1 1679 -1 -2 
321 -1 1679 -1 -2 
1717 -1 1446 -1 -2 
52 -1 1446 -1 -2 
563 -1 1446 -1 -2 
148 -1 1446 -1 -2 
148 -1 562 -1 -2 
271 -1 562 -1 -2 
872 -1 562 -1 -2 
577 -1 562 -1 -2 
56 -1 562 -1 -2 
17 -1 562 -1 -2 
577 -1 562 -1 -2 
1155 -1 562 -1 -2 
197 -1 562 -1 -2 
198 -1 562 -1 -2 
352 -1 562 -1 -2 
2 -1 562 -1 -2 
238 -1 562 -1 -2 
1421 -1 562 -1 -2 
1862 -1 562 -1 -2 
1096 -1 562 -1 -2 
1781 -1 621 -1 -2 
1858 -1 621 -1 -2 
1865 -1 621 -1 -2 
1866 -1 621 -1 -2 
712 -1 621 -1 -2 
468 -1 621 -1 -2 
33 -1 621 -1 -2 
1069 -1 621 -1 -2 
342 -1 621 -1 -2 
567 -1 621 -1 -2 
637 -1 621 -1 -2 
709 -1 621 -1 -2 
267 -1 621 -1 -2 
264 -1 621 -1 -2 
450 -1 621 -1 -2 
212 -1 621 -1 -2 
1028 -1 621 -1 -2 
318 -1 621 -1 -2 
85 -1 621 -1 -2 
690 -1 621 -1 -2 
625 -1 621 -1 -2 
640 -1 621 -1 -2 
358 -1 621 -1 -2 
326 -1 621 -1 -2 
671 -1 621 -1 -2 
364 -1 621 -1 -2 
391 -1 814 -1 -2 
1272 -1 814 -1 -2 
1334 -1 814 -1 -2 
1272 -1 814 -1 -2 
1865 -1 814 -1 -2 
1021 -1 814 -1 -2 
38 -1 814 -1 -2 
38 -1 814 -1 -2 
71 -1 814 -1 -2 
291 -1 814 -1 -2 
78 -1 814 -1 -2 
609 -1 814 -1 -2 
1022 -1 814 -1 -2 
249 -1 814 -1 -2 
88 -1 814 -1 -2 
249 -1 814 -1 -2 
167 -1 814 -1 -2 
252 -1 814 -1 -2 
250 -1 814 -1 -2 
136 -1 814 -1 -2 
1092 -1 814 -1 -2 
224 -1 814 -1 -2 
449 -1 814 -1 -2 
786 -1 814 -1 -2 
133 -1 814 -1 -2 
79 -1 814 -1 -2 
893 -1 814 -1 -2 
893 -1 814 -1 -2 
1022 -1 814 -1 -2 
816 -1 814 -1 -2 
120 -1 814 -1 -2 
444 -1 814 -1 -2 
893 -1 814 -1 -2 
923 -1 814 -1 -2 
673 -1 814 -1 -2 
1097 -1 814 -1 -2 
240 -1 814 -1 -2 
350 -1 814 -1 -2 
77 -1 814 -1 -2 
664 -1 814 -1 -2 
1108 -1 814 -1 -2 
1157 -1 814 -1 -2 
145 -1 814 -1 -2 
1797 -1 814 -1 -2 
760 -1 814 -1 -2 
1157 -1 814 -1 -2 
280 -1 814 -1 -2 
760 -1 814 -1 -2 
1797 -1 814 -1 -2 
1858 -1 814 -1 -2 
1348 -1 814 -1 -2 
1130 -1 814 -1 -2 
1771 -1 814 -1 -2 
658 -1 814 -1 -2 
351 -1 814 -1 -2 
806 -1 814 -1 -2 
379 -1 814 -1 -2 
1009 -1 814 -1 -2 
46 -1 814 -1 -2 
645 -1 814 -1 -2 
876 -1 814 -1 -2 
877 -1 814 -1 -2 
875 -1 814 -1 -2 
951 -1 814 -1 -2 
410 -1 814 -1 -2 
1426 -1 814 -1 -2 
543 -1 814 -1 -2 
1318 -1 814 -1 -2 
1133 -1 814 -1 -2 
115 -1 814 -1 -2 
214 -1 814 -1 -2 
1860 -1 814 -1 -2 
1188 -1 814 -1 -2 
854 -1 814 -1 -2 
94 -1 814 -1 -2 
786 -1 814 -1 -2 
33 -1 814 -1 -2 
135 -1 814 -1 -2 
919 -1 1663 -1 -2 
1771 -1 1663 -1 -2 
831 -1 562 -1 -2 
46 -1 562 -1 -2 
1132 -1 562 -1 -2 
924 -1 562 -1 -2 
1836 -1 562 -1 -2 
1839 -1 562 -1 -2 
1838 -1 562 -1 -2 
1840 -1 562 -1 -2 
1837 -1 562 -1 -2 
321 -1 1779 -1 -2 
171 -1 1779 -1 -2 
1159 -1 1779 -1 -2 
139 -1 1779 -1 -2 
300 -1 1779 -1 -2 
649 -1 1779 -1 -2 
1832 -1 1779 -1 -2 
552 -1 1779 -1 -2 
507 -1 1779 -1 -2 
1249 -1 1779 -1 -2 
537 -1 1779 -1 -2 
987 -1 1779 -1 -2 
293 -1 1779 -1 -2 
646 -1 1779 -1 -2 
182 -1 1779 -1 -2 
135 -1 1779 -1 -2 
648 -1 1779 -1 -2 
20 -1 1779 -1 -2 
251 -1 1779 -1 -2 
529 -1 1779 -1 -2 
1288 -1 1779 -1 -2 
1186 -1 1779 -1 -2 
1157 -1 1779 -1 -2 
435 -1 1779 -1 -2 
417 -1 1779 -1 -2 
973 -1 1779 -1 -2 
840 -1 1779 -1 -2 
486 -1 1779 -1 -2 
10 -1 1779 -1 -2 
11 -1 1779 -1 -2 
33 -1 1779 -1 -2 
214 -1 1779 -1 -2 
285 -1 1779 -1 -2 
988 -1 1779 -1 -2 
936 -1 1779 -1 -2 
1087 -1 1779 -1 -2 
1817 -1 1779 -1 -2 
374 -1 1779 -1 -2 
1025 -1 1779 -1 -2 
892 -1 1779 -1 -2 
540 -1 975 -1 -2 
107 -1 975 -1 -2 
103 -1 975 -1 -2 
1397 -1 975 -1 -2 
390 -1 975 -1 -2 
540 -1 191 -1 -2 
687 -1 191 -1 -2 
38 -1 848 -1 -2 
1001 -1 1378 -1 -2 
483 -1 191 -1 -2 
107 -1 191 -1 -2 
1363 -1 191 -1 -2 
385 -1 191 -1 -2 
1543 -1 191 -1 -2 
1541 -1 191 -1 -2 
362 -1 191 -1 -2 
860 -1 191 -1 -2 
450 -1 191 -1 -2 
798 -1 191 -1 -2 
222 -1 191 -1 -2 
202 -1 191 -1 -2 
201 -1 191 -1 -2 
741 -1 191 -1 -2 
1013 -1 191 -1 -2 
103 -1 191 -1 -2 
203 -1 191 -1 -2 
930 -1 191 -1 -2 
1275 -1 191 -1 -2 
768 -1 191 -1 -2 
1275 -1 191 -1 -2 
254 -1 191 -1 -2 
1318 -1 191 -1 -2 
654 -1 191 -1 -2 
644 -1 191 -1 -2 
133 -1 191 -1 -2 
43 -1 191 -1 -2 
713 -1 191 -1 -2 
540 -1 191 -1 -2 
14 -1 191 -1 -2 
1214 -1 191 -1 -2 
361 -1 191 -1 -2 
324 -1 191 -1 -2 
811 -1 191 -1 -2 
1602 -1 191 -1 -2 
1753 -1 191 -1 -2 
1768 -1 191 -1 -2 
1419 -1 191 -1 -2 
509 -1 191 -1 -2 
455 -1 191 -1 -2 
548 -1 191 -1 -2 
232 -1 191 -1 -2 
1025 -1 191 -1 -2 
427 -1 191 -1 -2 
278 -1 1378 -1 -2 
261 -1 1378 -1 -2 
500 -1 1378 -1 -2 
537 -1 1378 -1 -2 
538 -1 1378 -1 -2 
540 -1 1378 -1 -2 
275 -1 1378 -1 -2 
274 -1 1378 -1 -2 
1001 -1 1378 -1 -2 
251 -1 1378 -1 -2 
987 -1 1740 -1 -2 
293 -1 1740 -1 -2 
844 -1 1740 -1 -2 
64 -1 1740 -1 -2 
1822 -1 1740 -1 -2 
1824 -1 1740 -1 -2 
1164 -1 1686 -1 -2 
364 -1 1686 -1 -2 
6 -1 1465 -1 -2 
1 -1 1465 -1 -2 
205 -1 1465 -1 -2 
526 -1 1465 -1 -2 
369 -1 1465 -1 -2 
1809 -1 1465 -1 -2 
925 -1 1465 -1 -2 
204 -1 1465 -1 -2 
259 -1 1465 -1 -2 
1797 -1 1465 -1 -2 
145 -1 1465 -1 -2 
144 -1 1465 -1 -2 
435 -1 1465 -1 -2 
860 -1 1465 -1 -2 
202 -1 1465 -1 -2 
450 -1 1465 -1 -2 
362 -1 1465 -1 -2 
201 -1 1465 -1 -2 
1233 -1 1465 -1 -2 
741 -1 1465 -1 -2 
1013 -1 1465 -1 -2 
78 -1 1465 -1 -2 
371 -1 1465 -1 -2 
325 -1 1465 -1 -2 
1070 -1 1465 -1 -2 
1554 -1 1173 -1 -2 
974 -1 1173 -1 -2 
1008 -1 1173 -1 -2 
958 -1 1173 -1 -2 
804 -1 1173 -1 -2 
1738 -1 1173 -1 -2 
664 -1 1173 -1 -2 
805 -1 1173 -1 -2 
1023 -1 1173 -1 -2 
959 -1 1173 -1 -2 
134 -1 1173 -1 -2 
176 -1 1173 -1 -2 
645 -1 1173 -1 -2 
754 -1 1173 -1 -2 
171 -1 1173 -1 -2 
1717 -1 1173 -1 -2 
984 -1 1173 -1 -2 
52 -1 1173 -1 -2 
35 -1 1173 -1 -2 
189 -1 1173 -1 -2 
76 -1 1173 -1 -2 
314 -1 1725 -1 -2 
872 -1 1725 -1 -2 
439 -1 1725 -1 -2 
527 -1 1725 -1 -2 
27 -1 1725 -1 -2 
444 -1 1725 -1 -2 
35 -1 1725 -1 -2 
36 -1 1725 -1 -2 
377 -1 1725 -1 -2 
64 -1 1725 -1 -2 
81 -1 1725 -1 -2 
362 -1 1725 -1 -2 
137 -1 1725 -1 -2 
238 -1 1725 -1 -2 
571 -1 1725 -1 -2 
840 -1 1725 -1 -2 
1211 -1 1725 -1 -2 
540 -1 1725 -1 -2 
831 -1 1725 -1 -2 
437 -1 1725 -1 -2 
248 -1 1725 -1 -2 
255 -1 1725 -1 -2 
1049 -1 1725 -1 -2 
422 -1 641 -1 -2 
326 -1 641 -1 -2 
81 -1 641 -1 -2 
35 -1 641 -1 -2 
302 -1 641 -1 -2 
300 -1 641 -1 -2 
1860 -1 641 -1 -2 
302 -1 641 -1 -2 
33 -1 641 -1 -2 
1068 -1 641 -1 -2 
41 -1 641 -1 -2 
154 -1 641 -1 -2 
186 -1 641 -1 -2 
1841 -1 641 -1 -2 
750 -1 641 -1 -2 
1311 -1 641 -1 -2 
1148 -1 641 -1 -2 
185 -1 641 -1 -2 
1831 -1 641 -1 -2 
1823 -1 641 -1 -2 
1822 -1 641 -1 -2 
1824 -1 641 -1 -2 
1346 -1 641 -1 -2 
553 -1 641 -1 -2 
434 -1 641 -1 -2 
851 -1 641 -1 -2 
708 -1 641 -1 -2 
251 -1 641 -1 -2 
1174 -1 641 -1 -2 
1761 -1 641 -1 -2 
1290 -1 641 -1 -2 
1291 -1 641 -1 -2 
14 -1 641 -1 -2 
434 -1 641 -1 -2 
620 -1 641 -1 -2 
1255 -1 641 -1 -2 
416 -1 641 -1 -2 
1058 -1 641 -1 -2 
1437 -1 641 -1 -2 
911 -1 641 -1 -2 
836 -1 641 -1 -2 
374 -1 641 -1 -2 
135 -1 641 -1 -2 
894 -1 641 -1 -2 
643 -1 641 -1 -2 
440 -1 641 -1 -2 
142 -1 641 -1 -2 
11 -1 1465 -1 -2 
10 -1 1465 -1 -2 
650 -1 1465 -1 -2 
56 -1 1441 -1 -2 
1855 -1 1441 -1 -2 
64 -1 1649 -1 -2 
1797 -1 1649 -1 -2 
259 -1 1649 -1 -2 
302 -1 497 -1 -2 
882 -1 497 -1 -2 
451 -1 497 -1 -2 
325 -1 497 -1 -2 
346 -1 497 -1 -2 
868 -1 497 -1 -2 
507 -1 497 -1 -2 
144 -1 497 -1 -2 
328 -1 497 -1 -2 
179 -1 497 -1 -2 
1797 -1 1737 -1 -2 
1809 -1 1737 -1 -2 
1 -1 1737 -1 -2 
925 -1 1737 -1 -2 
760 -1 1737 -1 -2 
369 -1 1737 -1 -2 
201 -1 1737 -1 -2 
188 -1 1737 -1 -2 
576 -1 1737 -1 -2 
798 -1 1737 -1 -2 
14 -1 1737 -1 -2 
860 -1 1737 -1 -2 
362 -1 1737 -1 -2 
202 -1 1737 -1 -2 
927 -1 1737 -1 -2 
282 -1 1659 -1 -2 
1866 -1 1659 -1 -2 
476 -1 1659 -1 -2 
361 -1 1659 -1 -2 
296 -1 1659 -1 -2 
645 -1 1659 -1 -2 
138 -1 1659 -1 -2 
984 -1 1659 -1 -2 
52 -1 1659 -1 -2 
374 -1 1659 -1 -2 
133 -1 1659 -1 -2 
620 -1 1659 -1 -2 
1007 -1 1659 -1 -2 
1070 -1 1659 -1 -2 
392 -1 1659 -1 -2 
320 -1 1659 -1 -2 
321 -1 1659 -1 -2 
614 -1 1659 -1 -2 
26 -1 1659 -1 -2 
1184 -1 1659 -1 -2 
840 -1 1659 -1 -2 
924 -1 1659 -1 -2 
144 -1 1659 -1 -2 
437 -1 1659 -1 -2 
816 -1 497 -1 -2 
22 -1 497 -1 -2 
529 -1 497 -1 -2 
6 -1 497 -1 -2 
348 -1 497 -1 -2 
282 -1 497 -1 -2 
423 -1 497 -1 -2 
347 -1 497 -1 -2 
346 -1 497 -1 -2 
307 -1 497 -1 -2 
905 -1 497 -1 -2 
5 -1 497 -1 -2 
1809 -1 497 -1 -2 
1294 -1 497 -1 -2 
362 -1 497 -1 -2 
201 -1 497 -1 -2 
302 -1 497 -1 -2 
576 -1 497 -1 -2 
867 -1 497 -1 -2 
344 -1 497 -1 -2 
868 -1 497 -1 -2 
1798 -1 555 -1 -2 
1799 -1 555 -1 -2 
264 -1 1219 -1 -2 
266 -1 1219 -1 -2 
267 -1 1219 -1 -2 
243 -1 1219 -1 -2 
269 -1 1219 -1 -2 
113 -1 1219 -1 -2 
503 -1 1219 -1 -2 
502 -1 1219 -1 -2 
1091 -1 1219 -1 -2 
1089 -1 1219 -1 -2 
1819 -1 1219 -1 -2 
748 -1 1219 -1 -2 
436 -1 1219 -1 -2 
265 -1 1219 -1 -2 
244 -1 1219 -1 -2 
1398 -1 1219 -1 -2 
1399 -1 1219 -1 -2 
263 -1 1219 -1 -2 
247 -1 1219 -1 -2 
1099 -1 1219 -1 -2 
1778 -1 641 -1 -2 
1784 -1 641 -1 -2 
1771 -1 641 -1 -2 
33 -1 641 -1 -2 
33 -1 641 -1 -2 
896 -1 641 -1 -2 
377 -1 290 -1 -2 
439 -1 290 -1 -2 
896 -1 290 -1 -2 
33 -1 290 -1 -2 
645 -1 290 -1 -2 
895 -1 290 -1 -2 
146 -1 290 -1 -2 
289 -1 290 -1 -2 
170 -1 290 -1 -2 
58 -1 536 -1 -2 
546 -1 536 -1 -2 
94 -1 536 -1 -2 
1102 -1 536 -1 -2 
932 -1 536 -1 -2 
1333 -1 536 -1 -2 
742 -1 536 -1 -2 
1013 -1 536 -1 -2 
741 -1 536 -1 -2 
1016 -1 536 -1 -2 
906 -1 536 -1 -2 
229 -1 536 -1 -2 
798 -1 536 -1 -2 
204 -1 536 -1 -2 
927 -1 536 -1 -2 
700 -1 536 -1 -2 
136 -1 536 -1 -2 
198 -1 536 -1 -2 
385 -1 536 -1 -2 
202 -1 536 -1 -2 
826 -1 536 -1 -2 
619 -1 536 -1 -2 
233 -1 536 -1 -2 
6 -1 536 -1 -2 
1133 -1 536 -1 -2 
40 -1 536 -1 -2 
1584 -1 536 -1 -2 
205 -1 536 -1 -2 
233 -1 536 -1 -2 
437 -1 536 -1 -2 
550 -1 536 -1 -2 
1206 -1 536 -1 -2 
46 -1 1501 -1 -2 
229 -1 1501 -1 -2 
646 -1 1501 -1 -2 
300 -1 1501 -1 -2 
280 -1 1501 -1 -2 
346 -1 1501 -1 -2 
418 -1 1501 -1 -2 
624 -1 1501 -1 -2 
786 -1 1501 -1 -2 
1603 -1 1501 -1 -2 
665 -1 1501 -1 -2 
152 -1 1501 -1 -2 
107 -1 1501 -1 -2 
816 -1 497 -1 -2 
970 -1 1033 -1 -2 
540 -1 1033 -1 -2 
414 -1 1033 -1 -2 
86 -1 1688 -1 -2 
1152 -1 1688 -1 -2 
1291 -1 1688 -1 -2 
1184 -1 1688 -1 -2 
840 -1 1688 -1 -2 
1823 -1 1688 -1 -2 
563 -1 1688 -1 -2 
897 -1 1688 -1 -2 
19 -1 1688 -1 -2 
84 -1 1688 -1 -2 
148 -1 1688 -1 -2 
36 -1 1688 -1 -2 
444 -1 1688 -1 -2 
361 -1 1688 -1 -2 
373 -1 1688 -1 -2 
1819 -1 1688 -1 -2 
1210 -1 1688 -1 -2 
713 -1 1688 -1 -2 
552 -1 1688 -1 -2 
1821 -1 1688 -1 -2 
1771 -1 1688 -1 -2 
133 -1 1688 -1 -2 
797 -1 1688 -1 -2 
215 -1 1688 -1 -2 
1837 -1 1688 -1 -2 
1840 -1 1688 -1 -2 
70 -1 1688 -1 -2 
635 -1 1688 -1 -2 
869 -1 1688 -1 -2 
64 -1 1688 -1 -2 
706 -1 1688 -1 -2 
38 -1 1688 -1 -2 
1248 -1 1688 -1 -2 
682 -1 1688 -1 -2 
342 -1 1688 -1 -2 
831 -1 1688 -1 -2 
1132 -1 1688 -1 -2 
1713 -1 1688 -1 -2 
1758 -1 1688 -1 -2 
466 -1 1688 -1 -2 
288 -1 1688 -1 -2 
599 -1 1688 -1 -2 
598 -1 1688 -1 -2 
731 -1 1688 -1 -2 
85 -1 1688 -1 -2 
364 -1 1688 -1 -2 
193 -1 1736 -1 -2 
56 -1 63 -1 -2 
710 -1 63 -1 -2 
1810 -1 63 -1 -2 
912 -1 63 -1 -2 
1439 -1 63 -1 -2 
735 -1 63 -1 -2 
779 -1 63 -1 -2 
549 -1 63 -1 -2 
1034 -1 63 -1 -2 
354 -1 63 -1 -2 
418 -1 63 -1 -2 
445 -1 63 -1 -2 
1545 -1 63 -1 -2 
995 -1 63 -1 -2 
127 -1 63 -1 -2 
619 -1 63 -1 -2 
684 -1 63 -1 -2 
398 -1 63 -1 -2 
14 -1 63 -1 -2 
615 -1 63 -1 -2 
321 -1 63 -1 -2 
108 -1 63 -1 -2 
204 -1 63 -1 -2 
285 -1 63 -1 -2 
125 -1 63 -1 -2 
970 -1 63 -1 -2 
212 -1 63 -1 -2 
146 -1 63 -1 -2 
777 -1 63 -1 -2 
981 -1 63 -1 -2 
261 -1 63 -1 -2 
262 -1 63 -1 -2 
99 -1 63 -1 -2 
1819 -1 1868 -1 -2 
1771 -1 1868 -1 -2 
267 -1 1868 -1 -2 
266 -1 1868 -1 -2 
264 -1 1868 -1 -2 
568 -1 1868 -1 -2 
711 -1 1868 -1 -2 
796 -1 1868 -1 -2 
1013 -1 1868 -1 -2 
832 -1 1868 -1 -2 
1797 -1 1868 -1 -2 
342 -1 1868 -1 -2 
658 -1 1868 -1 -2 
742 -1 1868 -1 -2 
247 -1 1868 -1 -2 
263 -1 1868 -1 -2 
861 -1 1868 -1 -2 
485 -1 1851 -1 -2 
1550 -1 1456 -1 -2 
1297 -1 1456 -1 -2 
793 -1 1456 -1 -2 
192 -1 1456 -1 -2 
1002 -1 1456 -1 -2 
1381 -1 1456 -1 -2 
882 -1 1456 -1 -2 
507 -1 1456 -1 -2 
249 -1 1456 -1 -2 
250 -1 1456 -1 -2 
38 -1 1456 -1 -2 
255 -1 1456 -1 -2 
251 -1 1456 -1 -2 
582 -1 1456 -1 -2 
280 -1 1527 -1 -2 
423 -1 1527 -1 -2 
443 -1 1527 -1 -2 
647 -1 1527 -1 -2 
346 -1 1527 -1 -2 
347 -1 1527 -1 -2 
646 -1 1527 -1 -2 
282 -1 1527 -1 -2 
303 -1 1527 -1 -2 
78 -1 1527 -1 -2 
14 -1 1527 -1 -2 
38 -1 1527 -1 -2 
690 -1 1527 -1 -2 
1399 -1 1527 -1 -2 
1093 -1 1527 -1 -2 
1398 -1 1527 -1 -2 
1178 -1 1527 -1 -2 
501 -1 1527 -1 -2 
627 -1 1527 -1 -2 
414 -1 1527 -1 -2 
675 -1 1527 -1 -2 
372 -1 1527 -1 -2 
133 -1 1527 -1 -2 
1311 -1 1527 -1 -2 
998 -1 1527 -1 -2 
138 -1 1527 -1 -2 
1045 -1 1527 -1 -2 
935 -1 1527 -1 -2 
171 -1 1527 -1 -2 
171 -1 1527 -1 -2 
139 -1 1527 -1 -2 
406 -1 1527 -1 -2 
138 -1 1527 -1 -2 
286 -1 1527 -1 -2 
1778 -1 1527 -1 -2 
1777 -1 1527 -1 -2 
1703 -1 1106 -1 -2 
1764 -1 1106 -1 -2 
1325 -1 1106 -1 -2 
1324 -1 1106 -1 -2 
1370 -1 1106 -1 -2 
723 -1 1106 -1 -2 
564 -1 1106 -1 -2 
1705 -1 1106 -1 -2 
1093 -1 1106 -1 -2 
1399 -1 1106 -1 -2 
1398 -1 1106 -1 -2 
1872 -1 1106 -1 -2 
1296 -1 1106 -1 -2 
966 -1 1106 -1 -2 
419 -1 1106 -1 -2 
1410 -1 1106 -1 -2 
1415 -1 1106 -1 -2 
1262 -1 1106 -1 -2 
691 -1 1106 -1 -2 
16 -1 1106 -1 -2 
795 -1 1106 -1 -2 
90 -1 1106 -1 -2 
1263 -1 1106 -1 -2 
1819 -1 1106 -1 -2 
1089 -1 1106 -1 -2 
1091 -1 1106 -1 -2 
1090 -1 1106 -1 -2 
1088 -1 1106 -1 -2 
412 -1 1106 -1 -2 
657 -1 1525 -1 -2 
499 -1 1525 -1 -2 
822 -1 1525 -1 -2 
369 -1 1525 -1 -2 
526 -1 1525 -1 -2 
204 -1 1525 -1 -2 
1809 -1 1525 -1 -2 
6 -1 1525 -1 -2 
1 -1 1525 -1 -2 
760 -1 1525 -1 -2 
1797 -1 1525 -1 -2 
144 -1 1525 -1 -2 
434 -1 1525 -1 -2 
259 -1 1525 -1 -2 
145 -1 1525 -1 -2 
205 -1 1525 -1 -2 
1157 -1 1525 -1 -2 
925 -1 1525 -1 -2 
39 -1 1525 -1 -2 
248 -1 1525 -1 -2 
56 -1 1525 -1 -2 
14 -1 1525 -1 -2 
906 -1 1525 -1 -2 
1039 -1 1525 -1 -2 
1860 -1 1525 -1 -2 
210 -1 1525 -1 -2 
133 -1 1525 -1 -2 
1550 -1 1525 -1 -2 
1769 -1 1525 -1 -2 
97 -1 1525 -1 -2 
1841 -1 1525 -1 -2 
533 -1 1525 -1 -2 
607 -1 1525 -1 -2 
531 -1 1525 -1 -2 
530 -1 1525 -1 -2 
1820 -1 1525 -1 -2 
116 -1 1525 -1 -2 
387 -1 1525 -1 -2 
1186 -1 1525 -1 -2 
10 -1 1525 -1 -2 
325 -1 1525 -1 -2 
289 -1 1525 -1 -2 
17 -1 1525 -1 -2 
56 -1 1115 -1 -2 
516 -1 1115 -1 -2 
46 -1 1115 -1 -2 
1001 -1 1115 -1 -2 
233 -1 949 -1 -2 
232 -1 949 -1 -2 
324 -1 949 -1 -2 
151 -1 1505 -1 -2 
79 -1 1505 -1 -2 
649 -1 1505 -1 -2 
341 -1 1505 -1 -2 
1070 -1 1505 -1 -2 
448 -1 1505 -1 -2 
1095 -1 1505 -1 -2 
1693 -1 1505 -1 -2 
1169 -1 1505 -1 -2 
42 -1 1505 -1 -2 
218 -1 1505 -1 -2 
109 -1 1505 -1 -2 
924 -1 1505 -1 -2 
639 -1 1505 -1 -2 
1008 -1 1505 -1 -2 
26 -1 1505 -1 -2 
87 -1 1505 -1 -2 
389 -1 1611 -1 -2 
390 -1 1611 -1 -2 
167 -1 1611 -1 -2 
925 -1 1611 -1 -2 
1157 -1 1611 -1 -2 
116 -1 1611 -1 -2 
540 -1 1611 -1 -2 
414 -1 1611 -1 -2 
1553 -1 1611 -1 -2 
690 -1 1611 -1 -2 
113 -1 1611 -1 -2 
4 -1 1611 -1 -2 
360 -1 1611 -1 -2 
204 -1 1611 -1 -2 
1 -1 1611 -1 -2 
369 -1 1611 -1 -2 
1809 -1 1611 -1 -2 
87 -1 1611 -1 -2 
136 -1 1611 -1 -2 
346 -1 1611 -1 -2 
347 -1 1611 -1 -2 
282 -1 1611 -1 -2 
348 -1 1611 -1 -2 
144 -1 1611 -1 -2 
699 -1 1611 -1 -2 
205 -1 1611 -1 -2 
1229 -1 1611 -1 -2 
52 -1 1173 -1 -2 
380 -1 975 -1 -2 
1329 -1 975 -1 -2 
1042 -1 975 -1 -2 
136 -1 975 -1 -2 
107 -1 975 -1 -2 
1198 -1 975 -1 -2 
1397 -1 975 -1 -2 
414 -1 975 -1 -2 
107 -1 975 -1 -2 
25 -1 1315 -1 -2 
406 -1 1315 -1 -2 
754 -1 1315 -1 -2 
279 -1 1315 -1 -2 
853 -1 1315 -1 -2 
1552 -1 1315 -1 -2 
757 -1 1315 -1 -2 
1519 -1 1315 -1 -2 
439 -1 1736 -1 -2 
81 -1 1736 -1 -2 
479 -1 1736 -1 -2 
212 -1 1452 -1 -2 
1599 -1 1452 -1 -2 
1159 -1 1452 -1 -2 
1160 -1 1452 -1 -2 
4 -1 1452 -1 -2 
362 -1 1452 -1 -2 
860 -1 1452 -1 -2 
202 -1 1452 -1 -2 
927 -1 1452 -1 -2 
144 -1 1452 -1 -2 
434 -1 1452 -1 -2 
259 -1 1452 -1 -2 
552 -1 1452 -1 -2 
796 -1 1452 -1 -2 
1162 -1 1452 -1 -2 
339 -1 1452 -1 -2 
271 -1 1452 -1 -2 
442 -1 1452 -1 -2 
163 -1 1452 -1 -2 
328 -1 1452 -1 -2 
232 -1 1452 -1 -2 
324 -1 1452 -1 -2 
675 -1 1452 -1 -2 
449 -1 1452 -1 -2 
142 -1 1452 -1 -2 
224 -1 1452 -1 -2 
1210 -1 1452 -1 -2 
1211 -1 1452 -1 -2 
709 -1 1452 -1 -2 
1288 -1 1452 -1 -2 
64 -1 1176 -1 -2 
1132 -1 562 -1 -2 
64 -1 1176 -1 -2 
107 -1 1176 -1 -2 
1169 -1 600 -1 -2 
33 -1 600 -1 -2 
895 -1 600 -1 -2 
100 -1 600 -1 -2 
451 -1 600 -1 -2 
348 -1 600 -1 -2 
601 -1 600 -1 -2 
40 -1 600 -1 -2 
271 -1 241 -1 -2 
258 -1 241 -1 -2 
725 -1 241 -1 -2 
530 -1 241 -1 -2 
70 -1 241 -1 -2 
869 -1 241 -1 -2 
1005 -1 241 -1 -2 
300 -1 241 -1 -2 
334 -1 241 -1 -2 
602 -1 241 -1 -2 
6 -1 241 -1 -2 
451 -1 241 -1 -2 
248 -1 241 -1 -2 
327 -1 241 -1 -2 
1818 -1 241 -1 -2 
442 -1 241 -1 -2 
261 -1 241 -1 -2 
1 -1 241 -1 -2 
251 -1 241 -1 -2 
204 -1 241 -1 -2 
563 -1 241 -1 -2 
251 -1 1606 -1 -2 
135 -1 1606 -1 -2 
468 -1 1606 -1 -2 
329 -1 1606 -1 -2 
954 -1 1606 -1 -2 
238 -1 1606 -1 -2 
130 -1 1606 -1 -2 
1476 -1 1606 -1 -2 
567 -1 1606 -1 -2 
1724 -1 1606 -1 -2 
568 -1 1606 -1 -2 
571 -1 1606 -1 -2 
573 -1 1606 -1 -2 
674 -1 1606 -1 -2 
1090 -1 1606 -1 -2 
1088 -1 1606 -1 -2 
38 -1 1606 -1 -2 
250 -1 1606 -1 -2 
1001 -1 1606 -1 -2 
6 -1 1606 -1 -2 
27 -1 618 -1 -2 
729 -1 618 -1 -2 
549 -1 618 -1 -2 
710 -1 618 -1 -2 
1076 -1 618 -1 -2 
1259 -1 618 -1 -2 
1258 -1 618 -1 -2 
1330 -1 618 -1 -2 
658 -1 618 -1 -2 
251 -1 618 -1 -2 
255 -1 618 -1 -2 
248 -1 618 -1 -2 
133 -1 618 -1 -2 
372 -1 618 -1 -2 
251 -1 821 -1 -2 
64 -1 821 -1 -2 
291 -1 821 -1 -2 
245 -1 821 -1 -2 
171 -1 821 -1 -2 
557 -1 821 -1 -2 
644 -1 821 -1 -2 
1410 -1 821 -1 -2 
296 -1 821 -1 -2 
204 -1 1870 -1 -2 
6 -1 1870 -1 -2 
4 -1 1870 -1 -2 
707 -1 1870 -1 -2 
251 -1 1870 -1 -2 
414 -1 1870 -1 -2 
1826 -1 1870 -1 -2 
232 -1 1870 -1 -2 
620 -1 1870 -1 -2 
680 -1 1870 -1 -2 
184 -1 1870 -1 -2 
1841 -1 1870 -1 -2 
1571 -1 1870 -1 -2 
77 -1 1870 -1 -2 
31 -1 1870 -1 -2 
1015 -1 1870 -1 -2 
1011 -1 1870 -1 -2 
1026 -1 1870 -1 -2 
364 -1 1315 -1 -2 
364 -1 1315 -1 -2 
338 -1 1851 -1 -2 
1336 -1 1851 -1 -2 
250 -1 1851 -1 -2 
738 -1 1851 -1 -2 
397 -1 1409 -1 -2 
414 -1 1409 -1 -2 
70 -1 1409 -1 -2 
632 -1 1409 -1 -2 
13 -1 1409 -1 -2 
12 -1 1409 -1 -2 
224 -1 512 -1 -2 
401 -1 1707 -1 -2 
740 -1 1707 -1 -2 
739 -1 1707 -1 -2 
198 -1 1707 -1 -2 
27 -1 1707 -1 -2 
1125 -1 1637 -1 -2 
350 -1 1637 -1 -2 
33 -1 1637 -1 -2 
645 -1 1637 -1 -2 
663 -1 1637 -1 -2 
69 -1 1637 -1 -2 
185 -1 1637 -1 -2 
387 -1 1637 -1 -2 
140 -1 1637 -1 -2 
988 -1 1637 -1 -2 
66 -1 1637 -1 -2 
591 -1 1637 -1 -2 
250 -1 1637 -1 -2 
797 -1 1637 -1 -2 
836 -1 1637 -1 -2 
1067 -1 1637 -1 -2 
769 -1 1637 -1 -2 
897 -1 1637 -1 -2 
737 -1 1637 -1 -2 
1503 -1 1637 -1 -2 
708 -1 1637 -1 -2 
238 -1 1637 -1 -2 
1560 -1 1637 -1 -2 
325 -1 1637 -1 -2 
41 -1 49 -1 -2 
289 -1 49 -1 -2 
14 -1 49 -1 -2 
147 -1 49 -1 -2 
1771 -1 49 -1 -2 
60 -1 49 -1 -2 
11 -1 49 -1 -2 
1429 -1 191 -1 -2 
1784 -1 191 -1 -2 
941 -1 191 -1 -2 
219 -1 191 -1 -2 
324 -1 191 -1 -2 
133 -1 191 -1 -2 
427 -1 191 -1 -2 
650 -1 191 -1 -2 
893 -1 191 -1 -2 
1094 -1 191 -1 -2 
930 -1 191 -1 -2 
325 -1 191 -1 -2 
439 -1 191 -1 -2 
107 -1 191 -1 -2 
928 -1 191 -1 -2 
1771 -1 191 -1 -2 
712 -1 191 -1 -2 
196 -1 191 -1 -2 
197 -1 191 -1 -2 
1509 -1 191 -1 -2 
530 -1 191 -1 -2 
531 -1 191 -1 -2 
1253 -1 191 -1 -2 
442 -1 191 -1 -2 
1194 -1 191 -1 -2 
172 -1 191 -1 -2 
1275 -1 191 -1 -2 
1309 -1 191 -1 -2 
254 -1 191 -1 -2 
578 -1 191 -1 -2 
995 -1 191 -1 -2 
479 -1 191 -1 -2 
440 -1 191 -1 -2 
195 -1 191 -1 -2 
1809 -1 1078 -1 -2 
204 -1 1078 -1 -2 
6 -1 1078 -1 -2 
202 -1 1078 -1 -2 
619 -1 1078 -1 -2 
326 -1 1078 -1 -2 
328 -1 1078 -1 -2 
163 -1 1078 -1 -2 
100 -1 1078 -1 -2 
1 -1 1078 -1 -2 
1872 -1 1106 -1 -2 
1296 -1 1106 -1 -2 
966 -1 1106 -1 -2 
419 -1 1106 -1 -2 
1410 -1 1106 -1 -2 
1415 -1 1106 -1 -2 
1262 -1 1106 -1 -2 
691 -1 1106 -1 -2 
16 -1 1106 -1 -2 
795 -1 1106 -1 -2 
90 -1 1106 -1 -2 
1263 -1 1106 -1 -2 
1819 -1 1106 -1 -2 
1089 -1 1106 -1 -2 
1091 -1 1106 -1 -2 
1090 -1 1106 -1 -2 
1088 -1 1106 -1 -2 
412 -1 1106 -1 -2 
1703 -1 1106 -1 -2 
1764 -1 1106 -1 -2 
1325 -1 1106 -1 -2 
1324 -1 1106 -1 -2 
1370 -1 1106 -1 -2 
723 -1 1106 -1 -2 
564 -1 1106 -1 -2 
1705 -1 1106 -1 -2 
1093 -1 1106 -1 -2 
1399 -1 1106 -1 -2 
1398 -1 1106 -1 -2 
602 -1 497 -1 -2 
1809 -1 497 -1 -2 
78 -1 1377 -1 -2 
620 -1 1377 -1 -2 
896 -1 1377 -1 -2 
56 -1 1377 -1 -2 
970 -1 1377 -1 -2 
163 -1 1377 -1 -2 
892 -1 1377 -1 -2 
872 -1 1377 -1 -2 
271 -1 1377 -1 -2 
439 -1 1377 -1 -2 
558 -1 1377 -1 -2 
1001 -1 1377 -1 -2 
314 -1 1377 -1 -2 
385 -1 1377 -1 -2 
540 -1 1527 -1 -2 
1087 -1 1527 -1 -2 
282 -1 1527 -1 -2 
347 -1 1527 -1 -2 
346 -1 1527 -1 -2 
280 -1 1527 -1 -2 
423 -1 1527 -1 -2 
1129 -1 1527 -1 -2 
78 -1 1527 -1 -2 
1080 -1 1527 -1 -2 
372 -1 1527 -1 -2 
651 -1 1527 -1 -2 
189 -1 1527 -1 -2 
314 -1 1527 -1 -2 
984 -1 1527 -1 -2 
52 -1 1527 -1 -2 
1717 -1 1527 -1 -2 
139 -1 1527 -1 -2 
828 -1 1527 -1 -2 
421 -1 1527 -1 -2 
1045 -1 1527 -1 -2 
881 -1 1527 -1 -2 
595 -1 1527 -1 -2 
309 -1 1282 -1 -2 
91 -1 1282 -1 -2 
468 -1 1282 -1 -2 
26 -1 1282 -1 -2 
1169 -1 1566 -1 -2 
1818 -1 1566 -1 -2 
1023 -1 1566 -1 -2 
32 -1 1438 -1 -2 
31 -1 1438 -1 -2 
712 -1 1438 -1 -2 
711 -1 1438 -1 -2 
796 -1 1438 -1 -2 
385 -1 1438 -1 -2 
197 -1 1438 -1 -2 
198 -1 1438 -1 -2 
196 -1 1438 -1 -2 
69 -1 1438 -1 -2 
364 -1 1438 -1 -2 
1090 -1 1464 -1 -2 
449 -1 1464 -1 -2 
1089 -1 1464 -1 -2 
1091 -1 1464 -1 -2 
142 -1 512 -1 -2 
224 -1 512 -1 -2 
449 -1 512 -1 -2 
476 -1 512 -1 -2 
444 -1 512 -1 -2 
35 -1 512 -1 -2 
266 -1 512 -1 -2 
540 -1 512 -1 -2 
1553 -1 512 -1 -2 
1291 -1 512 -1 -2 
970 -1 512 -1 -2 
1087 -1 512 -1 -2 
803 -1 512 -1 -2 
658 -1 512 -1 -2 
414 -1 512 -1 -2 
264 -1 512 -1 -2 
468 -1 512 -1 -2 
707 -1 512 -1 -2 
77 -1 933 -1 -2 
1186 -1 933 -1 -2 
87 -1 933 -1 -2 
252 -1 933 -1 -2 
249 -1 933 -1 -2 
88 -1 933 -1 -2 
167 -1 933 -1 -2 
427 -1 933 -1 -2 
136 -1 933 -1 -2 
202 -1 933 -1 -2 
282 -1 933 -1 -2 
300 -1 933 -1 -2 
334 -1 933 -1 -2 
307 -1 933 -1 -2 
308 -1 933 -1 -2 
346 -1 933 -1 -2 
529 -1 933 -1 -2 
934 -1 933 -1 -2 
1002 -1 933 -1 -2 
470 -1 933 -1 -2 
1102 -1 933 -1 -2 
1333 -1 933 -1 -2 
932 -1 933 -1 -2 
742 -1 933 -1 -2 
1013 -1 933 -1 -2 
741 -1 933 -1 -2 
585 -1 933 -1 -2 
528 -1 933 -1 -2 
193 -1 933 -1 -2 
10 -1 933 -1 -2 
325 -1 933 -1 -2 
259 -1 933 -1 -2 
145 -1 933 -1 -2 
760 -1 933 -1 -2 
1157 -1 933 -1 -2 
144 -1 933 -1 -2 
1797 -1 933 -1 -2 
201 -1 933 -1 -2 
927 -1 933 -1 -2 
450 -1 933 -1 -2 
362 -1 933 -1 -2 
860 -1 933 -1 -2 
1 -1 933 -1 -2 
1809 -1 933 -1 -2 
116 -1 933 -1 -2 
369 -1 933 -1 -2 
526 -1 933 -1 -2 
369 -1 933 -1 -2 
6 -1 933 -1 -2 
205 -1 933 -1 -2 
925 -1 933 -1 -2 
445 -1 1756 -1 -2 
1398 -1 1756 -1 -2 
1399 -1 1756 -1 -2 
247 -1 1756 -1 -2 
1864 -1 1756 -1 -2 
1863 -1 1756 -1 -2 
1866 -1 1756 -1 -2 
620 -1 1756 -1 -2 
1786 -1 1756 -1 -2 
1601 -1 1756 -1 -2 
1217 -1 1756 -1 -2 
1559 -1 1756 -1 -2 
14 -1 1756 -1 -2 
511 -1 1756 -1 -2 
1094 -1 1756 -1 -2 
1207 -1 975 -1 -2 
261 -1 975 -1 -2 
1231 -1 975 -1 -2 
197 -1 1043 -1 -2 
924 -1 1043 -1 -2 
5 -1 1043 -1 -2 
4 -1 1043 -1 -2 
528 -1 1043 -1 -2 
915 -1 1043 -1 -2 
1430 -1 1043 -1 -2 
53 -1 1043 -1 -2 
920 -1 1043 -1 -2 
500 -1 1043 -1 -2 
177 -1 1043 -1 -2 
1836 -1 1043 -1 -2 
869 -1 1043 -1 -2 
147 -1 1043 -1 -2 
598 -1 1043 -1 -2 
635 -1 1043 -1 -2 
295 -1 1043 -1 -2 
1010 -1 1043 -1 -2 
1291 -1 1043 -1 -2 
537 -1 1043 -1 -2 
527 -1 1043 -1 -2 
1839 -1 1043 -1 -2 
1840 -1 1043 -1 -2 
1836 -1 1043 -1 -2 
289 -1 1043 -1 -2 
907 -1 1043 -1 -2 
1169 -1 1043 -1 -2 
272 -1 1043 -1 -2 
1015 -1 1043 -1 -2 
1204 -1 1043 -1 -2 
148 -1 1043 -1 -2 
317 -1 1043 -1 -2 
897 -1 1043 -1 -2 
836 -1 1043 -1 -2 
737 -1 1043 -1 -2 
557 -1 1043 -1 -2 
527 -1 1579 -1 -2 
1778 -1 1579 -1 -2 
1786 -1 1579 -1 -2 
414 -1 1579 -1 -2 
52 -1 1579 -1 -2 
984 -1 1579 -1 -2 
970 -1 1579 -1 -2 
1717 -1 1579 -1 -2 
540 -1 1579 -1 -2 
1544 -1 1579 -1 -2 
1820 -1 1579 -1 -2 
27 -1 1579 -1 -2 
449 -1 1579 -1 -2 
443 -1 1579 -1 -2 
108 -1 1579 -1 -2 
1836 -1 1579 -1 -2 
1733 -1 1579 -1 -2 
725 -1 1293 -1 -2 
1866 -1 1293 -1 -2 
488 -1 1293 -1 -2 
760 -1 1808 -1 -2 
1797 -1 1808 -1 -2 
259 -1 1808 -1 -2 
435 -1 1808 -1 -2 
145 -1 1808 -1 -2 
574 -1 1808 -1 -2 
256 -1 1808 -1 -2 
716 -1 1808 -1 -2 
705 -1 1808 -1 -2 
953 -1 1808 -1 -2 
952 -1 1808 -1 -2 
130 -1 1808 -1 -2 
201 -1 1808 -1 -2 
362 -1 1808 -1 -2 
1089 -1 1642 -1 -2 
1091 -1 1642 -1 -2 
1090 -1 1642 -1 -2 
554 -1 1642 -1 -2 
1208 -1 1642 -1 -2 
1209 -1 1642 -1 -2 
1771 -1 1642 -1 -2 
144 -1 1642 -1 -2 
760 -1 1642 -1 -2 
145 -1 1642 -1 -2 
435 -1 1642 -1 -2 
259 -1 1642 -1 -2 
1797 -1 1642 -1 -2 
1157 -1 1642 -1 -2 
128 -1 1642 -1 -2 
712 -1 1642 -1 -2 
796 -1 1642 -1 -2 
1058 -1 1642 -1 -2 
1706 -1 1642 -1 -2 
1551 -1 1642 -1 -2 
1081 -1 1642 -1 -2 
323 -1 1642 -1 -2 
348 -1 1642 -1 -2 
926 -1 1642 -1 -2 
4 -1 1642 -1 -2 
498 -1 1642 -1 -2 
117 -1 1642 -1 -2 
558 -1 1792 -1 -2 
1026 -1 1792 -1 -2 
1011 -1 1792 -1 -2 
711 -1 1792 -1 -2 
357 -1 1792 -1 -2 
321 -1 1792 -1 -2 
6 -1 969 -1 -2 
1169 -1 969 -1 -2 
107 -1 969 -1 -2 
602 -1 969 -1 -2 
613 -1 969 -1 -2 
314 -1 301 -1 -2 
189 -1 301 -1 -2 
271 -1 301 -1 -2 
442 -1 301 -1 -2 
282 -1 301 -1 -2 
302 -1 301 -1 -2 
229 -1 301 -1 -2 
280 -1 301 -1 -2 
675 -1 301 -1 -2 
312 -1 301 -1 -2 
651 -1 301 -1 -2 
87 -1 301 -1 -2 
1771 -1 301 -1 -2 
218 -1 301 -1 -2 
429 -1 301 -1 -2 
595 -1 301 -1 -2 
386 -1 301 -1 -2 
724 -1 301 -1 -2 
1007 -1 301 -1 -2 
150 -1 301 -1 -2 
149 -1 301 -1 -2 
1786 -1 301 -1 -2 
1778 -1 301 -1 -2 
193 -1 301 -1 -2 
442 -1 301 -1 -2 
14 -1 497 -1 -2 
255 -1 241 -1 -2 
666 -1 241 -1 -2 
377 -1 241 -1 -2 
597 -1 241 -1 -2 
179 -1 241 -1 -2 
1209 -1 241 -1 -2 
327 -1 241 -1 -2 
602 -1 241 -1 -2 
77 -1 241 -1 -2 
385 -1 241 -1 -2 
242 -1 241 -1 -2 
1407 -1 241 -1 -2 
544 -1 241 -1 -2 
1016 -1 241 -1 -2 
545 -1 241 -1 -2 
1607 -1 241 -1 -2 
753 -1 63 -1 -2 
185 -1 63 -1 -2 
345 -1 63 -1 -2 
882 -1 63 -1 -2 
680 -1 63 -1 -2 
984 -1 63 -1 -2 
1717 -1 63 -1 -2 
52 -1 63 -1 -2 
1449 -1 63 -1 -2 
1826 -1 63 -1 -2 
1224 -1 63 -1 -2 
372 -1 63 -1 -2 
93 -1 63 -1 -2 
1636 -1 63 -1 -2 
1250 -1 63 -1 -2 
219 -1 63 -1 -2 
285 -1 63 -1 -2 
1143 -1 63 -1 -2 
870 -1 63 -1 -2 
170 -1 63 -1 -2 
117 -1 63 -1 -2 
941 -1 63 -1 -2 
1021 -1 63 -1 -2 
271 -1 63 -1 -2 
960 -1 63 -1 -2 
1300 -1 63 -1 -2 
1547 -1 63 -1 -2 
1483 -1 63 -1 -2 
207 -1 1182 -1 -2 
538 -1 1182 -1 -2 
1011 -1 1182 -1 -2 
1012 -1 1182 -1 -2 
850 -1 1182 -1 -2 
657 -1 1182 -1 -2 
610 -1 1182 -1 -2 
1552 -1 1182 -1 -2 
757 -1 1182 -1 -2 
890 -1 1182 -1 -2 
1027 -1 1182 -1 -2 
37 -1 1182 -1 -2 
27 -1 1182 -1 -2 
202 -1 1182 -1 -2 
850 -1 1182 -1 -2 
201 -1 1182 -1 -2 
706 -1 1182 -1 -2 
1205 -1 1508 -1 -2 
265 -1 1508 -1 -2 
1793 -1 1508 -1 -2 
664 -1 1508 -1 -2 
176 -1 1508 -1 -2 
1798 -1 1508 -1 -2 
390 -1 1508 -1 -2 
247 -1 1508 -1 -2 
658 -1 1508 -1 -2 
942 -1 1508 -1 -2 
1778 -1 23 -1 -2 
142 -1 23 -1 -2 
654 -1 23 -1 -2 
1238 -1 23 -1 -2 
107 -1 1610 -1 -2 
1360 -1 1610 -1 -2 
308 -1 1621 -1 -2 
133 -1 1621 -1 -2 
272 -1 1621 -1 -2 
42 -1 1621 -1 -2 
67 -1 1621 -1 -2 
1837 -1 1621 -1 -2 
1194 -1 1621 -1 -2 
751 -1 1621 -1 -2 
163 -1 1621 -1 -2 
100 -1 1621 -1 -2 
326 -1 1621 -1 -2 
43 -1 1851 -1 -2 
250 -1 1851 -1 -2 
777 -1 1851 -1 -2 
715 -1 1851 -1 -2 
1147 -1 1851 -1 -2 
468 -1 1851 -1 -2 
1401 -1 1772 -1 -2 
170 -1 1527 -1 -2 
502 -1 1527 -1 -2 
503 -1 1527 -1 -2 
1820 -1 1527 -1 -2 
798 -1 1527 -1 -2 
690 -1 1527 -1 -2 
64 -1 1527 -1 -2 
133 -1 1527 -1 -2 
374 -1 1527 -1 -2 
38 -1 1527 -1 -2 
595 -1 1527 -1 -2 
347 -1 1527 -1 -2 
282 -1 1527 -1 -2 
646 -1 1527 -1 -2 
279 -1 1527 -1 -2 
647 -1 1527 -1 -2 
443 -1 1527 -1 -2 
798 -1 1527 -1 -2 
880 -1 1527 -1 -2 
576 -1 1527 -1 -2 
280 -1 1527 -1 -2 
1717 -1 1527 -1 -2 
52 -1 1527 -1 -2 
1717 -1 1527 -1 -2 
627 -1 1527 -1 -2 
14 -1 1527 -1 -2 
337 -1 1527 -1 -2 
79 -1 1527 -1 -2 
78 -1 1527 -1 -2 
675 -1 1527 -1 -2 
1129 -1 1527 -1 -2 
372 -1 1527 -1 -2 
169 -1 1527 -1 -2 
1247 -1 1527 -1 -2 
314 -1 1527 -1 -2 
189 -1 1527 -1 -2 
935 -1 1527 -1 -2 
286 -1 1527 -1 -2 
421 -1 1527 -1 -2 
828 -1 1527 -1 -2 
139 -1 1527 -1 -2 
171 -1 1527 -1 -2 
138 -1 1527 -1 -2 
406 -1 1527 -1 -2 
1045 -1 1527 -1 -2 
881 -1 1527 -1 -2 
291 -1 1527 -1 -2 
921 -1 1455 -1 -2 
193 -1 1033 -1 -2 
824 -1 562 -1 -2 
968 -1 562 -1 -2 
379 -1 562 -1 -2 
64 -1 562 -1 -2 
58 -1 562 -1 -2 
1145 -1 1772 -1 -2 
582 -1 580 -1 -2 
113 -1 580 -1 -2 
117 -1 580 -1 -2 
4 -1 580 -1 -2 
1 -1 298 -1 -2 
1809 -1 298 -1 -2 
260 -1 298 -1 -2 
451 -1 298 -1 -2 
1 -1 63 -1 -2 
56 -1 63 -1 -2 
801 -1 63 -1 -2 
753 -1 63 -1 -2 
123 -1 63 -1 -2 
285 -1 63 -1 -2 
823 -1 63 -1 -2 
196 -1 63 -1 -2 
69 -1 63 -1 -2 
144 -1 63 -1 -2 
760 -1 63 -1 -2 
145 -1 63 -1 -2 
219 -1 63 -1 -2 
259 -1 63 -1 -2 
345 -1 63 -1 -2 
1439 -1 63 -1 -2 
1001 -1 1378 -1 -2 
64 -1 1378 -1 -2 
795 -1 491 -1 -2 
412 -1 491 -1 -2 
970 -1 1779 -1 -2 
1246 -1 1779 -1 -2 
886 -1 1779 -1 -2 
652 -1 1779 -1 -2 
937 -1 1779 -1 -2 
171 -1 1779 -1 -2 
406 -1 1779 -1 -2 
341 -1 1779 -1 -2 
568 -1 1779 -1 -2 
825 -1 1779 -1 -2 
682 -1 1779 -1 -2 
11 -1 1779 -1 -2 
284 -1 1779 -1 -2 
588 -1 1779 -1 -2 
58 -1 1779 -1 -2 
37 -1 1779 -1 -2 
53 -1 1779 -1 -2 
648 -1 1779 -1 -2 
286 -1 1779 -1 -2 
812 -1 1779 -1 -2 
1202 -1 1779 -1 -2 
344 -1 1779 -1 -2 
479 -1 1378 -1 -2 
42 -1 1378 -1 -2 
1001 -1 1378 -1 -2 
836 -1 1321 -1 -2 
847 -1 1321 -1 -2 
138 -1 1321 -1 -2 
136 -1 1321 -1 -2 
414 -1 1321 -1 -2 
1087 -1 1321 -1 -2 
1553 -1 1321 -1 -2 
488 -1 1321 -1 -2 
811 -1 1321 -1 -2 
107 -1 1321 -1 -2 
926 -1 191 -1 -2 
268 -1 191 -1 -2 
434 -1 191 -1 -2 
1797 -1 191 -1 -2 
145 -1 191 -1 -2 
362 -1 191 -1 -2 
526 -1 191 -1 -2 
369 -1 191 -1 -2 
202 -1 191 -1 -2 
170 -1 191 -1 -2 
1607 -1 191 -1 -2 
203 -1 191 -1 -2 
1783 -1 191 -1 -2 
1253 -1 191 -1 -2 
389 -1 191 -1 -2 
179 -1 191 -1 -2 
741 -1 191 -1 -2 
1005 -1 191 -1 -2 
1542 -1 191 -1 -2 
1543 -1 191 -1 -2 
1541 -1 191 -1 -2 
324 -1 191 -1 -2 
1133 -1 191 -1 -2 
1133 -1 191 -1 -2 
1777 -1 191 -1 -2 
1017 -1 191 -1 -2 
608 -1 191 -1 -2 
608 -1 191 -1 -2 
530 -1 191 -1 -2 
221 -1 191 -1 -2 
576 -1 191 -1 -2 
798 -1 191 -1 -2 
237 -1 191 -1 -2 
324 -1 191 -1 -2 
892 -1 191 -1 -2 
46 -1 191 -1 -2 
1275 -1 191 -1 -2 
1243 -1 191 -1 -2 
216 -1 191 -1 -2 
11 -1 191 -1 -2 
995 -1 191 -1 -2 
197 -1 191 -1 -2 
976 -1 191 -1 -2 
500 -1 191 -1 -2 
1860 -1 191 -1 -2 
1371 -1 191 -1 -2 
190 -1 191 -1 -2 
274 -1 191 -1 -2 
275 -1 191 -1 -2 
374 -1 191 -1 -2 
540 -1 191 -1 -2 
1141 -1 191 -1 -2 
427 -1 191 -1 -2 
166 -1 191 -1 -2 
43 -1 191 -1 -2 
250 -1 191 -1 -2 
1825 -1 191 -1 -2 
860 -1 1762 -1 -2 
1080 -1 1762 -1 -2 
1401 -1 1762 -1 -2 
1859 -1 1762 -1 -2 
1035 -1 1762 -1 -2 
1036 -1 1762 -1 -2 
1613 -1 1762 -1 -2 
1233 -1 1762 -1 -2 
227 -1 1762 -1 -2 
372 -1 1762 -1 -2 
1277 -1 1762 -1 -2 
1247 -1 1762 -1 -2 
108 -1 1762 -1 -2 
109 -1 1762 -1 -2 
12 -1 1762 -1 -2 
13 -1 1762 -1 -2 
358 -1 1762 -1 -2 
181 -1 1762 -1 -2 
877 -1 1762 -1 -2 
591 -1 1762 -1 -2 
589 -1 1762 -1 -2 
64 -1 1762 -1 -2 
622 -1 1762 -1 -2 
369 -1 1762 -1 -2 
205 -1 1762 -1 -2 
1 -1 1762 -1 -2 
6 -1 1762 -1 -2 
450 -1 1762 -1 -2 
201 -1 1762 -1 -2 
202 -1 1762 -1 -2 
362 -1 1762 -1 -2 
364 -1 1762 -1 -2 
64 -1 834 -1 -2 
1169 -1 600 -1 -2 
1693 -1 600 -1 -2 
1732 -1 600 -1 -2 
6 -1 600 -1 -2 
4 -1 600 -1 -2 
895 -1 600 -1 -2 
377 -1 600 -1 -2 
702 -1 600 -1 -2 
612 -1 600 -1 -2 
272 -1 1678 -1 -2 
99 -1 1678 -1 -2 
1007 -1 1678 -1 -2 
372 -1 1678 -1 -2 
507 -1 1678 -1 -2 
1771 -1 1678 -1 -2 
47 -1 1678 -1 -2 
919 -1 1678 -1 -2 
251 -1 1678 -1 -2 
100 -1 1678 -1 -2 
326 -1 1678 -1 -2 
109 -1 1237 -1 -2 
1775 -1 1237 -1 -2 
1778 -1 1237 -1 -2 
1786 -1 1237 -1 -2 
202 -1 1237 -1 -2 
14 -1 1237 -1 -2 
362 -1 1237 -1 -2 
1778 -1 1237 -1 -2 
1775 -1 1237 -1 -2 
1784 -1 1237 -1 -2 
109 -1 1237 -1 -2 
108 -1 1237 -1 -2 
601 -1 1237 -1 -2 
443 -1 1237 -1 -2 
251 -1 1237 -1 -2 
179 -1 1237 -1 -2 
326 -1 1237 -1 -2 
1186 -1 1237 -1 -2 
816 -1 1237 -1 -2 
271 -1 1237 -1 -2 
156 -1 1237 -1 -2 
1557 -1 1237 -1 -2 
867 -1 1237 -1 -2 
868 -1 1237 -1 -2 
581 -1 1237 -1 -2 
1787 -1 1237 -1 -2 
847 -1 1237 -1 -2 
79 -1 1237 -1 -2 
624 -1 1237 -1 -2 
418 -1 1237 -1 -2 
417 -1 1237 -1 -2 
529 -1 1237 -1 -2 
653 -1 1237 -1 -2 
344 -1 1237 -1 -2 
442 -1 1237 -1 -2 
679 -1 1237 -1 -2 
872 -1 1237 -1 -2 
1238 -1 1237 -1 -2 
1363 -1 1237 -1 -2 
442 -1 1237 -1 -2 
340 -1 1237 -1 -2 
867 -1 1237 -1 -2 
268 -1 1237 -1 -2 
14 -1 611 -1 -2 
984 -1 611 -1 -2 
1717 -1 611 -1 -2 
52 -1 611 -1 -2 
148 -1 611 -1 -2 
142 -1 611 -1 -2 
64 -1 611 -1 -2 
251 -1 611 -1 -2 
70 -1 1464 -1 -2 
635 -1 1464 -1 -2 
869 -1 1464 -1 -2 
204 -1 818 -1 -2 
6 -1 818 -1 -2 
526 -1 818 -1 -2 
1809 -1 818 -1 -2 
760 -1 818 -1 -2 
435 -1 818 -1 -2 
144 -1 818 -1 -2 
1797 -1 818 -1 -2 
251 -1 818 -1 -2 
41 -1 818 -1 -2 
463 -1 818 -1 -2 
1753 -1 818 -1 -2 
561 -1 818 -1 -2 
1205 -1 818 -1 -2 
1000 -1 818 -1 -2 
325 -1 818 -1 -2 
251 -1 1446 -1 -2 
1322 -1 1106 -1 -2 
810 -1 1106 -1 -2 
1696 -1 1106 -1 -2 
1676 -1 1106 -1 -2 
1209 -1 1106 -1 -2 
344 -1 1106 -1 -2 
176 -1 1106 -1 -2 
219 -1 1106 -1 -2 
64 -1 1106 -1 -2 
77 -1 1106 -1 -2 
1584 -1 1106 -1 -2 
1009 -1 1106 -1 -2 
1863 -1 1106 -1 -2 
1865 -1 1106 -1 -2 
1864 -1 1106 -1 -2 
1866 -1 1106 -1 -2 
1337 -1 1106 -1 -2 
1331 -1 1106 -1 -2 
1741 -1 1106 -1 -2 
1618 -1 1106 -1 -2 
69 -1 1106 -1 -2 
1189 -1 1106 -1 -2 
1653 -1 1106 -1 -2 
1867 -1 1106 -1 -2 
1716 -1 1106 -1 -2 
1633 -1 1106 -1 -2 
1750 -1 1106 -1 -2 
1251 -1 1106 -1 -2 
1656 -1 1106 -1 -2 
310 -1 1106 -1 -2 
309 -1 1106 -1 -2 
879 -1 1106 -1 -2 
1859 -1 1106 -1 -2 
1857 -1 1106 -1 -2 
860 -1 1106 -1 -2 
1777 -1 1106 -1 -2 
1786 -1 1106 -1 -2 
1776 -1 1106 -1 -2 
1783 -1 1106 -1 -2 
1778 -1 1106 -1 -2 
1775 -1 1106 -1 -2 
1784 -1 1106 -1 -2 
1773 -1 1106 -1 -2 
220 -1 1106 -1 -2 
1516 -1 1106 -1 -2 
1459 -1 1106 -1 -2 
1313 -1 1106 -1 -2 
305 -1 1106 -1 -2 
213 -1 1106 -1 -2 
306 -1 1106 -1 -2 
1535 -1 1106 -1 -2 
1517 -1 1106 -1 -2 
1312 -1 1106 -1 -2 
450 -1 1106 -1 -2 
927 -1 1106 -1 -2 
201 -1 1106 -1 -2 
202 -1 1106 -1 -2 
362 -1 1106 -1 -2 
441 -1 1326 -1 -2 
319 -1 1326 -1 -2 
867 -1 1326 -1 -2 
152 -1 1326 -1 -2 
558 -1 1326 -1 -2 
142 -1 475 -1 -2 
476 -1 475 -1 -2 
224 -1 475 -1 -2 
36 -1 475 -1 -2 
35 -1 475 -1 -2 
444 -1 475 -1 -2 
14 -1 475 -1 -2 
1603 -1 475 -1 -2 
439 -1 475 -1 -2 
251 -1 475 -1 -2 
385 -1 475 -1 -2 
198 -1 475 -1 -2 
195 -1 475 -1 -2 
148 -1 475 -1 -2 
6 -1 475 -1 -2 
1809 -1 475 -1 -2 
282 -1 475 -1 -2 
646 -1 475 -1 -2 
300 -1 475 -1 -2 
302 -1 475 -1 -2 
280 -1 475 -1 -2 
423 -1 475 -1 -2 
1039 -1 475 -1 -2 
666 -1 475 -1 -2 
1088 -1 481 -1 -2 
529 -1 481 -1 -2 
1819 -1 481 -1 -2 
523 -1 481 -1 -2 
373 -1 481 -1 -2 
22 -1 481 -1 -2 
79 -1 481 -1 -2 
251 -1 481 -1 -2 
414 -1 481 -1 -2 
398 -1 481 -1 -2 
14 -1 481 -1 -2 
18 -1 481 -1 -2 
1209 -1 481 -1 -2 
1208 -1 481 -1 -2 
1089 -1 481 -1 -2 
1091 -1 481 -1 -2 
239 -1 481 -1 -2 
910 -1 1327 -1 -2 
36 -1 1327 -1 -2 
1328 -1 1327 -1 -2 
282 -1 1327 -1 -2 
341 -1 1327 -1 -2 
423 -1 1327 -1 -2 
189 -1 1327 -1 -2 
35 -1 1327 -1 -2 
233 -1 1327 -1 -2 
139 -1 1327 -1 -2 
1836 -1 1327 -1 -2 
1840 -1 1327 -1 -2 
922 -1 621 -1 -2 
527 -1 1341 -1 -2 
189 -1 1341 -1 -2 
64 -1 1341 -1 -2 
41 -1 1341 -1 -2 
1855 -1 1341 -1 -2 
33 -1 1341 -1 -2 
145 -1 1450 -1 -2 
362 -1 1450 -1 -2 
713 -1 1450 -1 -2 
712 -1 1450 -1 -2 
385 -1 1450 -1 -2 
268 -1 1450 -1 -2 
545 -1 1450 -1 -2 
1016 -1 1450 -1 -2 
364 -1 1450 -1 -2 
1730 -1 841 -1 -2 
386 -1 1106 -1 -2 
798 -1 1106 -1 -2 
798 -1 1106 -1 -2 
1820 -1 1106 -1 -2 
576 -1 1106 -1 -2 
853 -1 1106 -1 -2 
302 -1 1106 -1 -2 
280 -1 1106 -1 -2 
308 -1 1106 -1 -2 
283 -1 1106 -1 -2 
725 -1 1106 -1 -2 
279 -1 1106 -1 -2 
880 -1 1106 -1 -2 
423 -1 1106 -1 -2 
217 -1 1106 -1 -2 
1826 -1 1106 -1 -2 
282 -1 1106 -1 -2 
647 -1 1106 -1 -2 
646 -1 1106 -1 -2 
307 -1 1106 -1 -2 
443 -1 1106 -1 -2 
300 -1 1106 -1 -2 
334 -1 1106 -1 -2 
1006 -1 1106 -1 -2 
924 -1 1106 -1 -2 
560 -1 1106 -1 -2 
1110 -1 1106 -1 -2 
1371 -1 1106 -1 -2 
839 -1 1106 -1 -2 
15 -1 1106 -1 -2 
850 -1 1106 -1 -2 
337 -1 1106 -1 -2 
1603 -1 1106 -1 -2 
577 -1 1106 -1 -2 
527 -1 1106 -1 -2 
1246 -1 1106 -1 -2 
970 -1 1106 -1 -2 
37 -1 1106 -1 -2 
14 -1 1106 -1 -2 
41 -1 1106 -1 -2 
1513 -1 1106 -1 -2 
1473 -1 1106 -1 -2 
1109 -1 1106 -1 -2 
154 -1 1106 -1 -2 
152 -1 1106 -1 -2 
1081 -1 1106 -1 -2 
1518 -1 1106 -1 -2 
1372 -1 1106 -1 -2 
47 -1 1106 -1 -2 
584 -1 1106 -1 -2 
1111 -1 1106 -1 -2 
1112 -1 1106 -1 -2 
1528 -1 1106 -1 -2 
470 -1 1106 -1 -2 
168 -1 1106 -1 -2 
1002 -1 1106 -1 -2 
1858 -1 1106 -1 -2 
1857 -1 1106 -1 -2 
1859 -1 1106 -1 -2 
1067 -1 1106 -1 -2 
172 -1 1106 -1 -2 
1591 -1 1106 -1 -2 
1205 -1 1106 -1 -2 
561 -1 1106 -1 -2 
232 -1 1106 -1 -2 
324 -1 1106 -1 -2 
884 -1 1106 -1 -2 
233 -1 1106 -1 -2 
578 -1 1106 -1 -2 
196 -1 1106 -1 -2 
385 -1 1106 -1 -2 
254 -1 1106 -1 -2 
198 -1 1106 -1 -2 
253 -1 1106 -1 -2 
195 -1 1106 -1 -2 
194 -1 1106 -1 -2 
1309 -1 1106 -1 -2 
523 -1 1106 -1 -2 
1226 -1 1106 -1 -2 
1698 -1 1106 -1 -2 
1629 -1 1106 -1 -2 
157 -1 1106 -1 -2 
1334 -1 1106 -1 -2 
480 -1 1106 -1 -2 
1335 -1 1106 -1 -2 
852 -1 1106 -1 -2 
1641 -1 1106 -1 -2 
1770 -1 1106 -1 -2 
732 -1 1106 -1 -2 
517 -1 1106 -1 -2 
463 -1 1106 -1 -2 
428 -1 1106 -1 -2 
588 -1 1106 -1 -2 
661 -1 1106 -1 -2 
1768 -1 1106 -1 -2 
1391 -1 1106 -1 -2 
1753 -1 1106 -1 -2 
431 -1 1106 -1 -2 
1235 -1 1106 -1 -2 
1710 -1 1106 -1 -2 
1608 -1 1106 -1 -2 
906 -1 1106 -1 -2 
1039 -1 1106 -1 -2 
218 -1 1106 -1 -2 
373 -1 1106 -1 -2 
385 -1 375 -1 -2 
725 -1 375 -1 -2 
1108 -1 375 -1 -2 
1116 -1 375 -1 -2 
1117 -1 375 -1 -2 
1118 -1 375 -1 -2 
1119 -1 375 -1 -2 
1120 -1 375 -1 -2 
1121 -1 375 -1 -2 
907 -1 375 -1 -2 
376 -1 375 -1 -2 
1183 -1 375 -1 -2 
255 -1 375 -1 -2 
133 -1 375 -1 -2 
1103 -1 375 -1 -2 
1297 -1 375 -1 -2 
76 -1 375 -1 -2 
439 -1 375 -1 -2 
197 -1 375 -1 -2 
194 -1 375 -1 -2 
193 -1 1033 -1 -2 
540 -1 1395 -1 -2 
635 -1 1395 -1 -2 
674 -1 1395 -1 -2 
64 -1 1395 -1 -2 
136 -1 1395 -1 -2 
510 -1 1395 -1 -2 
967 -1 1395 -1 -2 
364 -1 1395 -1 -2 
193 -1 814 -1 -2 
526 -1 1408 -1 -2 
451 -1 1408 -1 -2 
434 -1 1408 -1 -2 
1209 -1 1408 -1 -2 
602 -1 1408 -1 -2 
1208 -1 1408 -1 -2 
1001 -1 1408 -1 -2 
1809 -1 1408 -1 -2 
4 -1 1408 -1 -2 
1848 -1 814 -1 -2 
558 -1 1566 -1 -2 
224 -1 1566 -1 -2 
142 -1 1566 -1 -2 
449 -1 1566 -1 -2 
476 -1 1566 -1 -2 
40 -1 1534 -1 -2 
783 -1 1534 -1 -2 
47 -1 1534 -1 -2 
944 -1 1534 -1 -2 
702 -1 1534 -1 -2 
725 -1 1534 -1 -2 
1493 -1 1534 -1 -2 
1273 -1 1534 -1 -2 
1108 -1 1534 -1 -2 
189 -1 1534 -1 -2 
477 -1 1534 -1 -2 
690 -1 1534 -1 -2 
788 -1 1534 -1 -2 
1216 -1 1534 -1 -2 
225 -1 1534 -1 -2 
1478 -1 1534 -1 -2 
1214 -1 1534 -1 -2 
1215 -1 1534 -1 -2 
107 -1 1534 -1 -2 
648 -1 1534 -1 -2 
171 -1 1534 -1 -2 
648 -1 1534 -1 -2 
649 -1 1534 -1 -2 
406 -1 1534 -1 -2 
259 -1 1534 -1 -2 
602 -1 1534 -1 -2 
268 -1 1534 -1 -2 
526 -1 1534 -1 -2 
348 -1 1534 -1 -2 
113 -1 1534 -1 -2 
144 -1 1534 -1 -2 
145 -1 1534 -1 -2 
434 -1 1534 -1 -2 
732 -1 969 -1 -2 
321 -1 969 -1 -2 
38 -1 969 -1 -2 
41 -1 969 -1 -2 
261 -1 969 -1 -2 
14 -1 969 -1 -2 
87 -1 969 -1 -2 
469 -1 969 -1 -2 
1381 -1 969 -1 -2 
168 -1 969 -1 -2 
729 -1 969 -1 -2 
202 -1 536 -1 -2 
860 -1 536 -1 -2 
201 -1 536 -1 -2 
362 -1 536 -1 -2 
1797 -1 536 -1 -2 
145 -1 536 -1 -2 
259 -1 536 -1 -2 
434 -1 536 -1 -2 
144 -1 536 -1 -2 
435 -1 536 -1 -2 
760 -1 536 -1 -2 
204 -1 536 -1 -2 
526 -1 536 -1 -2 
925 -1 536 -1 -2 
268 -1 536 -1 -2 
348 -1 536 -1 -2 
116 -1 536 -1 -2 
402 -1 536 -1 -2 
1809 -1 536 -1 -2 
1 -1 536 -1 -2 
369 -1 536 -1 -2 
205 -1 536 -1 -2 
346 -1 536 -1 -2 
423 -1 536 -1 -2 
242 -1 536 -1 -2 
1820 -1 536 -1 -2 
1493 -1 536 -1 -2 
1273 -1 536 -1 -2 
1108 -1 536 -1 -2 
702 -1 536 -1 -2 
725 -1 536 -1 -2 
731 -1 536 -1 -2 
46 -1 536 -1 -2 
272 -1 536 -1 -2 
700 -1 536 -1 -2 
547 -1 536 -1 -2 
1463 -1 536 -1 -2 
220 -1 536 -1 -2 
58 -1 536 -1 -2 
750 -1 536 -1 -2 
640 -1 536 -1 -2 
640 -1 536 -1 -2 
358 -1 536 -1 -2 
953 -1 536 -1 -2 
705 -1 536 -1 -2 
716 -1 536 -1 -2 
952 -1 536 -1 -2 
540 -1 536 -1 -2 
1087 -1 536 -1 -2 
729 -1 536 -1 -2 
973 -1 536 -1 -2 
886 -1 536 -1 -2 
1754 -1 536 -1 -2 
94 -1 536 -1 -2 
204 -1 1078 -1 -2 
707 -1 512 -1 -2 
252 -1 1033 -1 -2 
70 -1 1033 -1 -2 
418 -1 1033 -1 -2 
540 -1 1033 -1 -2 
1831 -1 1218 -1 -2 
1824 -1 1218 -1 -2 
