816 -1 1326 -1 -2 
612 -1 600 -1 -2 
1156 -1 580 -1 -2 
136 -1 580 -1 -2 
43 -1 580 -1 -2 
710 -1 580 -1 -2 
549 -1 580 -1 -2 
1127 -1 580 -1 -2 
357 -1 580 -1 -2 
675 -1 580 -1 -2 
624 -1 580 -1 -2 
25 -1 580 -1 -2 
680 -1 580 -1 -2 
64 -1 580 -1 -2 
582 -1 580 -1 -2 
141 -1 1687 -1 -2 
865 -1 1053 -1 -2 
27 -1 1053 -1 -2 
401 -1 1053 -1 -2 
813 -1 1053 -1 -2 
56 -1 1053 -1 -2 
661 -1 1053 -1 -2 
428 -1 1053 -1 -2 
9 -1 1053 -1 -2 
710 -1 1446 -1 -2 
148 -1 1446 -1 -2 
1675 -1 1446 -1 -2 
472 -1 1446 -1 -2 
738 -1 1851 -1 -2 
15 -1 481 -1 -2 
398 -1 481 -1 -2 
523 -1 481 -1 -2 
14 -1 481 -1 -2 
45 -1 481 -1 -2 
38 -1 481 -1 -2 
373 -1 481 -1 -2 
1802 -1 481 -1 -2 
888 -1 481 -1 -2 
357 -1 1659 -1 -2 
148 -1 1659 -1 -2 
26 -1 1659 -1 -2 
665 -1 1659 -1 -2 
1778 -1 1659 -1 -2 
1866 -1 1659 -1 -2 
142 -1 1659 -1 -2 
1445 -1 1374 -1 -2 
1573 -1 1374 -1 -2 
1850 -1 1374 -1 -2 
1539 -1 1374 -1 -2 
1203 -1 1374 -1 -2 
549 -1 1374 -1 -2 
190 -1 1374 -1 -2 
27 -1 1647 -1 -2 
413 -1 1647 -1 -2 
442 -1 1647 -1 -2 
115 -1 1647 -1 -2 
280 -1 1647 -1 -2 
1064 -1 1527 -1 -2 
207 -1 1527 -1 -2 
423 -1 1527 -1 -2 
282 -1 1527 -1 -2 
347 -1 1527 -1 -2 
1273 -1 1527 -1 -2 
372 -1 1527 -1 -2 
1247 -1 1527 -1 -2 
169 -1 1527 -1 -2 
935 -1 1527 -1 -2 
200 -1 1527 -1 -2 
872 -1 1527 -1 -2 
366 -1 1527 -1 -2 
478 -1 1527 -1 -2 
1185 -1 1527 -1 -2 
367 -1 1527 -1 -2 
474 -1 1444 -1 -2 
144 -1 1444 -1 -2 
529 -1 1444 -1 -2 
653 -1 1444 -1 -2 
321 -1 1444 -1 -2 
1364 -1 1444 -1 -2 
1185 -1 1444 -1 -2 
435 -1 1444 -1 -2 
1536 -1 1444 -1 -2 
143 -1 1444 -1 -2 
272 -1 1444 -1 -2 
108 -1 1444 -1 -2 
1003 -1 1444 -1 -2 
306 -1 1444 -1 -2 
310 -1 1282 -1 -2 
26 -1 1282 -1 -2 
401 -1 662 -1 -2 
440 -1 600 -1 -2 
436 -1 600 -1 -2 
28 -1 600 -1 -2 
269 -1 600 -1 -2 
267 -1 600 -1 -2 
1414 -1 600 -1 -2 
422 -1 600 -1 -2 
6 -1 600 -1 -2 
1794 -1 600 -1 -2 
1242 -1 600 -1 -2 
368 -1 600 -1 -2 
199 -1 600 -1 -2 
439 -1 600 -1 -2 
1533 -1 600 -1 -2 
667 -1 1448 -1 -2 
294 -1 1448 -1 -2 
556 -1 1448 -1 -2 
358 -1 1475 -1 -2 
468 -1 1475 -1 -2 
467 -1 1475 -1 -2 
620 -1 1475 -1 -2 
294 -1 1475 -1 -2 
310 -1 1475 -1 -2 
1323 -1 1475 -1 -2 
106 -1 1475 -1 -2 
92 -1 1475 -1 -2 
1127 -1 1475 -1 -2 
1233 -1 1475 -1 -2 
152 -1 1475 -1 -2 
69 -1 1475 -1 -2 
435 -1 1475 -1 -2 
260 -1 814 -1 -2 
128 -1 814 -1 -2 
435 -1 814 -1 -2 
187 -1 814 -1 -2 
433 -1 814 -1 -2 
830 -1 814 -1 -2 
730 -1 814 -1 -2 
1371 -1 814 -1 -2 
435 -1 814 -1 -2 
847 -1 814 -1 -2 
128 -1 814 -1 -2 
1398 -1 814 -1 -2 
349 -1 814 -1 -2 
620 -1 814 -1 -2 
965 -1 814 -1 -2 
659 -1 814 -1 -2 
145 -1 814 -1 -2 
488 -1 814 -1 -2 
489 -1 814 -1 -2 
711 -1 814 -1 -2 
928 -1 814 -1 -2 
433 -1 814 -1 -2 
1136 -1 814 -1 -2 
1286 -1 814 -1 -2 
1802 -1 814 -1 -2 
1512 -1 814 -1 -2 
1345 -1 814 -1 -2 
1387 -1 814 -1 -2 
452 -1 814 -1 -2 
1760 -1 814 -1 -2 
1222 -1 814 -1 -2 
1223 -1 814 -1 -2 
760 -1 814 -1 -2 
847 -1 814 -1 -2 
629 -1 814 -1 -2 
717 -1 814 -1 -2 
803 -1 814 -1 -2 
1149 -1 814 -1 -2 
122 -1 814 -1 -2 
86 -1 962 -1 -2 
885 -1 962 -1 -2 
654 -1 962 -1 -2 
1088 -1 962 -1 -2 
1090 -1 962 -1 -2 
1048 -1 962 -1 -2 
1085 -1 962 -1 -2 
296 -1 962 -1 -2 
1809 -1 1106 -1 -2 
369 -1 1106 -1 -2 
526 -1 1106 -1 -2 
206 -1 1106 -1 -2 
268 -1 1106 -1 -2 
204 -1 1106 -1 -2 
116 -1 1106 -1 -2 
451 -1 1106 -1 -2 
260 -1 1106 -1 -2 
930 -1 1106 -1 -2 
361 -1 580 -1 -2 
831 -1 1678 -1 -2 
372 -1 1678 -1 -2 
366 -1 1678 -1 -2 
302 -1 1315 -1 -2 
646 -1 1315 -1 -2 
347 -1 1315 -1 -2 
798 -1 1315 -1 -2 
1358 -1 1579 -1 -2 
1718 -1 1579 -1 -2 
266 -1 1579 -1 -2 
267 -1 1579 -1 -2 
142 -1 1579 -1 -2 
9 -1 1579 -1 -2 
658 -1 1579 -1 -2 
227 -1 1579 -1 -2 
1802 -1 1579 -1 -2 
141 -1 1579 -1 -2 
142 -1 1579 -1 -2 
224 -1 1579 -1 -2 
433 -1 1579 -1 -2 
1768 -1 1579 -1 -2 
190 -1 1579 -1 -2 
1837 -1 1579 -1 -2 
1838 -1 1579 -1 -2 
1839 -1 1579 -1 -2 
1836 -1 1579 -1 -2 
1667 -1 1579 -1 -2 
380 -1 1579 -1 -2 
1329 -1 1579 -1 -2 
1666 -1 1579 -1 -2 
219 -1 1579 -1 -2 
26 -1 1579 -1 -2 
473 -1 1579 -1 -2 
1733 -1 1579 -1 -2 
79 -1 969 -1 -2 
152 -1 969 -1 -2 
1826 -1 969 -1 -2 
142 -1 969 -1 -2 
141 -1 969 -1 -2 
240 -1 969 -1 -2 
728 -1 969 -1 -2 
524 -1 969 -1 -2 
469 -1 969 -1 -2 
168 -1 969 -1 -2 
437 -1 1341 -1 -2 
45 -1 475 -1 -2 
81 -1 475 -1 -2 
466 -1 475 -1 -2 
137 -1 475 -1 -2 
1802 -1 475 -1 -2 
479 -1 475 -1 -2 
1814 -1 475 -1 -2 
579 -1 475 -1 -2 
188 -1 562 -1 -2 
236 -1 562 -1 -2 
46 -1 562 -1 -2 
588 -1 562 -1 -2 
831 -1 562 -1 -2 
1132 -1 562 -1 -2 
190 -1 1409 -1 -2 
813 -1 1409 -1 -2 
1064 -1 1409 -1 -2 
430 -1 1409 -1 -2 
1110 -1 1409 -1 -2 
198 -1 1707 -1 -2 
583 -1 1707 -1 -2 
361 -1 1707 -1 -2 
1768 -1 1707 -1 -2 
75 -1 1707 -1 -2 
154 -1 1707 -1 -2 
1855 -1 1707 -1 -2 
1275 -1 1707 -1 -2 
1849 -1 1679 -1 -2 
372 -1 1679 -1 -2 
325 -1 1679 -1 -2 
1186 -1 1679 -1 -2 
10 -1 1679 -1 -2 
387 -1 1679 -1 -2 
947 -1 1679 -1 -2 
60 -1 1679 -1 -2 
405 -1 1679 -1 -2 
403 -1 1679 -1 -2 
1007 -1 1679 -1 -2 
1233 -1 1679 -1 -2 
398 -1 1679 -1 -2 
400 -1 1679 -1 -2 
759 -1 1679 -1 -2 
1667 -1 1679 -1 -2 
1846 -1 1679 -1 -2 
1848 -1 1679 -1 -2 
1847 -1 1679 -1 -2 
260 -1 1679 -1 -2 
369 -1 1679 -1 -2 
526 -1 1679 -1 -2 
6 -1 1679 -1 -2 
204 -1 1679 -1 -2 
1 -1 1679 -1 -2 
268 -1 1679 -1 -2 
57 -1 1679 -1 -2 
568 -1 562 -1 -2 
712 -1 562 -1 -2 
796 -1 562 -1 -2 
211 -1 562 -1 -2 
293 -1 562 -1 -2 
987 -1 562 -1 -2 
92 -1 580 -1 -2 
26 -1 580 -1 -2 
183 -1 580 -1 -2 
1028 -1 580 -1 -2 
1029 -1 580 -1 -2 
803 -1 580 -1 -2 
582 -1 580 -1 -2 
1668 -1 1530 -1 -2 
1667 -1 1530 -1 -2 
1668 -1 1530 -1 -2 
14 -1 1530 -1 -2 
236 -1 1530 -1 -2 
289 -1 1530 -1 -2 
676 -1 1530 -1 -2 
473 -1 1530 -1 -2 
45 -1 1530 -1 -2 
38 -1 1530 -1 -2 
282 -1 1530 -1 -2 
1127 -1 1530 -1 -2 
1244 -1 1530 -1 -2 
1148 -1 1530 -1 -2 
184 -1 1530 -1 -2 
58 -1 1530 -1 -2 
64 -1 1530 -1 -2 
594 -1 1530 -1 -2 
40 -1 1530 -1 -2 
1156 -1 1530 -1 -2 
473 -1 1530 -1 -2 
1156 -1 1530 -1 -2 
64 -1 1423 -1 -2 
141 -1 1423 -1 -2 
200 -1 1423 -1 -2 
872 -1 1423 -1 -2 
142 -1 1423 -1 -2 
1718 -1 1218 -1 -2 
1358 -1 1218 -1 -2 
190 -1 1218 -1 -2 
1771 -1 1218 -1 -2 
1668 -1 1218 -1 -2 
796 -1 1218 -1 -2 
44 -1 1041 -1 -2 
401 -1 1041 -1 -2 
1855 -1 1041 -1 -2 
1802 -1 1041 -1 -2 
1185 -1 1041 -1 -2 
478 -1 1041 -1 -2 
466 -1 1041 -1 -2 
92 -1 1041 -1 -2 
681 -1 191 -1 -2 
852 -1 191 -1 -2 
203 -1 191 -1 -2 
4 -1 191 -1 -2 
1797 -1 191 -1 -2 
1360 -1 191 -1 -2 
1126 -1 191 -1 -2 
108 -1 191 -1 -2 
66 -1 191 -1 -2 
977 -1 191 -1 -2 
1360 -1 191 -1 -2 
650 -1 191 -1 -2 
1362 -1 191 -1 -2 
631 -1 191 -1 -2 
563 -1 191 -1 -2 
249 -1 191 -1 -2 
979 -1 191 -1 -2 
357 -1 191 -1 -2 
988 -1 191 -1 -2 
1830 -1 191 -1 -2 
1713 -1 191 -1 -2 
1753 -1 191 -1 -2 
1233 -1 191 -1 -2 
1192 -1 191 -1 -2 
1243 -1 191 -1 -2 
470 -1 191 -1 -2 
904 -1 191 -1 -2 
1233 -1 191 -1 -2 
1170 -1 191 -1 -2 
576 -1 191 -1 -2 
798 -1 191 -1 -2 
681 -1 191 -1 -2 
790 -1 191 -1 -2 
1363 -1 191 -1 -2 
839 -1 191 -1 -2 
231 -1 191 -1 -2 
976 -1 191 -1 -2 
843 -1 191 -1 -2 
504 -1 191 -1 -2 
1284 -1 191 -1 -2 
1284 -1 191 -1 -2 
584 -1 191 -1 -2 
1035 -1 191 -1 -2 
1541 -1 191 -1 -2 
1143 -1 191 -1 -2 
1345 -1 191 -1 -2 
1512 -1 191 -1 -2 
1462 -1 191 -1 -2 
675 -1 191 -1 -2 
324 -1 191 -1 -2 
1102 -1 191 -1 -2 
1085 -1 191 -1 -2 
1783 -1 191 -1 -2 
1085 -1 191 -1 -2 
1044 -1 191 -1 -2 
420 -1 191 -1 -2 
1872 -1 191 -1 -2 
249 -1 191 -1 -2 
269 -1 191 -1 -2 
284 -1 191 -1 -2 
156 -1 191 -1 -2 
386 -1 191 -1 -2 
133 -1 191 -1 -2 
741 -1 191 -1 -2 
713 -1 191 -1 -2 
218 -1 191 -1 -2 
1317 -1 191 -1 -2 
882 -1 191 -1 -2 
67 -1 191 -1 -2 
1068 -1 191 -1 -2 
200 -1 191 -1 -2 
796 -1 191 -1 -2 
1427 -1 191 -1 -2 
1242 -1 191 -1 -2 
786 -1 191 -1 -2 
362 -1 191 -1 -2 
14 -1 191 -1 -2 
46 -1 191 -1 -2 
976 -1 191 -1 -2 
188 -1 191 -1 -2 
731 -1 191 -1 -2 
288 -1 191 -1 -2 
1717 -1 1572 -1 -2 
1666 -1 1572 -1 -2 
79 -1 1572 -1 -2 
24 -1 1572 -1 -2 
28 -1 1572 -1 -2 
87 -1 1572 -1 -2 
507 -1 1572 -1 -2 
289 -1 1572 -1 -2 
8 -1 1572 -1 -2 
144 -1 1572 -1 -2 
347 -1 1572 -1 -2 
777 -1 1572 -1 -2 
988 -1 1572 -1 -2 
377 -1 1572 -1 -2 
653 -1 1572 -1 -2 
398 -1 1572 -1 -2 
888 -1 1572 -1 -2 
1802 -1 1572 -1 -2 
689 -1 1572 -1 -2 
688 -1 1572 -1 -2 
22 -1 1572 -1 -2 
652 -1 1572 -1 -2 
282 -1 1572 -1 -2 
390 -1 814 -1 -2 
840 -1 1271 -1 -2 
269 -1 1271 -1 -2 
799 -1 1271 -1 -2 
751 -1 1271 -1 -2 
92 -1 1271 -1 -2 
70 -1 1271 -1 -2 
71 -1 1271 -1 -2 
667 -1 1271 -1 -2 
44 -1 1271 -1 -2 
971 -1 1047 -1 -2 
1181 -1 1047 -1 -2 
608 -1 1047 -1 -2 
221 -1 1047 -1 -2 
607 -1 1047 -1 -2 
533 -1 1047 -1 -2 
532 -1 1047 -1 -2 
531 -1 1047 -1 -2 
530 -1 1047 -1 -2 
534 -1 1047 -1 -2 
1146 -1 1047 -1 -2 
606 -1 1047 -1 -2 
75 -1 1047 -1 -2 
113 -1 1511 -1 -2 
4 -1 1511 -1 -2 
75 -1 617 -1 -2 
946 -1 1326 -1 -2 
1201 -1 1326 -1 -2 
1424 -1 1326 -1 -2 
816 -1 1326 -1 -2 
367 -1 1326 -1 -2 
862 -1 1581 -1 -2 
583 -1 1581 -1 -2 
338 -1 1581 -1 -2 
486 -1 1581 -1 -2 
630 -1 1581 -1 -2 
1506 -1 1581 -1 -2 
620 -1 1581 -1 -2 
136 -1 1581 -1 -2 
365 -1 1581 -1 -2 
41 -1 1581 -1 -2 
811 -1 1581 -1 -2 
314 -1 1581 -1 -2 
766 -1 1511 -1 -2 
361 -1 1511 -1 -2 
361 -1 1511 -1 -2 
1860 -1 1511 -1 -2 
760 -1 1511 -1 -2 
1137 -1 1511 -1 -2 
853 -1 1511 -1 -2 
1644 -1 1511 -1 -2 
1831 -1 1511 -1 -2 
1136 -1 1511 -1 -2 
1250 -1 1511 -1 -2 
862 -1 1511 -1 -2 
1332 -1 1511 -1 -2 
349 -1 1511 -1 -2 
1830 -1 1511 -1 -2 
1827 -1 1511 -1 -2 
66 -1 1511 -1 -2 
420 -1 1511 -1 -2 
36 -1 1511 -1 -2 
1351 -1 1511 -1 -2 
1429 -1 1511 -1 -2 
1430 -1 1511 -1 -2 
1786 -1 1511 -1 -2 
294 -1 1511 -1 -2 
255 -1 1511 -1 -2 
1820 -1 1511 -1 -2 
314 -1 1511 -1 -2 
775 -1 1511 -1 -2 
268 -1 1511 -1 -2 
113 -1 1511 -1 -2 
4 -1 1511 -1 -2 
499 -1 497 -1 -2 
1809 -1 497 -1 -2 
307 -1 497 -1 -2 
334 -1 497 -1 -2 
880 -1 497 -1 -2 
423 -1 497 -1 -2 
1680 -1 1425 -1 -2 
1804 -1 1425 -1 -2 
207 -1 1425 -1 -2 
820 -1 1425 -1 -2 
883 -1 1425 -1 -2 
479 -1 1425 -1 -2 
138 -1 1425 -1 -2 
828 -1 1425 -1 -2 
734 -1 1425 -1 -2 
1518 -1 1425 -1 -2 
1007 -1 1425 -1 -2 
864 -1 1425 -1 -2 
647 -1 1425 -1 -2 
280 -1 1425 -1 -2 
302 -1 1425 -1 -2 
831 -1 1425 -1 -2 
1783 -1 1425 -1 -2 
1778 -1 1425 -1 -2 
1775 -1 1425 -1 -2 
1777 -1 1425 -1 -2 
1784 -1 1425 -1 -2 
200 -1 1425 -1 -2 
872 -1 1425 -1 -2 
1295 -1 1425 -1 -2 
14 -1 1425 -1 -2 
378 -1 1425 -1 -2 
1855 -1 1425 -1 -2 
368 -1 1425 -1 -2 
413 -1 1425 -1 -2 
478 -1 1425 -1 -2 
148 -1 1621 -1 -2 
583 -1 1674 -1 -2 
280 -1 1674 -1 -2 
79 -1 1674 -1 -2 
439 -1 1674 -1 -2 
813 -1 1674 -1 -2 
1320 -1 1674 -1 -2 
1093 -1 1674 -1 -2 
1399 -1 1674 -1 -2 
1398 -1 1674 -1 -2 
106 -1 1674 -1 -2 
1738 -1 1674 -1 -2 
743 -1 1674 -1 -2 
166 -1 1674 -1 -2 
1668 -1 1674 -1 -2 
1751 -1 1674 -1 -2 
373 -1 1674 -1 -2 
1112 -1 1674 -1 -2 
196 -1 1674 -1 -2 
486 -1 1674 -1 -2 
485 -1 1674 -1 -2 
1414 -1 1674 -1 -2 
576 -1 1674 -1 -2 
798 -1 1674 -1 -2 
880 -1 1674 -1 -2 
1206 -1 1674 -1 -2 
550 -1 1674 -1 -2 
1749 -1 1674 -1 -2 
1252 -1 1674 -1 -2 
1565 -1 1674 -1 -2 
1417 -1 1674 -1 -2 
1076 -1 1674 -1 -2 
1363 -1 1674 -1 -2 
222 -1 1674 -1 -2 
790 -1 1674 -1 -2 
1468 -1 1674 -1 -2 
1185 -1 1674 -1 -2 
381 -1 1674 -1 -2 
413 -1 1674 -1 -2 
137 -1 1674 -1 -2 
425 -1 1674 -1 -2 
75 -1 1674 -1 -2 
1668 -1 1674 -1 -2 
318 -1 1674 -1 -2 
1468 -1 1674 -1 -2 
74 -1 1674 -1 -2 
936 -1 1674 -1 -2 
1126 -1 1674 -1 -2 
988 -1 1674 -1 -2 
66 -1 1674 -1 -2 
1666 -1 1674 -1 -2 
847 -1 1674 -1 -2 
352 -1 1674 -1 -2 
1015 -1 1674 -1 -2 
1233 -1 1637 -1 -2 
1185 -1 1637 -1 -2 
938 -1 1637 -1 -2 
1723 -1 1637 -1 -2 
155 -1 1637 -1 -2 
1788 -1 1637 -1 -2 
1159 -1 1637 -1 -2 
319 -1 1637 -1 -2 
954 -1 1637 -1 -2 
331 -1 1637 -1 -2 
332 -1 1637 -1 -2 
333 -1 1637 -1 -2 
1287 -1 1637 -1 -2 
1531 -1 1637 -1 -2 
1100 -1 1637 -1 -2 
67 -1 536 -1 -2 
99 -1 536 -1 -2 
324 -1 536 -1 -2 
307 -1 536 -1 -2 
583 -1 536 -1 -2 
296 -1 536 -1 -2 
742 -1 536 -1 -2 
386 -1 536 -1 -2 
1563 -1 536 -1 -2 
1102 -1 536 -1 -2 
742 -1 536 -1 -2 
1732 -1 536 -1 -2 
232 -1 536 -1 -2 
230 -1 536 -1 -2 
657 -1 1540 -1 -2 
142 -1 1540 -1 -2 
24 -1 1540 -1 -2 
645 -1 1540 -1 -2 
29 -1 1540 -1 -2 
645 -1 1540 -1 -2 
120 -1 1540 -1 -2 
803 -1 1540 -1 -2 
1667 -1 1756 -1 -2 
302 -1 1756 -1 -2 
443 -1 1756 -1 -2 
647 -1 1756 -1 -2 
347 -1 1756 -1 -2 
423 -1 1756 -1 -2 
282 -1 1756 -1 -2 
347 -1 1756 -1 -2 
302 -1 1756 -1 -2 
279 -1 1756 -1 -2 
853 -1 1756 -1 -2 
1826 -1 1756 -1 -2 
300 -1 1756 -1 -2 
334 -1 1756 -1 -2 
307 -1 1756 -1 -2 
347 -1 1756 -1 -2 
282 -1 1756 -1 -2 
1493 -1 1756 -1 -2 
1273 -1 1756 -1 -2 
725 -1 1756 -1 -2 
1108 -1 1756 -1 -2 
109 -1 1756 -1 -2 
108 -1 1756 -1 -2 
1666 -1 1756 -1 -2 
936 -1 1756 -1 -2 
188 -1 1756 -1 -2 
15 -1 1756 -1 -2 
14 -1 1756 -1 -2 
1414 -1 191 -1 -2 
95 -1 191 -1 -2 
420 -1 191 -1 -2 
1185 -1 191 -1 -2 
327 -1 191 -1 -2 
1802 -1 191 -1 -2 
888 -1 191 -1 -2 
526 -1 191 -1 -2 
361 -1 191 -1 -2 
1783 -1 191 -1 -2 
379 -1 191 -1 -2 
487 -1 191 -1 -2 
946 -1 191 -1 -2 
284 -1 191 -1 -2 
11 -1 191 -1 -2 
1148 -1 191 -1 -2 
790 -1 191 -1 -2 
252 -1 191 -1 -2 
85 -1 191 -1 -2 
86 -1 191 -1 -2 
1754 -1 191 -1 -2 
231 -1 191 -1 -2 
199 -1 191 -1 -2 
6 -1 555 -1 -2 
1 -1 555 -1 -2 
260 -1 555 -1 -2 
116 -1 555 -1 -2 
206 -1 555 -1 -2 
1798 -1 555 -1 -2 
1799 -1 555 -1 -2 
1424 -1 1425 -1 -2 
1668 -1 835 -1 -2 
92 -1 835 -1 -2 
367 -1 835 -1 -2 
631 -1 835 -1 -2 
86 -1 835 -1 -2 
464 -1 835 -1 -2 
1768 -1 1579 -1 -2 
1768 -1 1579 -1 -2 
70 -1 1658 -1 -2 
837 -1 586 -1 -2 
84 -1 586 -1 -2 
439 -1 586 -1 -2 
80 -1 586 -1 -2 
261 -1 586 -1 -2 
17 -1 586 -1 -2 
442 -1 586 -1 -2 
431 -1 586 -1 -2 
250 -1 586 -1 -2 
136 -1 586 -1 -2 
8 -1 586 -1 -2 
883 -1 586 -1 -2 
479 -1 586 -1 -2 
374 -1 586 -1 -2 
9 -1 586 -1 -2 
25 -1 586 -1 -2 
76 -1 586 -1 -2 
1802 -1 848 -1 -2 
92 -1 848 -1 -2 
435 -1 848 -1 -2 
144 -1 848 -1 -2 
188 -1 848 -1 -2 
236 -1 848 -1 -2 
148 -1 848 -1 -2 
675 -1 848 -1 -2 
258 -1 848 -1 -2 
1025 -1 848 -1 -2 
15 -1 848 -1 -2 
14 -1 848 -1 -2 
1855 -1 848 -1 -2 
517 -1 848 -1 -2 
425 -1 1611 -1 -2 
1195 -1 1611 -1 -2 
147 -1 1611 -1 -2 
1683 -1 1611 -1 -2 
979 -1 1611 -1 -2 
978 -1 1611 -1 -2 
1175 -1 1611 -1 -2 
1761 -1 1611 -1 -2 
778 -1 1611 -1 -2 
1209 -1 1611 -1 -2 
1208 -1 1611 -1 -2 
1771 -1 1611 -1 -2 
116 -1 1611 -1 -2 
1797 -1 1611 -1 -2 
423 -1 1611 -1 -2 
434 -1 1611 -1 -2 
113 -1 1611 -1 -2 
4 -1 1611 -1 -2 
1 -1 1611 -1 -2 
369 -1 1611 -1 -2 
136 -1 1611 -1 -2 
443 -1 1611 -1 -2 
144 -1 1611 -1 -2 
260 -1 1611 -1 -2 
6 -1 1611 -1 -2 
282 -1 1611 -1 -2 
1601 -1 1756 -1 -2 
1217 -1 1756 -1 -2 
1559 -1 1756 -1 -2 
1784 -1 1756 -1 -2 
1786 -1 1756 -1 -2 
1778 -1 1756 -1 -2 
798 -1 1756 -1 -2 
576 -1 1756 -1 -2 
265 -1 1756 -1 -2 
247 -1 1756 -1 -2 
211 -1 1756 -1 -2 
796 -1 1756 -1 -2 
847 -1 1756 -1 -2 
246 -1 1756 -1 -2 
1863 -1 1756 -1 -2 
1864 -1 1756 -1 -2 
461 -1 1756 -1 -2 
289 -1 1756 -1 -2 
439 -1 1756 -1 -2 
442 -1 1756 -1 -2 
75 -1 1756 -1 -2 
14 -1 1756 -1 -2 
339 -1 1580 -1 -2 
338 -1 1580 -1 -2 
888 -1 1580 -1 -2 
888 -1 1580 -1 -2 
26 -1 1580 -1 -2 
339 -1 1580 -1 -2 
1814 -1 1580 -1 -2 
1603 -1 1580 -1 -2 
1562 -1 1580 -1 -2 
471 -1 1580 -1 -2 
82 -1 1580 -1 -2 
1829 -1 1580 -1 -2 
1827 -1 1580 -1 -2 
1830 -1 1580 -1 -2 
1666 -1 1580 -1 -2 
936 -1 1580 -1 -2 
1126 -1 1580 -1 -2 
988 -1 1580 -1 -2 
26 -1 1580 -1 -2 
1802 -1 1580 -1 -2 
888 -1 1580 -1 -2 
471 -1 1580 -1 -2 
137 -1 1580 -1 -2 
478 -1 1580 -1 -2 
447 -1 1043 -1 -2 
326 -1 1043 -1 -2 
35 -1 1172 -1 -2 
413 -1 1172 -1 -2 
366 -1 1172 -1 -2 
634 -1 1172 -1 -2 
190 -1 1172 -1 -2 
765 -1 1172 -1 -2 
148 -1 1172 -1 -2 
772 -1 1172 -1 -2 
1558 -1 1172 -1 -2 
57 -1 814 -1 -2 
1822 -1 814 -1 -2 
645 -1 814 -1 -2 
3 -1 814 -1 -2 
766 -1 814 -1 -2 
463 -1 814 -1 -2 
732 -1 814 -1 -2 
1391 -1 814 -1 -2 
428 -1 814 -1 -2 
19 -1 814 -1 -2 
1195 -1 814 -1 -2 
1371 -1 814 -1 -2 
839 -1 814 -1 -2 
1831 -1 814 -1 -2 
1371 -1 814 -1 -2 
839 -1 814 -1 -2 
1488 -1 814 -1 -2 
1803 -1 814 -1 -2 
1487 -1 814 -1 -2 
461 -1 814 -1 -2 
19 -1 814 -1 -2 
604 -1 814 -1 -2 
27 -1 814 -1 -2 
1195 -1 814 -1 -2 
1064 -1 814 -1 -2 
463 -1 814 -1 -2 
81 -1 641 -1 -2 
199 -1 641 -1 -2 
40 -1 641 -1 -2 
20 -1 641 -1 -2 
652 -1 641 -1 -2 
653 -1 641 -1 -2 
58 -1 641 -1 -2 
731 -1 641 -1 -2 
154 -1 641 -1 -2 
1717 -1 641 -1 -2 
1802 -1 641 -1 -2 
888 -1 641 -1 -2 
200 -1 641 -1 -2 
92 -1 641 -1 -2 
110 -1 641 -1 -2 
940 -1 641 -1 -2 
1148 -1 641 -1 -2 
1668 -1 641 -1 -2 
188 -1 641 -1 -2 
225 -1 641 -1 -2 
137 -1 641 -1 -2 
1214 -1 641 -1 -2 
26 -1 641 -1 -2 
637 -1 641 -1 -2 
738 -1 641 -1 -2 
366 -1 641 -1 -2 
407 -1 641 -1 -2 
133 -1 641 -1 -2 
185 -1 641 -1 -2 
594 -1 641 -1 -2 
262 -1 641 -1 -2 
776 -1 641 -1 -2 
70 -1 641 -1 -2 
71 -1 641 -1 -2 
994 -1 641 -1 -2 
38 -1 641 -1 -2 
654 -1 641 -1 -2 
141 -1 641 -1 -2 
142 -1 641 -1 -2 
224 -1 641 -1 -2 
476 -1 641 -1 -2 
387 -1 641 -1 -2 
620 -1 641 -1 -2 
777 -1 641 -1 -2 
188 -1 1592 -1 -2 
909 -1 1592 -1 -2 
743 -1 1592 -1 -2 
367 -1 1592 -1 -2 
476 -1 1592 -1 -2 
1019 -1 1592 -1 -2 
1213 -1 1592 -1 -2 
5 -1 1592 -1 -2 
1667 -1 1592 -1 -2 
1802 -1 1592 -1 -2 
1391 -1 1592 -1 -2 
1768 -1 1592 -1 -2 
1139 -1 1592 -1 -2 
523 -1 1592 -1 -2 
1776 -1 1592 -1 -2 
1784 -1 1592 -1 -2 
1775 -1 1592 -1 -2 
1778 -1 1592 -1 -2 
675 -1 1592 -1 -2 
1029 -1 1592 -1 -2 
634 -1 1592 -1 -2 
1665 -1 1592 -1 -2 
1564 -1 1592 -1 -2 
1332 -1 1592 -1 -2 
1188 -1 1592 -1 -2 
1802 -1 1592 -1 -2 
1795 -1 1592 -1 -2 
862 -1 1592 -1 -2 
1286 -1 1592 -1 -2 
1136 -1 1592 -1 -2 
313 -1 1592 -1 -2 
1137 -1 1592 -1 -2 
1251 -1 1592 -1 -2 
939 -1 1592 -1 -2 
1267 -1 1592 -1 -2 
1625 -1 1592 -1 -2 
185 -1 1592 -1 -2 
403 -1 1592 -1 -2 
430 -1 1592 -1 -2 
1028 -1 1592 -1 -2 
633 -1 1592 -1 -2 
1 -1 1592 -1 -2 
6 -1 1592 -1 -2 
240 -1 1310 -1 -2 
657 -1 1310 -1 -2 
874 -1 1310 -1 -2 
7 -1 1310 -1 -2 
91 -1 1310 -1 -2 
303 -1 1310 -1 -2 
347 -1 1310 -1 -2 
334 -1 1310 -1 -2 
280 -1 1310 -1 -2 
1826 -1 1310 -1 -2 
308 -1 1310 -1 -2 
1518 -1 1310 -1 -2 
1814 -1 1310 -1 -2 
220 -1 1310 -1 -2 
1313 -1 1310 -1 -2 
403 -1 1310 -1 -2 
741 -1 1310 -1 -2 
1013 -1 1310 -1 -2 
742 -1 1310 -1 -2 
1156 -1 1310 -1 -2 
289 -1 1310 -1 -2 
148 -1 1310 -1 -2 
64 -1 1310 -1 -2 
813 -1 131 -1 -2 
147 -1 131 -1 -2 
64 -1 1310 -1 -2 
1363 -1 1310 -1 -2 
604 -1 580 -1 -2 
19 -1 580 -1 -2 
1195 -1 580 -1 -2 
312 -1 580 -1 -2 
1665 -1 580 -1 -2 
1049 -1 580 -1 -2 
1575 -1 580 -1 -2 
1264 -1 580 -1 -2 
159 -1 580 -1 -2 
1086 -1 580 -1 -2 
210 -1 580 -1 -2 
1013 -1 580 -1 -2 
741 -1 580 -1 -2 
791 -1 580 -1 -2 
21 -1 580 -1 -2 
1388 -1 580 -1 -2 
459 -1 580 -1 -2 
1064 -1 580 -1 -2 
92 -1 580 -1 -2 
1526 -1 580 -1 -2 
1325 -1 580 -1 -2 
1324 -1 580 -1 -2 
1283 -1 580 -1 -2 
28 -1 1649 -1 -2 
614 -1 1649 -1 -2 
583 -1 1649 -1 -2 
1356 -1 678 -1 -2 
681 -1 678 -1 -2 
807 -1 678 -1 -2 
219 -1 678 -1 -2 
507 -1 678 -1 -2 
66 -1 678 -1 -2 
936 -1 678 -1 -2 
1244 -1 678 -1 -2 
109 -1 678 -1 -2 
616 -1 678 -1 -2 
1349 -1 678 -1 -2 
226 -1 678 -1 -2 
574 -1 678 -1 -2 
808 -1 678 -1 -2 
1072 -1 678 -1 -2 
567 -1 678 -1 -2 
361 -1 678 -1 -2 
32 -1 678 -1 -2 
8 -1 678 -1 -2 
716 -1 678 -1 -2 
1054 -1 678 -1 -2 
609 -1 678 -1 -2 
91 -1 678 -1 -2 
687 -1 678 -1 -2 
1087 -1 678 -1 -2 
352 -1 678 -1 -2 
688 -1 678 -1 -2 
1098 -1 678 -1 -2 
398 -1 678 -1 -2 
728 -1 678 -1 -2 
372 -1 678 -1 -2 
1314 -1 678 -1 -2 
965 -1 678 -1 -2 
953 -1 678 -1 -2 
667 -1 678 -1 -2 
552 -1 678 -1 -2 
310 -1 678 -1 -2 
614 -1 678 -1 -2 
1822 -1 678 -1 -2 
680 -1 678 -1 -2 
1406 -1 678 -1 -2 
232 -1 1484 -1 -2 
647 -1 1484 -1 -2 
646 -1 1484 -1 -2 
282 -1 1484 -1 -2 
310 -1 1484 -1 -2 
374 -1 1484 -1 -2 
45 -1 1484 -1 -2 
141 -1 1484 -1 -2 
142 -1 1484 -1 -2 
92 -1 1484 -1 -2 
620 -1 1484 -1 -2 
1866 -1 1484 -1 -2 
15 -1 580 -1 -2 
30 -1 580 -1 -2 
582 -1 580 -1 -2 
14 -1 580 -1 -2 
1371 -1 580 -1 -2 
37 -1 580 -1 -2 
675 -1 580 -1 -2 
84 -1 580 -1 -2 
367 -1 1729 -1 -2 
803 -1 1729 -1 -2 
1797 -1 1729 -1 -2 
6 -1 1729 -1 -2 
369 -1 1729 -1 -2 
1488 -1 1729 -1 -2 
25 -1 1729 -1 -2 
282 -1 1729 -1 -2 
56 -1 1729 -1 -2 
142 -1 1729 -1 -2 
206 -1 1729 -1 -2 
141 -1 1729 -1 -2 
45 -1 1729 -1 -2 
1802 -1 917 -1 -2 
888 -1 917 -1 -2 
965 -1 917 -1 -2 
521 -1 917 -1 -2 
169 -1 917 -1 -2 
1022 -1 917 -1 -2 
20 -1 917 -1 -2 
652 -1 917 -1 -2 
1359 -1 917 -1 -2 
1092 -1 917 -1 -2 
812 -1 917 -1 -2 
458 -1 1409 -1 -2 
92 -1 1409 -1 -2 
1375 -1 1409 -1 -2 
250 -1 1409 -1 -2 
46 -1 1409 -1 -2 
614 -1 1409 -1 -2 
1667 -1 1409 -1 -2 
193 -1 814 -1 -2 
57 -1 814 -1 -2 
57 -1 814 -1 -2 
1857 -1 814 -1 -2 
368 -1 814 -1 -2 
471 -1 814 -1 -2 
1405 -1 814 -1 -2 
717 -1 814 -1 -2 
1468 -1 814 -1 -2 
1199 -1 814 -1 -2 
800 -1 814 -1 -2 
920 -1 814 -1 -2 
128 -1 814 -1 -2 
184 -1 814 -1 -2 
85 -1 814 -1 -2 
1681 -1 814 -1 -2 
1829 -1 814 -1 -2 
1247 -1 814 -1 -2 
1824 -1 814 -1 -2 
1822 -1 814 -1 -2 
916 -1 814 -1 -2 
729 -1 814 -1 -2 
435 -1 814 -1 -2 
1168 -1 814 -1 -2 
471 -1 814 -1 -2 
1212 -1 814 -1 -2 
1730 -1 814 -1 -2 
435 -1 814 -1 -2 
1551 -1 814 -1 -2 
62 -1 814 -1 -2 
570 -1 814 -1 -2 
1407 -1 814 -1 -2 
1857 -1 814 -1 -2 
636 -1 814 -1 -2 
1681 -1 814 -1 -2 
940 -1 814 -1 -2 
1722 -1 814 -1 -2 
967 -1 814 -1 -2 
1564 -1 814 -1 -2 
1576 -1 814 -1 -2 
1701 -1 814 -1 -2 
911 -1 814 -1 -2 
72 -1 814 -1 -2 
762 -1 814 -1 -2 
1754 -1 814 -1 -2 
14 -1 814 -1 -2 
216 -1 814 -1 -2 
430 -1 814 -1 -2 
1391 -1 814 -1 -2 
1753 -1 814 -1 -2 
830 -1 814 -1 -2 
1713 -1 814 -1 -2 
1826 -1 814 -1 -2 
1371 -1 814 -1 -2 
1576 -1 814 -1 -2 
1013 -1 814 -1 -2 
932 -1 814 -1 -2 
1102 -1 814 -1 -2 
741 -1 814 -1 -2 
1499 -1 814 -1 -2 
114 -1 814 -1 -2 
1432 -1 814 -1 -2 
380 -1 814 -1 -2 
216 -1 814 -1 -2 
1034 -1 814 -1 -2 
17 -1 814 -1 -2 
210 -1 814 -1 -2 
1556 -1 814 -1 -2 
1239 -1 814 -1 -2 
1754 -1 814 -1 -2 
334 -1 814 -1 -2 
107 -1 814 -1 -2 
1156 -1 814 -1 -2 
763 -1 814 -1 -2 
1394 -1 1293 -1 -2 
485 -1 1293 -1 -2 
56 -1 1293 -1 -2 
26 -1 1293 -1 -2 
665 -1 1293 -1 -2 
1667 -1 1293 -1 -2 
604 -1 1465 -1 -2 
1683 -1 1465 -1 -2 
1629 -1 1465 -1 -2 
1343 -1 1465 -1 -2 
1010 -1 1465 -1 -2 
1640 -1 1465 -1 -2 
1681 -1 1465 -1 -2 
603 -1 1465 -1 -2 
1366 -1 1465 -1 -2 
117 -1 1465 -1 -2 
1575 -1 1465 -1 -2 
209 -1 1465 -1 -2 
208 -1 1465 -1 -2 
764 -1 1465 -1 -2 
1757 -1 1465 -1 -2 
1086 -1 1465 -1 -2 
1672 -1 1465 -1 -2 
1393 -1 1465 -1 -2 
926 -1 1465 -1 -2 
741 -1 1465 -1 -2 
1333 -1 1465 -1 -2 
1013 -1 1465 -1 -2 
932 -1 1465 -1 -2 
742 -1 1465 -1 -2 
1102 -1 1465 -1 -2 
459 -1 1465 -1 -2 
108 -1 1465 -1 -2 
1233 -1 1465 -1 -2 
18 -1 1534 -1 -2 
19 -1 1534 -1 -2 
1213 -1 1534 -1 -2 
583 -1 1534 -1 -2 
1781 -1 1534 -1 -2 
1212 -1 1534 -1 -2 
728 -1 1534 -1 -2 
414 -1 1534 -1 -2 
347 -1 1534 -1 -2 
1826 -1 1534 -1 -2 
903 -1 1534 -1 -2 
902 -1 1534 -1 -2 
904 -1 1534 -1 -2 
943 -1 1534 -1 -2 
1267 -1 1534 -1 -2 
1216 -1 1534 -1 -2 
1857 -1 1534 -1 -2 
361 -1 1534 -1 -2 
733 -1 1534 -1 -2 
1267 -1 1534 -1 -2 
1593 -1 1534 -1 -2 
464 -1 1534 -1 -2 
57 -1 1534 -1 -2 
468 -1 1534 -1 -2 
160 -1 1534 -1 -2 
193 -1 1772 -1 -2 
1822 -1 1772 -1 -2 
1823 -1 1772 -1 -2 
193 -1 1772 -1 -2 
350 -1 1772 -1 -2 
1683 -1 618 -1 -2 
19 -1 618 -1 -2 
1468 -1 618 -1 -2 
94 -1 618 -1 -2 
854 -1 618 -1 -2 
183 -1 618 -1 -2 
1022 -1 618 -1 -2 
1482 -1 618 -1 -2 
295 -1 618 -1 -2 
1010 -1 618 -1 -2 
956 -1 618 -1 -2 
158 -1 618 -1 -2 
955 -1 618 -1 -2 
957 -1 618 -1 -2 
1657 -1 618 -1 -2 
1371 -1 618 -1 -2 
977 -1 618 -1 -2 
979 -1 618 -1 -2 
753 -1 618 -1 -2 
978 -1 618 -1 -2 
1013 -1 618 -1 -2 
1102 -1 618 -1 -2 
1065 -1 618 -1 -2 
1588 -1 618 -1 -2 
424 -1 618 -1 -2 
642 -1 1271 -1 -2 
840 -1 1271 -1 -2 
79 -1 1271 -1 -2 
464 -1 1271 -1 -2 
743 -1 1271 -1 -2 
888 -1 1271 -1 -2 
1802 -1 1271 -1 -2 
464 -1 1271 -1 -2 
745 -1 1271 -1 -2 
295 -1 1271 -1 -2 
823 -1 1271 -1 -2 
436 -1 1271 -1 -2 
823 -1 1271 -1 -2 
440 -1 1271 -1 -2 
1064 -1 1756 -1 -2 
14 -1 1756 -1 -2 
984 -1 1719 -1 -2 
1717 -1 1719 -1 -2 
52 -1 1719 -1 -2 
1771 -1 1719 -1 -2 
338 -1 1719 -1 -2 
796 -1 1719 -1 -2 
64 -1 1719 -1 -2 
347 -1 1719 -1 -2 
142 -1 1719 -1 -2 
1007 -1 1719 -1 -2 
711 -1 1719 -1 -2 
526 -1 1719 -1 -2 
240 -1 1719 -1 -2 
15 -1 1756 -1 -2 
1398 -1 1452 -1 -2 
777 -1 1452 -1 -2 
620 -1 1452 -1 -2 
79 -1 1452 -1 -2 
246 -1 1452 -1 -2 
265 -1 1452 -1 -2 
263 -1 1452 -1 -2 
144 -1 1452 -1 -2 
145 -1 1452 -1 -2 
514 -1 1452 -1 -2 
36 -1 1452 -1 -2 
35 -1 1452 -1 -2 
142 -1 1452 -1 -2 
224 -1 1452 -1 -2 
64 -1 1452 -1 -2 
984 -1 1452 -1 -2 
1717 -1 1452 -1 -2 
52 -1 1452 -1 -2 
87 -1 1452 -1 -2 
166 -1 1452 -1 -2 
154 -1 1452 -1 -2 
148 -1 1452 -1 -2 
464 -1 1452 -1 -2 
743 -1 1452 -1 -2 
94 -1 1452 -1 -2 
854 -1 1452 -1 -2 
956 -1 1452 -1 -2 
955 -1 1452 -1 -2 
158 -1 1452 -1 -2 
957 -1 1452 -1 -2 
839 -1 1452 -1 -2 
1371 -1 1452 -1 -2 
210 -1 1452 -1 -2 
1013 -1 1452 -1 -2 
932 -1 1452 -1 -2 
742 -1 1452 -1 -2 
1102 -1 1452 -1 -2 
425 -1 1452 -1 -2 
424 -1 1452 -1 -2 
1814 -1 1679 -1 -2 
110 -1 1679 -1 -2 
1857 -1 1679 -1 -2 
1375 -1 1679 -1 -2 
1802 -1 1679 -1 -2 
888 -1 1679 -1 -2 
802 -1 1679 -1 -2 
400 -1 1679 -1 -2 
846 -1 1679 -1 -2 
640 -1 1679 -1 -2 
122 -1 1679 -1 -2 
624 -1 1679 -1 -2 
1657 -1 1679 -1 -2 
1730 -1 1679 -1 -2 
202 -1 1679 -1 -2 
927 -1 1679 -1 -2 
450 -1 1679 -1 -2 
201 -1 1679 -1 -2 
552 -1 1679 -1 -2 
424 -1 1679 -1 -2 
688 -1 1679 -1 -2 
1099 -1 1679 -1 -2 
1098 -1 1679 -1 -2 
689 -1 1679 -1 -2 
1668 -1 1679 -1 -2 
1264 -1 1679 -1 -2 
1575 -1 1679 -1 -2 
1547 -1 1679 -1 -2 
1393 -1 1679 -1 -2 
1301 -1 1679 -1 -2 
105 -1 1679 -1 -2 
1394 -1 1679 -1 -2 
1671 -1 1679 -1 -2 
1726 -1 1679 -1 -2 
1398 -1 1679 -1 -2 
1399 -1 1679 -1 -2 
638 -1 1679 -1 -2 
979 -1 1679 -1 -2 
978 -1 1679 -1 -2 
977 -1 1679 -1 -2 
939 -1 1679 -1 -2 
1625 -1 1679 -1 -2 
857 -1 1679 -1 -2 
1267 -1 1679 -1 -2 
1102 -1 1679 -1 -2 
932 -1 1679 -1 -2 
1333 -1 1679 -1 -2 
741 -1 1679 -1 -2 
1013 -1 1679 -1 -2 
742 -1 1679 -1 -2 
1188 -1 1679 -1 -2 
1654 -1 1679 -1 -2 
1504 -1 1679 -1 -2 
1257 -1 1679 -1 -2 
945 -1 1679 -1 -2 
208 -1 1679 -1 -2 
1086 -1 1679 -1 -2 
209 -1 1679 -1 -2 
210 -1 1679 -1 -2 
963 -1 1679 -1 -2 
27 -1 562 -1 -2 
401 -1 562 -1 -2 
1855 -1 562 -1 -2 
148 -1 562 -1 -2 
258 -1 562 -1 -2 
381 -1 562 -1 -2 
439 -1 562 -1 -2 
442 -1 562 -1 -2 
1668 -1 562 -1 -2 
92 -1 562 -1 -2 
1593 -1 562 -1 -2 
413 -1 562 -1 -2 
52 -1 562 -1 -2 
984 -1 562 -1 -2 
9 -1 562 -1 -2 
1157 -1 562 -1 -2 
927 -1 562 -1 -2 
211 -1 562 -1 -2 
796 -1 562 -1 -2 
762 -1 562 -1 -2 
434 -1 562 -1 -2 
259 -1 562 -1 -2 
83 -1 562 -1 -2 
84 -1 562 -1 -2 
366 -1 562 -1 -2 
1802 -1 562 -1 -2 
372 -1 562 -1 -2 
154 -1 562 -1 -2 
282 -1 562 -1 -2 
347 -1 562 -1 -2 
435 -1 562 -1 -2 
145 -1 562 -1 -2 
144 -1 562 -1 -2 
362 -1 562 -1 -2 
813 -1 562 -1 -2 
888 -1 562 -1 -2 
507 -1 562 -1 -2 
43 -1 562 -1 -2 
187 -1 562 -1 -2 
41 -1 562 -1 -2 
189 -1 562 -1 -2 
790 -1 562 -1 -2 
251 -1 562 -1 -2 
46 -1 562 -1 -2 
6 -1 1321 -1 -2 
1809 -1 1321 -1 -2 
526 -1 1321 -1 -2 
369 -1 1321 -1 -2 
5 -1 1321 -1 -2 
888 -1 1321 -1 -2 
1802 -1 1321 -1 -2 
910 -1 1321 -1 -2 
289 -1 1321 -1 -2 
139 -1 1321 -1 -2 
138 -1 1321 -1 -2 
160 -1 1321 -1 -2 
464 -1 1321 -1 -2 
1593 -1 1321 -1 -2 
368 -1 1321 -1 -2 
468 -1 1321 -1 -2 
126 -1 1321 -1 -2 
1668 -1 1321 -1 -2 
219 -1 1321 -1 -2 
166 -1 1321 -1 -2 
9 -1 1321 -1 -2 
1860 -1 1115 -1 -2 
1291 -1 1115 -1 -2 
413 -1 1115 -1 -2 
242 -1 1115 -1 -2 
970 -1 1115 -1 -2 
1116 -1 1115 -1 -2 
1119 -1 1115 -1 -2 
1117 -1 1115 -1 -2 
1120 -1 1115 -1 -2 
1118 -1 1115 -1 -2 
1121 -1 1115 -1 -2 
1838 -1 1115 -1 -2 
366 -1 1115 -1 -2 
1241 -1 1240 -1 -2 
888 -1 1240 -1 -2 
1802 -1 1240 -1 -2 
121 -1 1240 -1 -2 
438 -1 1240 -1 -2 
687 -1 1240 -1 -2 
944 -1 1240 -1 -2 
667 -1 1240 -1 -2 
46 -1 1240 -1 -2 
676 -1 1240 -1 -2 
11 -1 1240 -1 -2 
387 -1 1240 -1 -2 
1185 -1 1240 -1 -2 
466 -1 1240 -1 -2 
922 -1 1240 -1 -2 
251 -1 1240 -1 -2 
377 -1 1032 -1 -2 
654 -1 1032 -1 -2 
12 -1 535 -1 -2 
1162 -1 535 -1 -2 
625 -1 535 -1 -2 
1210 -1 535 -1 -2 
1798 -1 535 -1 -2 
1794 -1 535 -1 -2 
1793 -1 535 -1 -2 
713 -1 535 -1 -2 
540 -1 535 -1 -2 
528 -1 535 -1 -2 
127 -1 535 -1 -2 
24 -1 535 -1 -2 
29 -1 535 -1 -2 
676 -1 535 -1 -2 
797 -1 535 -1 -2 
635 -1 535 -1 -2 
1016 -1 535 -1 -2 
544 -1 535 -1 -2 
869 -1 535 -1 -2 
545 -1 535 -1 -2 
70 -1 535 -1 -2 
257 -1 535 -1 -2 
1864 -1 535 -1 -2 
256 -1 535 -1 -2 
364 -1 535 -1 -2 
364 -1 535 -1 -2 
488 -1 1756 -1 -2 
798 -1 1756 -1 -2 
880 -1 1756 -1 -2 
242 -1 1756 -1 -2 
576 -1 1756 -1 -2 
308 -1 1756 -1 -2 
280 -1 1756 -1 -2 
217 -1 1756 -1 -2 
302 -1 1756 -1 -2 
345 -1 1756 -1 -2 
812 -1 1756 -1 -2 
20 -1 1756 -1 -2 
226 -1 1756 -1 -2 
239 -1 1756 -1 -2 
1134 -1 1756 -1 -2 
649 -1 1756 -1 -2 
1733 -1 1756 -1 -2 
338 -1 1756 -1 -2 
1857 -1 1756 -1 -2 
910 -1 1756 -1 -2 
441 -1 1756 -1 -2 
456 -1 1756 -1 -2 
204 -1 491 -1 -2 
268 -1 491 -1 -2 
335 -1 491 -1 -2 
1701 -1 491 -1 -2 
1643 -1 491 -1 -2 
1551 -1 491 -1 -2 
939 -1 491 -1 -2 
1625 -1 491 -1 -2 
1186 -1 491 -1 -2 
1730 -1 491 -1 -2 
325 -1 491 -1 -2 
7 -1 491 -1 -2 
70 -1 491 -1 -2 
5 -1 491 -1 -2 
509 -1 491 -1 -2 
75 -1 1540 -1 -2 
549 -1 703 -1 -2 
369 -1 703 -1 -2 
6 -1 703 -1 -2 
64 -1 703 -1 -2 
269 -1 703 -1 -2 
266 -1 703 -1 -2 
264 -1 703 -1 -2 
379 -1 703 -1 -2 
328 -1 703 -1 -2 
1860 -1 703 -1 -2 
250 -1 703 -1 -2 
136 -1 703 -1 -2 
777 -1 703 -1 -2 
43 -1 703 -1 -2 
620 -1 703 -1 -2 
85 -1 703 -1 -2 
711 -1 703 -1 -2 
86 -1 703 -1 -2 
251 -1 703 -1 -2 
185 -1 703 -1 -2 
294 -1 703 -1 -2 
361 -1 703 -1 -2 
364 -1 703 -1 -2 
1672 -1 1447 -1 -2 
652 -1 1447 -1 -2 
202 -1 1447 -1 -2 
927 -1 1447 -1 -2 
450 -1 1447 -1 -2 
201 -1 1447 -1 -2 
813 -1 1447 -1 -2 
24 -1 1619 -1 -2 
135 -1 1619 -1 -2 
866 -1 1619 -1 -2 
897 -1 1619 -1 -2 
75 -1 1047 -1 -2 
183 -1 1637 -1 -2 
1343 -1 1637 -1 -2 
1681 -1 1637 -1 -2 
1068 -1 1637 -1 -2 
1227 -1 1637 -1 -2 
1264 -1 1637 -1 -2 
913 -1 1637 -1 -2 
769 -1 1637 -1 -2 
105 -1 1637 -1 -2 
1547 -1 1637 -1 -2 
1671 -1 1637 -1 -2 
1301 -1 1637 -1 -2 
1393 -1 1637 -1 -2 
1241 -1 1637 -1 -2 
620 -1 1637 -1 -2 
58 -1 1649 -1 -2 
27 -1 1765 -1 -2 
563 -1 1765 -1 -2 
148 -1 1765 -1 -2 
615 -1 933 -1 -2 
1002 -1 933 -1 -2 
929 -1 933 -1 -2 
469 -1 933 -1 -2 
470 -1 933 -1 -2 
1007 -1 933 -1 -2 
1381 -1 933 -1 -2 
168 -1 933 -1 -2 
467 -1 933 -1 -2 
202 -1 933 -1 -2 
927 -1 933 -1 -2 
201 -1 933 -1 -2 
362 -1 933 -1 -2 
860 -1 933 -1 -2 
259 -1 933 -1 -2 
1797 -1 933 -1 -2 
434 -1 933 -1 -2 
1157 -1 933 -1 -2 
144 -1 933 -1 -2 
435 -1 933 -1 -2 
145 -1 933 -1 -2 
5 -1 933 -1 -2 
192 -1 933 -1 -2 
268 -1 933 -1 -2 
205 -1 933 -1 -2 
1 -1 933 -1 -2 
369 -1 933 -1 -2 
116 -1 933 -1 -2 
260 -1 933 -1 -2 
163 -1 990 -1 -2 
1771 -1 990 -1 -2 
135 -1 990 -1 -2 
1668 -1 990 -1 -2 
813 -1 990 -1 -2 
847 -1 990 -1 -2 
211 -1 990 -1 -2 
796 -1 990 -1 -2 
78 -1 990 -1 -2 
361 -1 990 -1 -2 
64 -1 990 -1 -2 
713 -1 990 -1 -2 
862 -1 990 -1 -2 
142 -1 1566 -1 -2 
141 -1 1566 -1 -2 
224 -1 1566 -1 -2 
476 -1 1566 -1 -2 
654 -1 1566 -1 -2 
444 -1 1566 -1 -2 
36 -1 1566 -1 -2 
1802 -1 975 -1 -2 
187 -1 975 -1 -2 
75 -1 617 -1 -2 
230 -1 536 -1 -2 
232 -1 1852 -1 -2 
583 -1 1341 -1 -2 
363 -1 1341 -1 -2 
731 -1 1341 -1 -2 
401 -1 662 -1 -2 
1855 -1 662 -1 -2 
892 -1 969 -1 -2 
1135 -1 969 -1 -2 
1802 -1 969 -1 -2 
888 -1 969 -1 -2 
443 -1 1694 -1 -2 
282 -1 1694 -1 -2 
1802 -1 1694 -1 -2 
1667 -1 1694 -1 -2 
92 -1 1694 -1 -2 
851 -1 63 -1 -2 
289 -1 63 -1 -2 
64 -1 63 -1 -2 
405 -1 63 -1 -2 
1654 -1 63 -1 -2 
1518 -1 63 -1 -2 
940 -1 63 -1 -2 
184 -1 63 -1 -2 
1224 -1 63 -1 -2 
1436 -1 63 -1 -2 
1264 -1 63 -1 -2 
125 -1 63 -1 -2 
989 -1 63 -1 -2 
267 -1 63 -1 -2 
295 -1 63 -1 -2 
915 -1 63 -1 -2 
70 -1 63 -1 -2 
102 -1 63 -1 -2 
1746 -1 63 -1 -2 
1418 -1 63 -1 -2 
1784 -1 63 -1 -2 
1406 -1 63 -1 -2 
184 -1 63 -1 -2 
1148 -1 63 -1 -2 
885 -1 63 -1 -2 
937 -1 63 -1 -2 
649 -1 63 -1 -2 
1752 -1 63 -1 -2 
934 -1 63 -1 -2 
247 -1 63 -1 -2 
1399 -1 63 -1 -2 
1257 -1 63 -1 -2 
1569 -1 63 -1 -2 
728 -1 63 -1 -2 
985 -1 63 -1 -2 
1794 -1 63 -1 -2 
986 -1 63 -1 -2 
1571 -1 63 -1 -2 
89 -1 63 -1 -2 
1496 -1 63 -1 -2 
1311 -1 63 -1 -2 
1727 -1 63 -1 -2 
603 -1 63 -1 -2 
882 -1 63 -1 -2 
29 -1 63 -1 -2 
29 -1 63 -1 -2 
1308 -1 63 -1 -2 
876 -1 63 -1 -2 
423 -1 63 -1 -2 
1784 -1 63 -1 -2 
168 -1 63 -1 -2 
1766 -1 63 -1 -2 
1652 -1 63 -1 -2 
1427 -1 63 -1 -2 
634 -1 63 -1 -2 
705 -1 63 -1 -2 
526 -1 63 -1 -2 
192 -1 63 -1 -2 
102 -1 536 -1 -2 
100 -1 536 -1 -2 
960 -1 536 -1 -2 
26 -1 536 -1 -2 
532 -1 536 -1 -2 
97 -1 536 -1 -2 
833 -1 536 -1 -2 
463 -1 536 -1 -2 
1291 -1 536 -1 -2 
1290 -1 536 -1 -2 
1841 -1 536 -1 -2 
369 -1 536 -1 -2 
6 -1 536 -1 -2 
583 -1 536 -1 -2 
1227 -1 536 -1 -2 
152 -1 536 -1 -2 
1228 -1 536 -1 -2 
1014 -1 536 -1 -2 
41 -1 536 -1 -2 
753 -1 536 -1 -2 
230 -1 536 -1 -2 
888 -1 1734 -1 -2 
648 -1 1734 -1 -2 
406 -1 1734 -1 -2 
925 -1 1734 -1 -2 
116 -1 1734 -1 -2 
526 -1 1734 -1 -2 
1809 -1 1734 -1 -2 
658 -1 1734 -1 -2 
324 -1 1475 -1 -2 
1145 -1 1772 -1 -2 
438 -1 1104 -1 -2 
193 -1 191 -1 -2 
361 -1 191 -1 -2 
930 -1 191 -1 -2 
203 -1 191 -1 -2 
1543 -1 191 -1 -2 
115 -1 191 -1 -2 
84 -1 191 -1 -2 
1109 -1 191 -1 -2 
1170 -1 191 -1 -2 
1640 -1 191 -1 -2 
1266 -1 191 -1 -2 
451 -1 191 -1 -2 
526 -1 191 -1 -2 
260 -1 191 -1 -2 
687 -1 191 -1 -2 
689 -1 191 -1 -2 
1035 -1 191 -1 -2 
1362 -1 191 -1 -2 
249 -1 191 -1 -2 
189 -1 191 -1 -2 
72 -1 191 -1 -2 
741 -1 191 -1 -2 
742 -1 191 -1 -2 
1013 -1 191 -1 -2 
1102 -1 191 -1 -2 
1786 -1 191 -1 -2 
95 -1 191 -1 -2 
614 -1 191 -1 -2 
1371 -1 191 -1 -2 
156 -1 191 -1 -2 
194 -1 191 -1 -2 
195 -1 191 -1 -2 
197 -1 191 -1 -2 
196 -1 191 -1 -2 
1802 -1 191 -1 -2 
977 -1 191 -1 -2 
979 -1 191 -1 -2 
107 -1 191 -1 -2 
1074 -1 191 -1 -2 
94 -1 191 -1 -2 
854 -1 191 -1 -2 
1174 -1 191 -1 -2 
589 -1 191 -1 -2 
25 -1 191 -1 -2 
139 -1 191 -1 -2 
222 -1 191 -1 -2 
916 -1 191 -1 -2 
143 -1 191 -1 -2 
1699 -1 191 -1 -2 
1775 -1 191 -1 -2 
544 -1 191 -1 -2 
545 -1 191 -1 -2 
252 -1 191 -1 -2 
735 -1 191 -1 -2 
1016 -1 191 -1 -2 
108 -1 191 -1 -2 
528 -1 191 -1 -2 
915 -1 191 -1 -2 
1730 -1 191 -1 -2 
550 -1 191 -1 -2 
490 -1 191 -1 -2 
177 -1 191 -1 -2 
1614 -1 191 -1 -2 
324 -1 191 -1 -2 
232 -1 191 -1 -2 
504 -1 191 -1 -2 
98 -1 191 -1 -2 
636 -1 191 -1 -2 
1086 -1 191 -1 -2 
420 -1 191 -1 -2 
137 -1 191 -1 -2 
367 -1 191 -1 -2 
1185 -1 191 -1 -2 
478 -1 191 -1 -2 
366 -1 191 -1 -2 
471 -1 191 -1 -2 
1253 -1 191 -1 -2 
386 -1 191 -1 -2 
164 -1 191 -1 -2 
1773 -1 191 -1 -2 
1783 -1 191 -1 -2 
973 -1 191 -1 -2 
868 -1 191 -1 -2 
166 -1 191 -1 -2 
398 -1 191 -1 -2 
1419 -1 191 -1 -2 
400 -1 191 -1 -2 
967 -1 191 -1 -2 
749 -1 191 -1 -2 
20 -1 191 -1 -2 
913 -1 191 -1 -2 
532 -1 191 -1 -2 
1820 -1 191 -1 -2 
533 -1 191 -1 -2 
782 -1 191 -1 -2 
1492 -1 191 -1 -2 
431 -1 191 -1 -2 
1188 -1 191 -1 -2 
1002 -1 191 -1 -2 
1148 -1 191 -1 -2 
223 -1 191 -1 -2 
110 -1 191 -1 -2 
1224 -1 191 -1 -2 
548 -1 191 -1 -2 
1656 -1 191 -1 -2 
1085 -1 191 -1 -2 
1351 -1 191 -1 -2 
1244 -1 191 -1 -2 
1127 -1 191 -1 -2 
5 -1 191 -1 -2 
1791 -1 191 -1 -2 
790 -1 191 -1 -2 
1120 -1 191 -1 -2 
1121 -1 191 -1 -2 
1119 -1 191 -1 -2 
1118 -1 191 -1 -2 
1116 -1 191 -1 -2 
1117 -1 191 -1 -2 
1723 -1 191 -1 -2 
1233 -1 191 -1 -2 
38 -1 191 -1 -2 
847 -1 191 -1 -2 
185 -1 191 -1 -2 
327 -1 191 -1 -2 
102 -1 191 -1 -2 
1092 -1 191 -1 -2 
125 -1 191 -1 -2 
976 -1 191 -1 -2 
18 -1 191 -1 -2 
470 -1 191 -1 -2 
467 -1 191 -1 -2 
1381 -1 191 -1 -2 
168 -1 191 -1 -2 
219 -1 191 -1 -2 
725 -1 191 -1 -2 
510 -1 191 -1 -2 
364 -1 1811 -1 -2 
633 -1 1106 -1 -2 
109 -1 1061 -1 -2 
357 -1 1061 -1 -2 
84 -1 1061 -1 -2 
1094 -1 1061 -1 -2 
268 -1 1061 -1 -2 
94 -1 1061 -1 -2 
183 -1 1061 -1 -2 
1681 -1 1061 -1 -2 
945 -1 1061 -1 -2 
1366 -1 1061 -1 -2 
1083 -1 1061 -1 -2 
159 -1 1061 -1 -2 
517 -1 1061 -1 -2 
1235 -1 1061 -1 -2 
324 -1 1475 -1 -2 
910 -1 1327 -1 -2 
909 -1 1327 -1 -2 
608 -1 1327 -1 -2 
148 -1 1327 -1 -2 
654 -1 1327 -1 -2 
224 -1 1327 -1 -2 
476 -1 1327 -1 -2 
1064 -1 1505 -1 -2 
366 -1 1505 -1 -2 
1528 -1 1505 -1 -2 
448 -1 1505 -1 -2 
1724 -1 1505 -1 -2 
238 -1 1505 -1 -2 
1667 -1 1505 -1 -2 
464 -1 1505 -1 -2 
1432 -1 1505 -1 -2 
1008 -1 1505 -1 -2 
648 -1 1505 -1 -2 
828 -1 1505 -1 -2 
626 -1 1505 -1 -2 
232 -1 453 -1 -2 
294 -1 453 -1 -2 
422 -1 453 -1 -2 
76 -1 453 -1 -2 
30 -1 453 -1 -2 
1009 -1 453 -1 -2 
710 -1 453 -1 -2 
6 -1 453 -1 -2 
1199 -1 453 -1 -2 
374 -1 453 -1 -2 
297 -1 453 -1 -2 
39 -1 453 -1 -2 
1029 -1 453 -1 -2 
667 -1 453 -1 -2 
135 -1 453 -1 -2 
705 -1 1634 -1 -2 
8 -1 1684 -1 -2 
74 -1 1684 -1 -2 
676 -1 1684 -1 -2 
24 -1 1684 -1 -2 
135 -1 1684 -1 -2 
631 -1 1684 -1 -2 
133 -1 1684 -1 -2 
45 -1 1684 -1 -2 
72 -1 1684 -1 -2 
147 -1 1684 -1 -2 
459 -1 1684 -1 -2 
462 -1 1684 -1 -2 
712 -1 1684 -1 -2 
713 -1 1684 -1 -2 
29 -1 1684 -1 -2 
364 -1 1684 -1 -2 
105 -1 1075 -1 -2 
1393 -1 1075 -1 -2 
92 -1 1075 -1 -2 
994 -1 1075 -1 -2 
667 -1 1075 -1 -2 
387 -1 1075 -1 -2 
364 -1 1075 -1 -2 
817 -1 1075 -1 -2 
500 -1 1075 -1 -2 
537 -1 1075 -1 -2 
712 -1 1075 -1 -2 
224 -1 1075 -1 -2 
141 -1 1075 -1 -2 
186 -1 580 -1 -2 
294 -1 580 -1 -2 
185 -1 580 -1 -2 
667 -1 580 -1 -2 
26 -1 580 -1 -2 
110 -1 580 -1 -2 
1125 -1 580 -1 -2 
78 -1 580 -1 -2 
456 -1 580 -1 -2 
19 -1 580 -1 -2 
183 -1 580 -1 -2 
909 -1 580 -1 -2 
158 -1 580 -1 -2 
1077 -1 580 -1 -2 
1049 -1 580 -1 -2 
1068 -1 580 -1 -2 
493 -1 580 -1 -2 
366 -1 580 -1 -2 
388 -1 580 -1 -2 
874 -1 580 -1 -2 
587 -1 580 -1 -2 
122 -1 580 -1 -2 
665 -1 580 -1 -2 
1184 -1 580 -1 -2 
583 -1 580 -1 -2 
731 -1 580 -1 -2 
224 -1 580 -1 -2 
142 -1 580 -1 -2 
654 -1 580 -1 -2 
347 -1 580 -1 -2 
282 -1 580 -1 -2 
1418 -1 580 -1 -2 
293 -1 580 -1 -2 
987 -1 580 -1 -2 
214 -1 580 -1 -2 
1139 -1 580 -1 -2 
166 -1 580 -1 -2 
817 -1 580 -1 -2 
208 -1 580 -1 -2 
159 -1 580 -1 -2 
209 -1 580 -1 -2 
1056 -1 580 -1 -2 
427 -1 580 -1 -2 
836 -1 580 -1 -2 
897 -1 580 -1 -2 
434 -1 580 -1 -2 
1191 -1 580 -1 -2 
1463 -1 580 -1 -2 
839 -1 580 -1 -2 
15 -1 580 -1 -2 
14 -1 580 -1 -2 
282 -1 580 -1 -2 
904 -1 580 -1 -2 
426 -1 580 -1 -2 
87 -1 580 -1 -2 
45 -1 580 -1 -2 
28 -1 580 -1 -2 
377 -1 580 -1 -2 
620 -1 580 -1 -2 
1442 -1 580 -1 -2 
289 -1 580 -1 -2 
383 -1 580 -1 -2 
262 -1 580 -1 -2 
894 -1 580 -1 -2 
984 -1 580 -1 -2 
52 -1 580 -1 -2 
1346 -1 580 -1 -2 
366 -1 580 -1 -2 
687 -1 580 -1 -2 
459 -1 580 -1 -2 
323 -1 580 -1 -2 
807 -1 580 -1 -2 
506 -1 580 -1 -2 
136 -1 580 -1 -2 
79 -1 580 -1 -2 
64 -1 562 -1 -2 
58 -1 562 -1 -2 
1771 -1 1807 -1 -2 
803 -1 1807 -1 -2 
358 -1 1807 -1 -2 
711 -1 1807 -1 -2 
6 -1 1737 -1 -2 
434 -1 1737 -1 -2 
14 -1 1737 -1 -2 
634 -1 618 -1 -2 
888 -1 618 -1 -2 
1802 -1 618 -1 -2 
190 -1 618 -1 -2 
148 -1 618 -1 -2 
439 -1 618 -1 -2 
84 -1 618 -1 -2 
83 -1 618 -1 -2 
39 -1 618 -1 -2 
14 -1 618 -1 -2 
269 -1 618 -1 -2 
270 -1 618 -1 -2 
265 -1 618 -1 -2 
1054 -1 618 -1 -2 
1609 -1 618 -1 -2 
1809 -1 618 -1 -2 
476 -1 1377 -1 -2 
676 -1 1377 -1 -2 
64 -1 1377 -1 -2 
822 -1 1377 -1 -2 
52 -1 1377 -1 -2 
75 -1 1377 -1 -2 
888 -1 1377 -1 -2 
232 -1 1377 -1 -2 
614 -1 1377 -1 -2 
1802 -1 1580 -1 -2 
560 -1 1580 -1 -2 
1666 -1 1580 -1 -2 
936 -1 1580 -1 -2 
357 -1 1580 -1 -2 
46 -1 580 -1 -2 
578 -1 580 -1 -2 
658 -1 580 -1 -2 
540 -1 580 -1 -2 
217 -1 580 -1 -2 
275 -1 580 -1 -2 
499 -1 580 -1 -2 
822 -1 580 -1 -2 
100 -1 580 -1 -2 
655 -1 580 -1 -2 
657 -1 580 -1 -2 
64 -1 580 -1 -2 
1683 -1 580 -1 -2 
147 -1 580 -1 -2 
1371 -1 580 -1 -2 
1311 -1 580 -1 -2 
699 -1 580 -1 -2 
254 -1 580 -1 -2 
197 -1 580 -1 -2 
1318 -1 580 -1 -2 
29 -1 580 -1 -2 
24 -1 580 -1 -2 
609 -1 580 -1 -2 
99 -1 580 -1 -2 
865 -1 580 -1 -2 
766 -1 580 -1 -2 
384 -1 580 -1 -2 
199 -1 1620 -1 -2 
439 -1 1182 -1 -2 
56 -1 1182 -1 -2 
1588 -1 1182 -1 -2 
1645 -1 1182 -1 -2 
865 -1 1182 -1 -2 
345 -1 1182 -1 -2 
1148 -1 1182 -1 -2 
464 -1 1182 -1 -2 
1253 -1 1182 -1 -2 
831 -1 1182 -1 -2 
1855 -1 1182 -1 -2 
864 -1 1182 -1 -2 
58 -1 1182 -1 -2 
1859 -1 1182 -1 -2 
1857 -1 1182 -1 -2 
314 -1 1182 -1 -2 
81 -1 1620 -1 -2 
6 -1 1620 -1 -2 
205 -1 1620 -1 -2 
1780 -1 1620 -1 -2 
1781 -1 1620 -1 -2 
507 -1 1620 -1 -2 
43 -1 1620 -1 -2 
422 -1 1620 -1 -2 
1398 -1 1620 -1 -2 
1399 -1 1620 -1 -2 
247 -1 1620 -1 -2 
1242 -1 600 -1 -2 
339 -1 600 -1 -2 
89 -1 600 -1 -2 
44 -1 600 -1 -2 
292 -1 600 -1 -2 
377 -1 600 -1 -2 
422 -1 600 -1 -2 
1561 -1 600 -1 -2 
1086 -1 600 -1 -2 
897 -1 600 -1 -2 
1732 -1 600 -1 -2 
680 -1 600 -1 -2 
28 -1 600 -1 -2 
478 -1 600 -1 -2 
1185 -1 600 -1 -2 
368 -1 600 -1 -2 
413 -1 600 -1 -2 
471 -1 600 -1 -2 
366 -1 600 -1 -2 
338 -1 1790 -1 -2 
369 -1 1790 -1 -2 
6 -1 1790 -1 -2 
464 -1 1790 -1 -2 
362 -1 1811 -1 -2 
927 -1 1811 -1 -2 
450 -1 1811 -1 -2 
202 -1 1811 -1 -2 
201 -1 1811 -1 -2 
860 -1 1811 -1 -2 
206 -1 1811 -1 -2 
6 -1 1811 -1 -2 
260 -1 1811 -1 -2 
369 -1 1811 -1 -2 
1858 -1 1811 -1 -2 
1857 -1 1811 -1 -2 
108 -1 1811 -1 -2 
109 -1 1811 -1 -2 
22 -1 1811 -1 -2 
479 -1 1811 -1 -2 
41 -1 1811 -1 -2 
46 -1 1811 -1 -2 
232 -1 1811 -1 -2 
200 -1 1811 -1 -2 
218 -1 1811 -1 -2 
1866 -1 1811 -1 -2 
139 -1 1811 -1 -2 
138 -1 1811 -1 -2 
52 -1 1811 -1 -2 
1356 -1 465 -1 -2 
1352 -1 465 -1 -2 
716 -1 465 -1 -2 
952 -1 465 -1 -2 
468 -1 465 -1 -2 
803 -1 465 -1 -2 
110 -1 465 -1 -2 
471 -1 465 -1 -2 
728 -1 465 -1 -2 
197 -1 465 -1 -2 
385 -1 465 -1 -2 
1371 -1 465 -1 -2 
839 -1 465 -1 -2 
14 -1 465 -1 -2 
106 -1 465 -1 -2 
100 -1 465 -1 -2 
499 -1 465 -1 -2 
326 -1 465 -1 -2 
317 -1 465 -1 -2 
56 -1 465 -1 -2 
439 -1 465 -1 -2 
46 -1 465 -1 -2 
148 -1 465 -1 -2 
598 -1 465 -1 -2 
1797 -1 1790 -1 -2 
145 -1 1790 -1 -2 
10 -1 1790 -1 -2 
338 -1 1790 -1 -2 
709 -1 1790 -1 -2 
339 -1 1790 -1 -2 
160 -1 1790 -1 -2 
1593 -1 1790 -1 -2 
464 -1 1790 -1 -2 
743 -1 1790 -1 -2 
464 -1 1790 -1 -2 
1214 -1 1790 -1 -2 
347 -1 497 -1 -2 
127 -1 497 -1 -2 
22 -1 497 -1 -2 
14 -1 497 -1 -2 
456 -1 497 -1 -2 
344 -1 497 -1 -2 
342 -1 1425 -1 -2 
570 -1 1425 -1 -2 
343 -1 1425 -1 -2 
392 -1 1425 -1 -2 
1134 -1 1425 -1 -2 
936 -1 1425 -1 -2 
1126 -1 1425 -1 -2 
589 -1 1425 -1 -2 
803 -1 1425 -1 -2 
574 -1 1425 -1 -2 
240 -1 1425 -1 -2 
3 -1 1425 -1 -2 
206 -1 1078 -1 -2 
204 -1 1078 -1 -2 
1 -1 1078 -1 -2 
6 -1 1078 -1 -2 
451 -1 1078 -1 -2 
205 -1 1078 -1 -2 
1809 -1 1078 -1 -2 
116 -1 1078 -1 -2 
435 -1 1078 -1 -2 
760 -1 1078 -1 -2 
144 -1 1078 -1 -2 
11 -1 1104 -1 -2 
358 -1 1104 -1 -2 
289 -1 1104 -1 -2 
633 -1 1104 -1 -2 
1604 -1 1104 -1 -2 
780 -1 1104 -1 -2 
205 -1 1104 -1 -2 
451 -1 1104 -1 -2 
1185 -1 1104 -1 -2 
602 -1 1104 -1 -2 
300 -1 1104 -1 -2 
347 -1 1104 -1 -2 
15 -1 1104 -1 -2 
464 -1 611 -1 -2 
1593 -1 611 -1 -2 
368 -1 611 -1 -2 
148 -1 611 -1 -2 
476 -1 611 -1 -2 
984 -1 611 -1 -2 
84 -1 1404 -1 -2 
401 -1 1404 -1 -2 
154 -1 1404 -1 -2 
865 -1 1404 -1 -2 
15 -1 1404 -1 -2 
429 -1 1404 -1 -2 
183 -1 1501 -1 -2 
1146 -1 1501 -1 -2 
1603 -1 1501 -1 -2 
152 -1 1501 -1 -2 
1855 -1 1501 -1 -2 
366 -1 1501 -1 -2 
367 -1 1501 -1 -2 
413 -1 1501 -1 -2 
26 -1 1501 -1 -2 
280 -1 1501 -1 -2 
282 -1 1501 -1 -2 
15 -1 1501 -1 -2 
14 -1 1501 -1 -2 
1210 -1 1450 -1 -2 
122 -1 1450 -1 -2 
712 -1 1450 -1 -2 
1052 -1 1450 -1 -2 
342 -1 1450 -1 -2 
5 -1 1450 -1 -2 
817 -1 1450 -1 -2 
478 -1 1450 -1 -2 
665 -1 1450 -1 -2 
568 -1 1450 -1 -2 
1035 -1 1450 -1 -2 
94 -1 1450 -1 -2 
854 -1 1450 -1 -2 
407 -1 1450 -1 -2 
209 -1 1450 -1 -2 
208 -1 1450 -1 -2 
1672 -1 1450 -1 -2 
1086 -1 1450 -1 -2 
105 -1 1450 -1 -2 
1393 -1 1450 -1 -2 
742 -1 1450 -1 -2 
1102 -1 1450 -1 -2 
1013 -1 1450 -1 -2 
932 -1 1450 -1 -2 
1014 -1 1450 -1 -2 
1049 -1 1450 -1 -2 
64 -1 1450 -1 -2 
1184 -1 1450 -1 -2 
135 -1 1450 -1 -2 
1724 -1 1450 -1 -2 
24 -1 1450 -1 -2 
797 -1 1450 -1 -2 
464 -1 1450 -1 -2 
1026 -1 1450 -1 -2 
419 -1 1450 -1 -2 
385 -1 1450 -1 -2 
358 -1 1450 -1 -2 
361 -1 1450 -1 -2 
170 -1 1450 -1 -2 
180 -1 1450 -1 -2 
310 -1 1450 -1 -2 
28 -1 1450 -1 -2 
1863 -1 1450 -1 -2 
158 -1 1450 -1 -2 
351 -1 1450 -1 -2 
89 -1 1450 -1 -2 
729 -1 1450 -1 -2 
38 -1 1450 -1 -2 
568 -1 1450 -1 -2 
1724 -1 1450 -1 -2 
358 -1 551 -1 -2 
64 -1 551 -1 -2 
631 -1 551 -1 -2 
85 -1 551 -1 -2 
1233 -1 551 -1 -2 
1085 -1 551 -1 -2 
224 -1 551 -1 -2 
8 -1 551 -1 -2 
1866 -1 551 -1 -2 
1019 -1 551 -1 -2 
364 -1 551 -1 -2 
1137 -1 512 -1 -2 
183 -1 512 -1 -2 
1227 -1 512 -1 -2 
1657 -1 512 -1 -2 
978 -1 512 -1 -2 
888 -1 512 -1 -2 
803 -1 512 -1 -2 
282 -1 512 -1 -2 
1667 -1 512 -1 -2 
970 -1 512 -1 -2 
141 -1 512 -1 -2 
1052 -1 512 -1 -2 
334 -1 512 -1 -2 
1195 -1 1642 -1 -2 
774 -1 1642 -1 -2 
773 -1 1642 -1 -2 
1468 -1 1642 -1 -2 
812 -1 1642 -1 -2 
1022 -1 1642 -1 -2 
1092 -1 1642 -1 -2 
1681 -1 1642 -1 -2 
1451 -1 1642 -1 -2 
839 -1 1642 -1 -2 
1371 -1 1642 -1 -2 
763 -1 1642 -1 -2 
1730 -1 1642 -1 -2 
604 -1 1642 -1 -2 
144 -1 1642 -1 -2 
760 -1 1642 -1 -2 
145 -1 1642 -1 -2 
435 -1 1642 -1 -2 
259 -1 1642 -1 -2 
777 -1 1642 -1 -2 
427 -1 1642 -1 -2 
88 -1 1642 -1 -2 
252 -1 1642 -1 -2 
249 -1 1642 -1 -2 
250 -1 1642 -1 -2 
167 -1 1642 -1 -2 
166 -1 1642 -1 -2 
440 -1 1642 -1 -2 
436 -1 1642 -1 -2 
1089 -1 1642 -1 -2 
743 -1 1642 -1 -2 
1593 -1 1642 -1 -2 
21 -1 1642 -1 -2 
1629 -1 1642 -1 -2 
1698 -1 1642 -1 -2 
175 -1 969 -1 -2 
1323 -1 969 -1 -2 
142 -1 969 -1 -2 
282 -1 969 -1 -2 
1241 -1 969 -1 -2 
163 -1 1673 -1 -2 
587 -1 1673 -1 -2 
328 -1 1673 -1 -2 
655 -1 1673 -1 -2 
822 -1 1673 -1 -2 
499 -1 1673 -1 -2 
206 -1 1673 -1 -2 
268 -1 1673 -1 -2 
204 -1 1673 -1 -2 
116 -1 1673 -1 -2 
451 -1 1673 -1 -2 
6 -1 1673 -1 -2 
812 -1 1673 -1 -2 
1359 -1 1673 -1 -2 
1768 -1 1673 -1 -2 
1092 -1 1673 -1 -2 
1022 -1 1673 -1 -2 
507 -1 1585 -1 -2 
43 -1 1585 -1 -2 
166 -1 1585 -1 -2 
249 -1 1585 -1 -2 
250 -1 1585 -1 -2 
444 -1 1585 -1 -2 
141 -1 1585 -1 -2 
142 -1 1585 -1 -2 
1668 -1 1585 -1 -2 
206 -1 1585 -1 -2 
358 -1 1585 -1 -2 
185 -1 1585 -1 -2 
812 -1 1326 -1 -2 
1092 -1 1326 -1 -2 
1482 -1 1326 -1 -2 
653 -1 1326 -1 -2 
20 -1 1326 -1 -2 
652 -1 1326 -1 -2 
422 -1 1326 -1 -2 
374 -1 1326 -1 -2 
1230 -1 1762 -1 -2 
450 -1 1762 -1 -2 
341 -1 1762 -1 -2 
130 -1 1762 -1 -2 
701 -1 1762 -1 -2 
1476 -1 1762 -1 -2 
1815 -1 1762 -1 -2 
1814 -1 1762 -1 -2 
170 -1 1762 -1 -2 
309 -1 1762 -1 -2 
372 -1 1762 -1 -2 
727 -1 1762 -1 -2 
552 -1 1762 -1 -2 
777 -1 1762 -1 -2 
1837 -1 1762 -1 -2 
1781 -1 1762 -1 -2 
111 -1 1762 -1 -2 
1394 -1 1762 -1 -2 
796 -1 1762 -1 -2 
747 -1 1762 -1 -2 
712 -1 1762 -1 -2 
713 -1 1762 -1 -2 
560 -1 1762 -1 -2 
1162 -1 1762 -1 -2 
803 -1 1762 -1 -2 
91 -1 1762 -1 -2 
958 -1 1762 -1 -2 
1358 -1 1762 -1 -2 
1718 -1 1762 -1 -2 
1741 -1 1762 -1 -2 
1728 -1 1762 -1 -2 
1702 -1 1762 -1 -2 
521 -1 1762 -1 -2 
1665 -1 1762 -1 -2 
1657 -1 1762 -1 -2 
364 -1 1762 -1 -2 
945 -1 1395 -1 -2 
64 -1 1395 -1 -2 
364 -1 1395 -1 -2 
76 -1 586 -1 -2 
439 -1 586 -1 -2 
84 -1 586 -1 -2 
8 -1 586 -1 -2 
133 -1 586 -1 -2 
9 -1 586 -1 -2 
25 -1 586 -1 -2 
45 -1 586 -1 -2 
40 -1 586 -1 -2 
80 -1 586 -1 -2 
17 -1 586 -1 -2 
74 -1 1367 -1 -2 
92 -1 1484 -1 -2 
374 -1 1484 -1 -2 
604 -1 1079 -1 -2 
499 -1 1079 -1 -2 
822 -1 1079 -1 -2 
15 -1 191 -1 -2 
435 -1 191 -1 -2 
434 -1 191 -1 -2 
875 -1 191 -1 -2 
1797 -1 191 -1 -2 
876 -1 191 -1 -2 
374 -1 191 -1 -2 
624 -1 191 -1 -2 
418 -1 191 -1 -2 
89 -1 191 -1 -2 
1022 -1 191 -1 -2 
362 -1 191 -1 -2 
1771 -1 191 -1 -2 
285 -1 191 -1 -2 
1713 -1 191 -1 -2 
75 -1 191 -1 -2 
420 -1 191 -1 -2 
778 -1 191 -1 -2 
1706 -1 191 -1 -2 
188 -1 191 -1 -2 
1680 -1 191 -1 -2 
1516 -1 191 -1 -2 
305 -1 191 -1 -2 
1517 -1 191 -1 -2 
306 -1 191 -1 -2 
282 -1 191 -1 -2 
196 -1 191 -1 -2 
218 -1 191 -1 -2 
1360 -1 191 -1 -2 
1872 -1 191 -1 -2 
1831 -1 191 -1 -2 
1656 -1 191 -1 -2 
1085 -1 191 -1 -2 
223 -1 191 -1 -2 
223 -1 191 -1 -2 
1170 -1 191 -1 -2 
398 -1 191 -1 -2 
1856 -1 191 -1 -2 
1119 -1 191 -1 -2 
1117 -1 191 -1 -2 
1116 -1 191 -1 -2 
1121 -1 191 -1 -2 
1118 -1 191 -1 -2 
1120 -1 191 -1 -2 
681 -1 191 -1 -2 
896 -1 191 -1 -2 
813 -1 191 -1 -2 
188 -1 191 -1 -2 
109 -1 191 -1 -2 
110 -1 191 -1 -2 
976 -1 191 -1 -2 
1854 -1 191 -1 -2 
932 -1 191 -1 -2 
1333 -1 191 -1 -2 
1102 -1 191 -1 -2 
925 -1 191 -1 -2 
614 -1 191 -1 -2 
1832 -1 191 -1 -2 
878 -1 191 -1 -2 
1178 -1 191 -1 -2 
1345 -1 191 -1 -2 
1244 -1 191 -1 -2 
203 -1 191 -1 -2 
222 -1 191 -1 -2 
599 -1 191 -1 -2 
777 -1 191 -1 -2 
168 -1 191 -1 -2 
1170 -1 191 -1 -2 
141 -1 191 -1 -2 
142 -1 191 -1 -2 
646 -1 191 -1 -2 
141 -1 191 -1 -2 
1133 -1 191 -1 -2 
471 -1 191 -1 -2 
839 -1 191 -1 -2 
490 -1 191 -1 -2 
478 -1 191 -1 -2 
424 -1 191 -1 -2 
425 -1 191 -1 -2 
487 -1 191 -1 -2 
722 -1 191 -1 -2 
1295 -1 191 -1 -2 
477 -1 191 -1 -2 
318 -1 191 -1 -2 
232 -1 191 -1 -2 
324 -1 191 -1 -2 
787 -1 191 -1 -2 
159 -1 191 -1 -2 
372 -1 191 -1 -2 
1109 -1 191 -1 -2 
1214 -1 191 -1 -2 
490 -1 191 -1 -2 
1542 -1 191 -1 -2 
442 -1 1416 -1 -2 
76 -1 1416 -1 -2 
667 -1 1416 -1 -2 
294 -1 1416 -1 -2 
312 -1 1416 -1 -2 
135 -1 1416 -1 -2 
92 -1 1416 -1 -2 
230 -1 1416 -1 -2 
251 -1 49 -1 -2 
642 -1 49 -1 -2 
9 -1 49 -1 -2 
17 -1 49 -1 -2 
1604 -1 49 -1 -2 
780 -1 49 -1 -2 
578 -1 49 -1 -2 
235 -1 49 -1 -2 
800 -1 49 -1 -2 
769 -1 49 -1 -2 
17 -1 49 -1 -2 
1717 -1 49 -1 -2 
52 -1 49 -1 -2 
888 -1 1218 -1 -2 
211 -1 1218 -1 -2 
775 -1 1341 -1 -2 
294 -1 1341 -1 -2 
185 -1 1341 -1 -2 
65 -1 1172 -1 -2 
326 -1 1172 -1 -2 
447 -1 1172 -1 -2 
366 -1 1172 -1 -2 
960 -1 1172 -1 -2 
645 -1 1816 -1 -2 
43 -1 1816 -1 -2 
45 -1 1816 -1 -2 
1162 -1 1816 -1 -2 
846 -1 1816 -1 -2 
1186 -1 1816 -1 -2 
381 -1 1816 -1 -2 
367 -1 1816 -1 -2 
840 -1 1816 -1 -2 
79 -1 1816 -1 -2 
970 -1 1816 -1 -2 
1233 -1 1816 -1 -2 
338 -1 1816 -1 -2 
585 -1 1816 -1 -2 
377 -1 1816 -1 -2 
643 -1 1816 -1 -2 
476 -1 1816 -1 -2 
436 -1 1816 -1 -2 
731 -1 1816 -1 -2 
206 -1 1816 -1 -2 
192 -1 1816 -1 -2 
450 -1 1816 -1 -2 
144 -1 1816 -1 -2 
476 -1 1816 -1 -2 
141 -1 1816 -1 -2 
133 -1 1816 -1 -2 
885 -1 1816 -1 -2 
435 -1 1816 -1 -2 
259 -1 1816 -1 -2 
1117 -1 1816 -1 -2 
1118 -1 1816 -1 -2 
1120 -1 1816 -1 -2 
268 -1 1816 -1 -2 
1732 -1 1816 -1 -2 
874 -1 1816 -1 -2 
1086 -1 1587 -1 -2 
362 -1 1587 -1 -2 
450 -1 1587 -1 -2 
433 -1 1587 -1 -2 
6 -1 1587 -1 -2 
587 -1 1587 -1 -2 
499 -1 1587 -1 -2 
138 -1 1527 -1 -2 
286 -1 1527 -1 -2 
648 -1 1527 -1 -2 
935 -1 1527 -1 -2 
367 -1 1527 -1 -2 
137 -1 1527 -1 -2 
1309 -1 1527 -1 -2 
1064 -1 1527 -1 -2 
1713 -1 1527 -1 -2 
57 -1 1527 -1 -2 
207 -1 1527 -1 -2 
314 -1 1527 -1 -2 
189 -1 1527 -1 -2 
312 -1 1527 -1 -2 
313 -1 1527 -1 -2 
693 -1 1527 -1 -2 
75 -1 1527 -1 -2 
78 -1 1527 -1 -2 
366 -1 1527 -1 -2 
478 -1 1527 -1 -2 
413 -1 1527 -1 -2 
910 -1 1527 -1 -2 
675 -1 1527 -1 -2 
280 -1 1527 -1 -2 
443 -1 1527 -1 -2 
1855 -1 1688 -1 -2 
876 -1 1688 -1 -2 
824 -1 1688 -1 -2 
296 -1 1688 -1 -2 
439 -1 1688 -1 -2 
872 -1 1688 -1 -2 
378 -1 1688 -1 -2 
480 -1 1688 -1 -2 
58 -1 1649 -1 -2 
219 -1 1649 -1 -2 
583 -1 1649 -1 -2 
657 -1 1649 -1 -2 
1421 -1 1649 -1 -2 
357 -1 1649 -1 -2 
69 -1 1649 -1 -2 
614 -1 1649 -1 -2 
1802 -1 1649 -1 -2 
3 -1 1649 -1 -2 
126 -1 1649 -1 -2 
144 -1 1649 -1 -2 
499 -1 1649 -1 -2 
206 -1 1525 -1 -2 
204 -1 1525 -1 -2 
6 -1 1525 -1 -2 
145 -1 1525 -1 -2 
144 -1 1525 -1 -2 
435 -1 1525 -1 -2 
368 -1 1525 -1 -2 
137 -1 1525 -1 -2 
57 -1 1525 -1 -2 
435 -1 1525 -1 -2 
885 -1 1525 -1 -2 
85 -1 1525 -1 -2 
86 -1 1525 -1 -2 
464 -1 1525 -1 -2 
743 -1 1525 -1 -2 
1526 -1 1525 -1 -2 
471 -1 1525 -1 -2 
424 -1 1525 -1 -2 
137 -1 1525 -1 -2 
478 -1 1525 -1 -2 
413 -1 1525 -1 -2 
366 -1 1525 -1 -2 
424 -1 1525 -1 -2 
1593 -1 1525 -1 -2 
499 -1 1525 -1 -2 
12 -1 1525 -1 -2 
739 -1 1525 -1 -2 
13 -1 1525 -1 -2 
740 -1 1525 -1 -2 
437 -1 1525 -1 -2 
44 -1 1525 -1 -2 
79 -1 1525 -1 -2 
467 -1 1525 -1 -2 
470 -1 1525 -1 -2 
929 -1 1525 -1 -2 
134 -1 1525 -1 -2 
1841 -1 1525 -1 -2 
15 -1 1525 -1 -2 
631 -1 1525 -1 -2 
711 -1 1525 -1 -2 
642 -1 1525 -1 -2 
295 -1 1525 -1 -2 
823 -1 1525 -1 -2 
745 -1 1525 -1 -2 
297 -1 1525 -1 -2 
1010 -1 1525 -1 -2 
85 -1 1525 -1 -2 
295 -1 1525 -1 -2 
1492 -1 1525 -1 -2 
1768 -1 1525 -1 -2 
443 -1 1525 -1 -2 
850 -1 1525 -1 -2 
299 -1 1525 -1 -2 
1030 -1 1525 -1 -2 
1821 -1 1525 -1 -2 
70 -1 1525 -1 -2 
787 -1 1525 -1 -2 
1235 -1 1525 -1 -2 
289 -1 1525 -1 -2 
431 -1 1525 -1 -2 
479 -1 1525 -1 -2 
373 -1 1525 -1 -2 
15 -1 1525 -1 -2 
970 -1 1525 -1 -2 
255 -1 1525 -1 -2 
889 -1 1525 -1 -2 
854 -1 1870 -1 -2 
1629 -1 1870 -1 -2 
1086 -1 1870 -1 -2 
753 -1 1870 -1 -2 
1668 -1 1870 -1 -2 
8 -1 1870 -1 -2 
1771 -1 1870 -1 -2 
334 -1 1605 -1 -2 
282 -1 1605 -1 -2 
443 -1 1605 -1 -2 
283 -1 1605 -1 -2 
281 -1 1605 -1 -2 
423 -1 1605 -1 -2 
423 -1 1605 -1 -2 
347 -1 1605 -1 -2 
64 -1 1605 -1 -2 
812 -1 1605 -1 -2 
345 -1 1605 -1 -2 
893 -1 1605 -1 -2 
649 -1 1605 -1 -2 
344 -1 1605 -1 -2 
867 -1 1605 -1 -2 
1202 -1 1605 -1 -2 
22 -1 1605 -1 -2 
22 -1 1605 -1 -2 
1093 -1 1605 -1 -2 
1399 -1 1605 -1 -2 
1398 -1 1605 -1 -2 
1865 -1 1605 -1 -2 
1864 -1 1605 -1 -2 
1866 -1 1605 -1 -2 
553 -1 1605 -1 -2 
265 -1 1605 -1 -2 
247 -1 1605 -1 -2 
263 -1 1605 -1 -2 
246 -1 1605 -1 -2 
1833 -1 1605 -1 -2 
1833 -1 1605 -1 -2 
1832 -1 1605 -1 -2 
620 -1 1605 -1 -2 
847 -1 1605 -1 -2 
774 -1 1605 -1 -2 
773 -1 1605 -1 -2 
166 -1 1605 -1 -2 
167 -1 1605 -1 -2 
250 -1 1605 -1 -2 
1668 -1 1605 -1 -2 
136 -1 1605 -1 -2 
87 -1 1605 -1 -2 
446 -1 1605 -1 -2 
769 -1 1605 -1 -2 
1086 -1 1605 -1 -2 
1657 -1 1605 -1 -2 
1570 -1 1605 -1 -2 
948 -1 1605 -1 -2 
1228 -1 1605 -1 -2 
412 -1 1605 -1 -2 
763 -1 1605 -1 -2 
934 -1 1605 -1 -2 
1251 -1 1605 -1 -2 
115 -1 1605 -1 -2 
1366 -1 1605 -1 -2 
1170 -1 1605 -1 -2 
1146 -1 1605 -1 -2 
796 -1 1605 -1 -2 
211 -1 1605 -1 -2 
847 -1 1605 -1 -2 
57 -1 1605 -1 -2 
1614 -1 1605 -1 -2 
313 -1 1605 -1 -2 
652 -1 1605 -1 -2 
20 -1 1605 -1 -2 
653 -1 1605 -1 -2 
438 -1 1240 -1 -2 
1802 -1 1240 -1 -2 
177 -1 1240 -1 -2 
126 -1 1240 -1 -2 
251 -1 1240 -1 -2 
747 -1 1240 -1 -2 
1019 -1 1240 -1 -2 
528 -1 1240 -1 -2 
21 -1 1240 -1 -2 
374 -1 1240 -1 -2 
436 -1 1240 -1 -2 
606 -1 1240 -1 -2 
92 -1 1240 -1 -2 
9 -1 1240 -1 -2 
79 -1 1240 -1 -2 
294 -1 1240 -1 -2 
24 -1 1240 -1 -2 
303 -1 497 -1 -2 
344 -1 497 -1 -2 
108 -1 497 -1 -2 
849 -1 580 -1 -2 
1371 -1 580 -1 -2 
839 -1 580 -1 -2 
699 -1 580 -1 -2 
714 -1 580 -1 -2 
284 -1 580 -1 -2 
135 -1 580 -1 -2 
1698 -1 580 -1 -2 
812 -1 580 -1 -2 
1359 -1 580 -1 -2 
147 -1 580 -1 -2 
277 -1 580 -1 -2 
1077 -1 580 -1 -2 
1049 -1 580 -1 -2 
1227 -1 580 -1 -2 
1068 -1 580 -1 -2 
763 -1 580 -1 -2 
209 -1 580 -1 -2 
159 -1 580 -1 -2 
1086 -1 580 -1 -2 
234 -1 580 -1 -2 
72 -1 580 -1 -2 
210 -1 580 -1 -2 
977 -1 580 -1 -2 
979 -1 580 -1 -2 
978 -1 580 -1 -2 
1102 -1 580 -1 -2 
742 -1 580 -1 -2 
1588 -1 580 -1 -2 
1388 -1 580 -1 -2 
441 -1 580 -1 -2 
493 -1 580 -1 -2 
462 -1 580 -1 -2 
459 -1 580 -1 -2 
460 -1 580 -1 -2 
40 -1 580 -1 -2 
149 -1 580 -1 -2 
5 -1 580 -1 -2 
473 -1 580 -1 -2 
441 -1 580 -1 -2 
895 -1 580 -1 -2 
894 -1 580 -1 -2 
30 -1 580 -1 -2 
39 -1 580 -1 -2 
675 -1 580 -1 -2 
84 -1 580 -1 -2 
34 -1 580 -1 -2 
126 -1 580 -1 -2 
52 -1 580 -1 -2 
984 -1 580 -1 -2 
1717 -1 580 -1 -2 
444 -1 580 -1 -2 
163 -1 580 -1 -2 
657 -1 580 -1 -2 
499 -1 580 -1 -2 
1831 -1 962 -1 -2 
64 -1 814 -1 -2 
64 -1 814 -1 -2 
1274 -1 814 -1 -2 
702 -1 814 -1 -2 
464 -1 814 -1 -2 
142 -1 814 -1 -2 
1429 -1 814 -1 -2 
1860 -1 814 -1 -2 
910 -1 814 -1 -2 
282 -1 475 -1 -2 
1802 -1 475 -1 -2 
36 -1 475 -1 -2 
444 -1 475 -1 -2 
1086 -1 475 -1 -2 
1333 -1 475 -1 -2 
932 -1 475 -1 -2 
1593 -1 475 -1 -2 
1185 -1 475 -1 -2 
14 -1 475 -1 -2 
469 -1 1467 -1 -2 
470 -1 1467 -1 -2 
1000 -1 1467 -1 -2 
168 -1 1467 -1 -2 
158 -1 1467 -1 -2 
957 -1 1467 -1 -2 
956 -1 1467 -1 -2 
955 -1 1467 -1 -2 
1797 -1 1467 -1 -2 
1011 -1 1467 -1 -2 
1026 -1 1467 -1 -2 
1012 -1 1467 -1 -2 
86 -1 1467 -1 -2 
85 -1 1467 -1 -2 
883 -1 1736 -1 -2 
479 -1 1736 -1 -2 
439 -1 1736 -1 -2 
883 -1 1736 -1 -2 
479 -1 1736 -1 -2 
439 -1 1736 -1 -2 
909 -1 1327 -1 -2 
437 -1 962 -1 -2 
776 -1 962 -1 -2 
1284 -1 63 -1 -2 
902 -1 63 -1 -2 
1697 -1 63 -1 -2 
168 -1 63 -1 -2 
592 -1 63 -1 -2 
354 -1 63 -1 -2 
693 -1 63 -1 -2 
1222 -1 63 -1 -2 
934 -1 63 -1 -2 
114 -1 63 -1 -2 
541 -1 63 -1 -2 
824 -1 63 -1 -2 
939 -1 63 -1 -2 
1375 -1 63 -1 -2 
592 -1 63 -1 -2 
184 -1 63 -1 -2 
289 -1 63 -1 -2 
774 -1 63 -1 -2 
1301 -1 63 -1 -2 
626 -1 63 -1 -2 
204 -1 63 -1 -2 
1427 -1 63 -1 -2 
1185 -1 63 -1 -2 
478 -1 63 -1 -2 
1381 -1 63 -1 -2 
922 -1 63 -1 -2 
163 -1 1041 -1 -2 
587 -1 1041 -1 -2 
326 -1 1041 -1 -2 
499 -1 1041 -1 -2 
328 -1 1041 -1 -2 
657 -1 1041 -1 -2 
100 -1 1041 -1 -2 
822 -1 1041 -1 -2 
29 -1 1041 -1 -2 
19 -1 1041 -1 -2 
603 -1 1041 -1 -2 
89 -1 1041 -1 -2 
888 -1 1041 -1 -2 
1802 -1 1041 -1 -2 
19 -1 1041 -1 -2 
1855 -1 1041 -1 -2 
464 -1 1041 -1 -2 
862 -1 814 -1 -2 
631 -1 814 -1 -2 
1085 -1 814 -1 -2 
1257 -1 814 -1 -2 
1715 -1 814 -1 -2 
637 -1 814 -1 -2 
1781 -1 814 -1 -2 
464 -1 814 -1 -2 
571 -1 814 -1 -2 
1730 -1 814 -1 -2 
1723 -1 814 -1 -2 
65 -1 814 -1 -2 
1436 -1 814 -1 -2 
1250 -1 814 -1 -2 
1267 -1 814 -1 -2 
1802 -1 814 -1 -2 
1847 -1 814 -1 -2 
1751 -1 814 -1 -2 
440 -1 814 -1 -2 
5 -1 814 -1 -2 
1019 -1 814 -1 -2 
1388 -1 814 -1 -2 
979 -1 814 -1 -2 
441 -1 814 -1 -2 
1636 -1 814 -1 -2 
585 -1 814 -1 -2 
1516 -1 814 -1 -2 
1497 -1 814 -1 -2 
1384 -1 814 -1 -2 
717 -1 814 -1 -2 
1723 -1 814 -1 -2 
1054 -1 814 -1 -2 
145 -1 814 -1 -2 
100 -1 814 -1 -2 
81 -1 814 -1 -2 
1449 -1 814 -1 -2 
526 -1 814 -1 -2 
192 -1 814 -1 -2 
183 -1 1219 -1 -2 
313 -1 1219 -1 -2 
312 -1 1219 -1 -2 
1366 -1 1219 -1 -2 
117 -1 1219 -1 -2 
763 -1 1219 -1 -2 
926 -1 1219 -1 -2 
210 -1 1219 -1 -2 
72 -1 1219 -1 -2 
1058 -1 1219 -1 -2 
416 -1 1219 -1 -2 
667 -1 453 -1 -2 
39 -1 453 -1 -2 
710 -1 453 -1 -2 
888 -1 1615 -1 -2 
1802 -1 1615 -1 -2 
142 -1 1615 -1 -2 
476 -1 1615 -1 -2 
6 -1 1615 -1 -2 
349 -1 1615 -1 -2 
351 -1 1615 -1 -2 
180 -1 1615 -1 -2 
350 -1 1615 -1 -2 
185 -1 1615 -1 -2 
232 -1 1423 -1 -2 
52 -1 1678 -1 -2 
1717 -1 1678 -1 -2 
984 -1 1678 -1 -2 
272 -1 1678 -1 -2 
99 -1 1678 -1 -2 
326 -1 1678 -1 -2 
874 -1 1678 -1 -2 
138 -1 1678 -1 -2 
139 -1 1678 -1 -2 
831 -1 1678 -1 -2 
64 -1 1678 -1 -2 
926 -1 1606 -1 -2 
210 -1 1606 -1 -2 
1253 -1 1606 -1 -2 
1668 -1 1606 -1 -2 
92 -1 1606 -1 -2 
464 -1 1606 -1 -2 
743 -1 1606 -1 -2 
413 -1 1606 -1 -2 
366 -1 1606 -1 -2 
634 -1 1606 -1 -2 
633 -1 1606 -1 -2 
1245 -1 1606 -1 -2 
604 -1 1606 -1 -2 
1343 -1 1606 -1 -2 
1436 -1 1606 -1 -2 
945 -1 1606 -1 -2 
603 -1 1606 -1 -2 
839 -1 1606 -1 -2 
1371 -1 1606 -1 -2 
1672 -1 1606 -1 -2 
1393 -1 1606 -1 -2 
193 -1 465 -1 -2 
230 -1 536 -1 -2 
41 -1 49 -1 -2 
876 -1 49 -1 -2 
1035 -1 1720 -1 -2 
137 -1 1720 -1 -2 
712 -1 1720 -1 -2 
705 -1 1720 -1 -2 
160 -1 1720 -1 -2 
803 -1 1720 -1 -2 
185 -1 1720 -1 -2 
1857 -1 1720 -1 -2 
549 -1 1720 -1 -2 
82 -1 1720 -1 -2 
364 -1 1720 -1 -2 
516 -1 536 -1 -2 
163 -1 536 -1 -2 
1754 -1 536 -1 -2 
463 -1 536 -1 -2 
67 -1 536 -1 -2 
1820 -1 536 -1 -2 
189 -1 536 -1 -2 
731 -1 536 -1 -2 
307 -1 536 -1 -2 
230 -1 536 -1 -2 
437 -1 536 -1 -2 
232 -1 536 -1 -2 
1563 -1 536 -1 -2 
583 -1 536 -1 -2 
676 -1 1032 -1 -2 
29 -1 1032 -1 -2 
1 -1 1420 -1 -2 
204 -1 1420 -1 -2 
526 -1 1420 -1 -2 
451 -1 1420 -1 -2 
206 -1 1420 -1 -2 
369 -1 1420 -1 -2 
888 -1 1420 -1 -2 
1802 -1 1420 -1 -2 
1076 -1 1420 -1 -2 
1771 -1 1420 -1 -2 
583 -1 1420 -1 -2 
658 -1 1420 -1 -2 
813 -1 1420 -1 -2 
26 -1 814 -1 -2 
426 -1 814 -1 -2 
1054 -1 814 -1 -2 
417 -1 814 -1 -2 
579 -1 814 -1 -2 
1830 -1 814 -1 -2 
1241 -1 814 -1 -2 
1667 -1 814 -1 -2 
729 -1 814 -1 -2 
632 -1 814 -1 -2 
130 -1 814 -1 -2 
210 -1 814 -1 -2 
1314 -1 814 -1 -2 
1717 -1 814 -1 -2 
609 -1 814 -1 -2 
75 -1 814 -1 -2 
997 -1 814 -1 -2 
144 -1 1444 -1 -2 
143 -1 1444 -1 -2 
980 -1 1444 -1 -2 
143 -1 1444 -1 -2 
1022 -1 1378 -1 -2 
177 -1 1378 -1 -2 
499 -1 1378 -1 -2 
