1 3 4 6 7 7 9 10 11 12 13 15 14 17 17 17 21 21 24 24 26 26 28 29 29 32 33 34 33 36 37 39 40 41 42 43 43 43 43 43 44 47 47 47 47 50 51 52 54 55 56 57 58 60 61 62 63 64 65 66 67 68 69 70 71 72 73 74 75 76 76 77 78 79 -1 2 3 5 6 7 8 8 8 11 13 14 15 16 18 19 20 22 23 25 23 27 26 28 30 31 32 33 34 35 36 38 39 40 41 42 13 44 45 46 47 48 44 49 45 46 50 51 53 53 53 53 57 59 60 61 62 63 64 65 66 67 68 69 70 71 72 73 74 27 27 75 77 78 79 -1 -2
80 82 -1 81 83 -1 -2
84 86 88 48 48 48 48 48 48 48 90 90 94 95 91 97 98 100 101 102 103 104 106 106 106 109 109 109 109 109 109 112 112 112 113 113 115 115 115 116 116 117 117 118 110 118 107 114 119 120 120 120 120 121 121 121 121 121 122 122 123 123 124 124 125 125 126 126 127 129 130 59 133 134 135 136 -1 85 87 89 90 91 92 93 94 95 96 91 92 92 92 45 98 99 89 100 45 89 105 107 108 104 107 110 46 108 111 104 107 46 104 114 104 114 111 104 114 104 114 104 100 46 46 114 46 101 45 46 108 49 45 46 118 108 49 45 46 45 46 45 46 45 46 45 46 128 128 131 132 132 85 85 16 -1 -2
23 137 139 -1 21 138 140 -1 -2
141 141 141 141 141 145 146 148 148 148 -1 142 143 45 144 118 145 147 142 149 150 -1 -2
151 153 155 156 156 158 158 158 161 161 161 161 162 162 162 162 162 166 167 168 169 169 170 170 172 173 173 173 173 173 176 178 178 178 179 181 182 184 185 183 183 177 177 177 177 186 186 187 -1 152 154 154 157 154 159 160 161 153 160 157 155 159 163 153 164 165 158 158 158 165 158 166 171 173 159 163 157 174 175 177 177 179 180 156 156 183 183 183 159 177 159 160 153 156 187 157 159 -1 -2
146 147 -1 146 147 -1 -2
21 -1 188 -1 -2
189 191 193 193 196 198 199 201 203 203 203 207 209 209 211 213 7 215 215 77 43 219 220 195 214 224 225 195 226 195 212 212 229 231 231 231 233 216 216 218 -1 190 192 194 195 197 2 200 202 204 205 206 208 27 210 212 212 214 216 16 217 218 220 221 222 223 223 222 225 223 190 227 228 230 232 229 224 231 233 231 234 -1 -2
235 235 238 240 241 242 145 243 243 246 246 249 249 250 252 252 252 254 254 257 -1 236 237 239 239 239 145 145 244 245 247 248 146 145 251 188 253 141 255 256 145 -1 -2
141 141 141 259 259 146 147 -1 258 259 260 258 261 146 147 -1 -2
163 262 263 264 264 265 265 265 266 -1 166 177 177 153 156 182 264 164 267 -1 -2
201 268 26 270 272 -1 202 202 269 271 273 -1 -2
274 275 -1 275 276 -1 -2
277 278 279 280 281 145 150 282 245 283 284 251 285 285 -1 277 278 279 280 281 145 150 282 245 283 145 284 284 145 -1 -2
286 -1 88 -1 -2
287 288 145 289 290 291 291 292 292 293 293 294 294 295 295 296 296 297 297 298 298 299 299 300 300 301 302 304 306 308 308 310 310 312 313 313 313 21 292 291 293 293 300 300 317 305 294 295 318 297 298 299 292 291 300 300 293 293 317 317 305 294 295 289 297 298 299 320 299 299 322 323 323 325 325 325 325 325 325 331 333 335 336 337 297 339 320 320 -1 287 288 145 289 290 291 21 292 21 293 21 294 21 295 21 296 21 297 21 298 21 299 21 300 21 21 303 305 307 309 302 311 306 309 302 314 315 316 292 291 46 293 46 300 317 305 294 295 289 297 298 299 292 291 46 300 46 293 319 317 305 294 295 318 297 298 299 165 88 321 321 162 324 307 326 327 328 329 330 332 334 334 337 338 46 307 340 165 -1 -2
341 341 341 341 341 345 345 345 343 343 343 343 343 343 347 351 350 349 348 -1 342 165 343 344 267 342 344 267 346 347 348 349 350 351 352 352 352 352 352 -1 -2
353 355 356 358 359 360 361 362 364 365 365 366 367 368 -1 354 354 357 357 357 357 7 363 363 363 354 354 354 369 -1 -2
141 141 141 141 141 141 370 370 370 370 253 -1 277 280 283 370 141 141 142 143 45 283 141 -1 -2
18 20 -1 371 16 -1 -2
372 372 375 376 377 379 88 381 383 21 385 36 387 388 389 390 391 392 -1 373 374 372 377 378 378 380 382 384 384 386 384 386 384 386 384 390 393 -1 -2
146 147 -1 101 101 -1 -2
145 148 148 148 146 147 141 141 141 141 141 144 144 -1 145 142 149 150 146 147 142 143 45 144 118 282 150 -1 -2
88 394 394 -1 281 281 283 -1 -2
395 21 21 21 21 21 21 398 82 82 400 401 403 403 403 406 407 408 408 409 410 410 411 412 413 82 82 416 417 417 82 82 418 419 419 419 421 82 82 82 82 9 10 82 82 82 82 425 82 427 191 83 429 82 82 82 430 431 432 432 432 432 145 431 431 431 413 413 418 60 436 436 437 437 438 438 439 439 418 440 440 441 441 442 -1 396 397 182 163 262 164 181 165 399 21 397 402 404 402 405 402 405 402 405 405 402 405 402 402 401 414 415 165 175 341 399 88 415 88 420 178 415 415 399 415 422 423 423 88 86 88 424 426 399 428 428 428 415 429 428 415 89 145 433 320 100 434 375 320 434 145 435 431 414 415 420 178 175 341 175 341 175 341 415 192 236 415 441 442 -1 -2
443 443 444 444 445 447 448 448 449 449 450 450 451 451 452 452 297 297 453 453 454 454 455 455 317 317 317 294 294 456 456 454 454 455 455 317 317 294 294 456 456 14 14 6 6 21 21 30 30 32 50 50 51 457 457 458 458 459 459 140 140 11 11 34 33 35 36 75 75 38 38 3 15 70 461 461 59 59 5 60 60 68 69 71 74 57 57 72 39 39 41 41 77 77 78 138 79 26 26 28 462 462 463 463 7 7 9 9 10 10 73 42 42 61 62 65 66 63 64 64 67 67 40 443 443 444 444 446 447 448 448 453 453 449 449 450 450 451 451 452 452 297 297 237 237 442 441 261 261 465 465 467 467 468 468 469 469 470 470 449 449 453 453 11 11 471 471 467 467 468 468 469 469 470 470 449 449 453 453 11 11 471 471 46 111 460 460 473 237 237 442 441 261 261 466 466 14 14 6 6 21 21 21 30 30 32 50 50 51 457 457 458 458 459 459 140 140 11 11 33 35 34 36 75 75 38 38 3 15 53 53 59 59 5 60 60 68 69 70 71 74 57 57 72 39 39 41 41 77 77 78 138 79 26 26 28 462 462 463 463 7 7 9 9 10 10 73 42 42 40 61 62 65 66 63 64 64 67 67 -1 46 443 444 46 446 447 448 46 46 449 46 450 46 451 46 452 297 46 453 46 46 454 46 455 46 319 317 46 294 46 456 46 454 46 455 46 317 46 294 46 456 14 46 6 46 46 21 30 46 32 46 50 51 46 457 46 458 46 459 46 140 460 11 34 33 35 36 46 75 38 46 3 15 70 53 46 46 59 5 46 60 68 69 71 74 57 46 72 39 46 41 46 77 46 78 138 79 46 26 28 46 462 46 463 7 46 464 9 464 10 73 42 46 61 62 65 66 63 64 46 67 46 40 46 443 444 46 445 447 448 46 453 46 46 449 46 450 46 451 46 452 297 46 46 237 442 441 46 261 46 466 46 467 46 468 46 469 46 470 46 449 453 46 46 11 46 471 46 467 46 468 46 469 46 470 46 449 453 46 46 11 46 471 472 46 473 46 46 46 237 442 441 46 261 46 465 14 46 6 46 46 474 21 30 46 32 46 50 51 46 457 46 458 46 459 46 140 460 11 33 35 34 36 46 75 38 46 3 15 461 46 46 59 5 46 60 68 69 70 71 74 57 46 72 39 46 41 46 77 46 78 138 79 46 26 28 46 462 46 463 7 464 46 9 46 10 73 42 46 40 61 62 65 66 63 64 46 67 46 -1 -2
198 475 196 476 -1 2 174 196 477 -1 -2
478 196 -1 479 196 -1 -2
480 480 481 482 484 320 485 487 489 491 491 492 492 492 492 492 492 492 492 492 492 492 492 492 502 502 502 502 502 502 502 502 502 502 502 506 506 506 506 506 506 506 506 506 506 506 506 506 506 508 508 508 508 508 508 508 508 508 83 320 509 509 513 513 513 515 516 516 518 520 83 394 88 522 469 469 524 524 524 524 524 530 532 532 532 532 532 532 539 539 539 542 544 546 546 513 513 260 549 549 551 553 553 555 556 557 559 561 562 261 564 564 465 567 568 570 112 112 574 574 574 574 531 578 576 576 575 510 82 82 454 581 455 582 582 237 584 584 584 584 584 588 441 21 418 418 418 590 591 591 418 418 418 418 418 113 106 106 106 109 109 109 109 109 109 109 109 109 112 117 117 117 117 116 116 115 115 115 115 115 594 595 596 598 600 600 600 603 300 606 608 608 608 608 611 611 613 613 614 614 615 617 602 619 458 620 620 620 620 624 624 625 626 626 458 458 629 629 629 632 527 596 622 585 585 566 628 636 636 637 540 638 639 640 486 486 454 455 455 237 237 261 642 617 513 513 442 644 645 645 646 647 648 606 606 608 608 608 608 611 611 613 613 614 615 615 616 616 651 653 654 655 577 247 507 507 507 507 507 507 498 498 658 660 192 192 192 192 663 663 666 667 669 610 670 671 672 673 674 418 82 513 676 676 676 676 72 678 679 679 679 683 683 683 683 687 687 687 687 687 690 692 694 443 443 443 699 700 701 701 704 704 707 707 707 708 709 709 710 710 710 710 713 713 715 716 716 716 716 717 717 717 717 718 719 720 721 722 723 723 725 726 727 728 729 729 729 730 730 731 732 732 732 525 525 734 734 734 735 736 737 738 738 738 738 740 467 71 71 742 742 743 743 744 745 746 747 748 749 750 750 750 735 752 325 755 756 756 757 758 759 759 116 116 116 116 116 116 247 760 761 761 761 761 761 761 761 21 767 768 165 769 770 771 773 773 776 777 478 300 300 300 300 300 300 300 300 300 784 785 785 785 785 785 785 785 785 786 788 788 788 789 789 789 789 789 790 790 790 790 790 790 790 790 790 790 790 164 183 82 82 791 792 792 792 190 100 325 325 294 294 295 295 295 289 289 798 797 313 313 312 800 801 802 803 805 806 806 808 809 810 294 300 812 645 813 813 608 613 613 614 614 814 814 817 817 817 817 819 820 820 431 431 431 821 822 822 817 824 824 824 827 828 829 830 830 830 815 816 832 833 834 835 836 513 83 83 838 840 313 841 513 513 513 844 845 845 846 845 845 183 848 848 850 850 850 852 852 852 852 778 778 778 778 778 778 778 853 817 854 696 780 839 839 531 531 782 782 782 781 855 857 857 860 860 861 861 861 862 863 863 26 26 26 865 865 866 866 5 5 867 867 867 868 869 15 15 15 15 870 870 871 871 871 873 873 459 459 457 457 457 875 139 139 139 877 878 878 878 879 879 879 880 881 881 39 39 39 40 882 882 882 77 77 138 138 883 471 884 886 886 480 887 888 53 889 890 892 893 894 895 896 753 898 899 900 901 902 57 57 7 9 10 906 907 851 695 909 910 128 911 749 131 61 63 914 62 826 916 916 851 908 83 918 918 918 918 919 920 920 394 394 394 394 394 394 394 394 394 394 394 394 922 88 88 88 88 88 88 924 923 36 36 83 926 927 927 927 927 927 928 928 928 325 513 513 513 930 932 932 478 478 478 478 478 178 178 178 761 761 761 761 761 761 760 82 936 936 937 939 940 513 513 513 513 513 513 513 513 513 946 946 949 949 949 951 952 953 954 955 956 957 958 313 313 959 961 962 962 962 964 964 964 963 966 756 100 968 969 969 971 971 972 972 689 973 803 974 974 974 978 980 352 352 352 352 352 192 981 494 325 325 325 982 513 513 984 985 325 325 325 695 14 21 21 30 15 75 26 990 990 438 989 848 848 992 992 994 789 995 996 997 997 997 997 1000 1000 1000 1000 903 903 1003 1003 1003 1003 1003 1006 1006 1006 1006 1006 1006 1007 1007 1008 1008 1008 1008 1008 1009 1009 1010 1011 1011 1011 1011 1012 1013 1004 1004 1016 1016 762 762 762 763 763 763 763 763 763 763 763 765 765 330 1018 1025 1025 1027 1029 1031 1032 849 849 1033 1033 1034 1035 1035 811 811 811 1036 794 796 1023 831 331 1039 1040 1041 1041 1041 1042 1037 1043 1044 324 324 324 761 1045 1047 1049 696 696 1052 1052 1053 1045 1049 1056 1056 1056 418 418 1058 1059 1059 1059 1059 1059 1060 1060 1060 1060 1060 1060 1060 1060 1060 1060 1060 1060 400 1062 325 325 320 325 325 999 1064 1065 1066 61 63 999 101 64 1067 1068 1068 1069 1005 1005 1071 1073 1074 1074 1076 1077 1077 1077 100 63 1080 1081 1081 1082 1083 1083 1083 1085 1086 1087 1087 805 1088 1089 1089 1091 1091 1091 1091 1091 1095 1096 1096 1096 1097 1099 1100 1101 513 513 513 696 1045 1049 1047 837 837 837 837 837 837 325 325 323 323 323 323 323 327 134 905 970 970 1104 1106 1108 803 1109 1109 960 960 1112 458 1113 1113 1113 5 1115 36 36 1118 1119 1114 38 38 38 1121 1121 1121 1122 1123 1123 1124 905 75 75 75 1126 1127 1100 1128 1129 1130 1130 1131 1131 1132 1133 1134 1135 1137 858 858 859 -1 480 480 481 483 483 248 486 488 490 490 489 493 192 494 495 14 247 496 477 497 498 499 500 501 503 192 504 505 493 494 14 497 477 247 496 192 493 503 494 14 504 505 498 495 477 497 247 496 507 493 192 504 505 498 494 14 247 507 509 510 511 512 514 506 502 248 517 276 519 521 208 324 195 248 523 248 525 526 527 528 529 531 533 534 535 536 537 538 533 540 541 543 545 547 548 514 492 536 512 550 552 511 554 21 556 558 560 562 563 261 565 566 465 567 569 571 572 573 575 415 531 576 577 574 422 579 580 578 399 510 454 454 455 583 581 237 585 586 572 587 237 589 441 248 285 21 145 145 260 536 280 48 150 277 281 283 45 150 245 278 279 150 282 592 48 45 593 245 593 566 260 536 46 150 517 150 48 45 118 517 593 110 597 599 601 602 321 604 605 607 402 609 610 33 402 612 33 610 605 33 616 618 602 602 596 338 621 622 623 596 260 612 627 338 628 248 338 630 631 617 618 597 633 634 635 596 596 260 536 636 628 596 596 248 633 596 638 638 636 633 641 596 643 617 514 508 169 562 605 646 422 402 402 607 402 402 610 33 605 402 612 33 610 33 402 616 649 650 652 652 639 656 655 248 657 251 49 141 147 145 477 497 659 661 662 663 664 659 660 665 607 668 668 627 402 402 2 248 673 59 399 675 182 163 262 264 677 316 680 681 682 443 684 685 686 680 5 688 685 689 691 693 695 696 697 698 248 677 702 703 705 706 705 702 706 248 705 706 705 711 706 712 677 714 714 677 711 703 686 677 686 703 702 677 702 677 677 677 677 724 677 711 702 677 705 703 706 702 443 702 705 733 706 697 698 733 705 706 316 702 248 677 739 705 706 248 741 705 706 697 698 697 698 703 733 248 128 131 128 711 705 706 751 753 754 39 38 2 36 39 165 75 657 42 251 517 141 101 248 446 451 297 762 763 764 765 452 766 21 165 175 768 165 772 774 775 324 778 767 182 262 164 779 165 780 781 782 783 782 182 262 164 165 784 778 781 786 787 182 262 164 182 262 164 767 778 575 415 580 182 163 300 783 788 418 785 789 181 182 399 790 85 791 85 793 152 100 754 665 794 795 794 796 795 338 797 797 338 797 799 797 797 797 802 804 804 804 807 807 804 317 294 811 812 607 182 163 33 33 610 33 610 815 816 357 402 818 787 402 182 163 357 787 821 822 519 823 377 825 826 379 357 825 825 831 379 2 577 577 832 833 834 835 836 837 712 781 839 300 787 842 665 843 675 449 768 343 450 453 847 184 849 338 695 851 850 780 782 839 781 852 780 782 560 182 163 712 478 357 357 696 531 531 781 560 577 781 531 780 577 856 858 859 858 859 858 859 100 100 858 859 269 202 864 858 859 858 859 858 859 202 858 859 100 100 202 858 859 100 858 859 858 859 872 872 874 858 859 858 859 872 876 858 859 872 874 202 858 859 202 858 859 695 858 859 202 858 859 100 202 858 859 858 859 858 859 100 872 885 858 859 480 856 888 53 889 891 892 891 894 891 896 897 856 100 856 872 903 904 905 695 695 695 695 908 851 695 695 896 747 528 749 748 912 913 913 913 915 915 826 917 917 208 917 39 14 247 361 918 208 75 195 921 26 33 35 32 51 50 79 9 10 34 14 195 39 923 77 200 38 924 36 195 925 926 14 754 477 665 497 665 929 247 754 665 843 675 931 933 934 324 768 343 815 816 175 178 180 448 2 297 935 936 765 446 429 2 764 938 938 100 665 843 675 941 942 943 944 945 357 947 948 402 404 950 375 405 405 375 375 375 375 375 313 315 960 960 169 426 963 169 426 963 965 519 967 151 88 970 792 970 792 970 792 519 519 519 975 976 977 979 979 665 661 754 774 341 192 960 494 493 982 983 983 665 503 821 787 986 987 988 695 989 989 695 989 989 695 695 991 480 695 917 825 992 825 993 825 825 825 995 998 832 833 999 404 402 101 405 1001 1002 1004 1002 1005 1001 997 1004 997 835 836 802 5 1004 997 1004 997 835 975 976 1004 997 1004 1010 1007 1009 1003 405 1014 1015 947 1017 1018 1019 1020 1018 1021 332 993 1022 1018 2 1023 796 1024 1018 2 1025 1026 795 1028 1030 656 656 825 380 825 382 825 825 993 1036 783 1037 248 334 332 1022 1038 332 1038 993 402 783 1037 668 563 402 265 178 768 180 765 1046 1048 1050 1051 856 265 768 448 1054 1055 705 1057 706 779 165 343 453 447 446 812 762 182 163 262 164 1061 265 768 178 180 780 782 781 397 343 754 665 1063 754 665 1007 100 100 100 913 100 519 101 227 100 979 519 1070 804 1070 1072 85 1075 1073 1077 1078 1074 1079 100 227 424 227 885 227 519 804 1084 974 1087 804 519 519 519 357 1090 357 1090 1092 1093 1094 402 100 269 100 1098 823 823 85 665 503 675 696 1054 1055 1048 665 929 192 7 477 497 1102 323 165 324 182 163 265 377 85 905 1103 227 1105 1107 804 1107 313 289 1110 1111 712 100 1114 970 959 100 1116 1117 1114 959 1117 519 1120 979 88 100 979 88 792 1100 1116 1125 1124 1103 970 712 970 970 905 1100 227 905 85 979 905 864 1106 100 1136 27 864 970 85 -1 -2
1104 -1 489 -2
