1104 -1 1511 -1 -2
253 253 253 1411 1412 1413 1414 1415 1415 -1 188 141 1410 45 1410 1410 1287 141 141 -1 -2
147 146 -1 147 146 -1 -2
141 141 141 259 259 146 147 -1 258 259 260 258 261 146 147 -1 -2
146 147 -1 101 101 -1 -2
18 20 -1 371 16 -1 -2
286 -1 88 -1 -2
1277 1278 -1 88 1279 -1 -2
1 3 4 6 7 7 9 10 11 12 13 15 14 17 17 17 21 21 24 24 26 26 28 29 29 32 33 34 33 36 37 39 40 41 42 43 43 43 43 43 44 47 47 47 47 50 51 52 54 55 56 57 58 60 61 62 63 64 65 66 67 1169 1170 1171 1154 1155 1156 68 69 70 71 72 73 74 1280 75 76 76 77 78 79 1281 1282 1283 1284 1285 1286 1428 1428 1430 1430 1430 1432 1432 1432 1436 1436 1437 1437 1287 -1 2 3 5 6 7 8 8 8 11 13 14 15 16 18 19 20 22 23 25 23 27 26 28 30 31 32 33 34 35 36 38 39 40 41 42 13 44 45 46 47 48 44 49 45 46 50 51 53 53 53 53 57 59 60 61 62 63 64 65 66 67 1169 1170 1171 1154 1155 1156 68 69 70 71 72 73 74 1280 27 27 75 77 78 79 1281 1282 1283 1284 1285 1286 1429 1428 1431 1432 1433 1432 1434 1435 1436 1434 1429 1437 251 -1 -2
235 235 238 240 241 242 242 145 243 243 246 246 1408 1409 1409 1409 1409 1409 254 254 257 101 1265 -1 236 237 239 239 239 145 1262 145 244 245 1407 248 247 88 146 243 145 1262 255 256 145 1264 1266 -1 -2
23 137 139 -1 21 138 140 -1 -2
1162 1267 151 153 155 156 156 158 158 158 1269 161 161 161 161 162 162 162 162 162 166 1163 167 168 169 169 170 170 172 173 173 173 173 173 176 178 178 178 1164 1164 1145 179 181 182 184 185 183 183 177 177 177 177 186 186 187 1159 1159 1159 1159 -1 248 1268 152 154 154 157 154 159 160 161 161 153 160 157 155 159 163 153 164 165 158 158 158 158 165 158 166 171 173 159 163 157 174 175 177 177 179 180 178 180 1165 156 156 183 183 183 159 177 159 160 153 156 187 157 159 1165 1166 1167 1168 -1 -2
201 268 26 270 272 1154 1155 1156 -1 202 202 1153 271 273 25 25 1157 -1 -2
163 262 263 264 264 265 265 265 273 1509 266 1289 1289 1290 -1 166 177 177 153 156 182 264 164 159 344 267 1269 343 39 -1 -2
82 -1 83 -1 -2
341 341 341 341 345 345 345 343 343 343 343 343 343 343 347 351 350 1304 349 348 344 -1 344 165 343 267 344 267 165 346 347 348 349 350 351 1304 352 352 352 352 352 352 342 -1 -2
285 277 278 279 280 281 145 150 282 245 283 284 251 285 -1 145 277 278 279 280 281 145 150 282 245 283 145 284 284 -1 -2
88 88 394 394 -1 145 281 281 283 -1 -2
1260 1259 1259 25 1259 127 129 130 1257 1258 59 133 103 48 48 48 48 48 48 48 90 90 94 95 91 118 110 118 107 114 100 101 97 98 102 119 120 120 120 120 121 121 121 121 121 122 122 123 123 1273 1273 1274 124 124 125 125 126 126 88 104 106 106 106 109 109 109 109 109 109 112 112 112 113 113 113 1271 1271 1272 115 115 115 116 116 117 117 134 135 136 1275 190 84 86 -1 1261 1182 1510 1157 1251 128 128 131 128 131 132 132 89 90 91 92 93 94 95 96 91 92 92 92 45 100 46 46 114 46 89 100 98 99 45 101 45 46 108 49 45 46 118 108 49 45 46 45 46 45 46 45 45 46 45 46 45 46 89 105 107 108 104 107 110 46 108 111 104 107 46 104 114 46 104 46 104 104 114 111 104 114 104 114 104 85 85 16 1276 1270 85 87 -1 -2
237 237 442 441 261 261 466 466 1291 1292 1292 237 237 442 441 261 261 465 465 1291 1292 1292 14 14 6 6 21 21 21 30 30 32 50 50 51 457 457 458 458 459 459 140 140 11 11 34 33 35 36 75 75 38 38 3 15 70 461 461 59 59 5 60 60 68 69 71 74 1280 1280 57 57 72 39 39 41 41 77 77 78 138 79 26 26 28 462 462 463 463 7 7 9 9 10 10 73 42 42 61 62 65 66 63 64 64 67 67 40 1169 1169 1169 1170 1170 1170 1171 1182 1182 1154 1154 1155 1155 1156 1251 1251 1281 1281 1282 1282 1283 1284 1285 1285 1286 1286 1428 1428 1428 1432 1432 1432 1436 1436 1437 1437 14 14 6 6 21 21 21 30 30 32 50 50 51 457 457 458 458 459 459 140 140 11 11 33 35 34 36 75 75 38 38 3 15 53 53 59 59 5 60 60 68 69 70 71 74 1280 1280 57 57 72 39 39 41 41 77 77 78 138 79 26 26 28 462 462 463 463 7 7 9 9 10 10 73 42 42 40 61 62 65 66 63 64 64 67 67 1169 1169 1169 1170 1170 1170 1171 1182 1182 1154 1154 1155 1155 1156 1251 1281 1281 1282 1282 1283 1284 1285 1285 1286 1286 1428 1428 1428 1432 1432 1432 1436 1436 1437 1437 467 467 468 468 469 469 1223 1223 470 470 449 449 453 453 11 11 471 471 467 467 468 468 468 468 469 469 1223 1223 470 470 449 449 453 453 11 11 471 471 454 454 455 455 454 454 455 455 317 317 294 294 456 456 317 317 317 294 294 456 456 443 443 444 444 445 447 448 448 449 449 450 450 451 451 452 452 297 297 453 453 443 443 444 444 446 447 448 448 453 453 449 449 450 450 451 451 452 452 297 297 46 111 46 46 460 460 473 46 46 46 1253 1256 46 1295 1296 1454 1454 1455 1456 1457 1458 -1 46 237 442 441 46 261 46 465 1291 1292 46 46 237 442 441 46 261 46 466 1291 1292 46 14 46 6 46 46 474 21 30 46 32 46 50 51 46 457 46 458 46 459 46 140 460 11 34 33 35 36 46 75 38 46 3 15 70 53 46 46 59 5 46 60 68 69 71 74 46 1280 57 46 72 39 46 41 46 77 46 78 138 79 46 26 28 46 462 46 463 7 46 464 9 464 10 73 42 46 61 62 65 66 63 64 46 67 46 40 46 1250 1169 46 1250 1170 1171 46 1182 46 1154 46 1155 1156 1251 46 1296 1281 1296 1282 1283 1284 1296 1285 1286 46 1455 46 1428 1456 1432 1457 1436 1458 1455 1437 14 46 6 46 46 474 21 30 46 32 46 50 51 46 457 46 458 46 459 46 140 460 11 33 35 34 36 46 75 38 46 3 15 461 46 46 59 5 46 60 68 69 70 71 74 46 1280 57 46 72 39 46 41 46 77 46 78 138 79 46 26 28 46 462 46 463 7 464 46 9 46 10 73 42 46 40 61 62 65 66 63 64 46 67 46 46 1250 1169 46 1250 1170 1171 46 1182 46 1154 46 1155 1156 1251 1295 1281 1295 1282 1283 1284 1295 1285 1286 46 1454 46 1428 1454 1432 46 1436 46 1454 1437 46 467 46 468 46 469 46 1223 46 470 46 449 453 46 46 11 46 471 46 467 1256 46 468 1293 46 469 46 1223 46 470 46 449 453 46 46 11 46 471 46 454 46 455 46 454 46 455 46 317 46 294 46 456 46 319 317 46 294 46 456 46 443 444 46 446 447 448 46 46 449 46 450 46 451 46 452 297 46 453 46 46 443 444 46 445 447 448 46 453 46 46 449 46 450 46 451 46 452 297 46 472 46 1252 1253 473 46 46 1293 1254 1255 1255 46 1294 46 46 46 319 46 46 1454 1454 -1 -2
287 288 145 289 1158 291 291 292 292 293 293 294 294 295 295 296 296 297 297 298 298 299 299 300 300 1326 1326 1306 1306 608 608 614 614 1310 1310 613 613 1321 1321 302 304 21 301 306 308 308 310 310 312 313 313 313 1310 1321 292 291 293 293 300 300 317 305 294 295 318 297 298 299 1326 1306 608 608 614 1310 1310 613 1321 292 291 300 300 293 293 317 317 305 294 295 289 297 298 299 1306 608 608 614 1310 1310 613 1321 1326 323 323 1417 1417 325 325 325 325 325 325 331 333 335 336 337 1400 299 299 322 339 320 320 320 320 1160 297 -1 287 288 145 289 1158 291 21 292 21 293 21 294 21 295 21 296 21 297 21 298 21 299 21 300 21 1326 21 1306 21 608 21 614 21 1310 21 613 21 1321 21 303 305 316 21 307 309 302 311 306 309 302 314 315 1416 1416 292 291 46 293 46 300 317 305 294 295 289 297 298 299 1326 1306 46 608 614 46 1310 613 1321 292 291 46 300 46 293 319 317 305 294 295 318 297 298 299 1306 46 608 614 46 1310 613 1321 1326 162 324 1418 1419 307 326 1361 328 329 1376 332 334 334 337 338 1398 88 321 321 307 340 165 165 1159 1145 46 -1 -2
141 141 141 141 141 145 146 148 148 148 -1 142 143 45 144 118 145 147 142 149 150 -1 -2
145 148 148 148 146 147 141 141 141 141 141 144 144 -1 145 142 149 150 146 147 142 143 45 144 118 282 150 -1 -2
368 362 364 365 365 366 367 353 355 361 -1 369 363 363 363 354 354 354 354 354 7 -1 -2
672 674 418 82 736 676 676 676 676 72 678 679 679 679 683 683 683 683 687 687 687 687 687 690 692 694 443 443 443 699 1504 700 701 701 704 704 707 707 707 707 707 707 707 708 709 709 710 710 710 710 713 713 713 713 715 716 716 716 716 717 717 717 717 717 718 1403 1403 1403 719 720 721 722 723 723 725 726 1406 727 727 1245 1245 1245 728 729 729 729 730 730 731 732 732 732 734 734 734 735 1238 1247 752 752 1238 1239 1241 1234 1235 1236 737 738 738 738 738 467 71 71 744 1505 745 745 747 748 749 750 750 750 746 380 1498 1500 1501 1502 247 507 507 507 507 507 498 498 658 660 192 192 192 192 192 663 663 666 610 671 1397 1399 670 670 1400 1401 667 669 655 577 260 442 515 516 516 518 520 300 606 608 608 608 608 611 611 1390 613 613 614 614 615 1384 1214 532 532 532 532 532 532 1507 539 539 539 539 542 544 546 546 481 482 484 651 653 1382 1382 654 654 654 522 1385 1387 469 1388 1223 1223 524 524 524 524 530 513 513 513 513 513 549 549 549 549 549 551 553 553 11 11 11 555 1229 556 557 559 261 564 564 465 465 567 570 112 112 112 112 112 574 574 574 574 1226 578 576 576 575 510 82 82 454 581 455 582 582 237 584 584 584 584 584 588 441 513 492 492 492 492 492 492 492 492 492 492 492 492 492 502 502 502 502 502 502 502 502 502 502 502 506 506 506 506 506 506 506 506 506 506 506 506 506 1232 1232 1232 1232 508 508 508 508 508 508 508 508 508 402 644 645 645 646 300 647 648 667 606 606 608 608 608 608 611 611 613 613 613 614 615 615 616 616 418 418 418 418 418 418 418 1391 113 113 113 1394 1272 106 106 106 109 109 109 109 109 109 109 109 109 112 1506 117 117 117 117 117 116 116 115 115 115 115 115 594 595 418 418 418 590 320 485 487 489 491 491 617 602 619 458 620 620 620 620 1217 1217 585 585 566 628 636 636 637 540 1216 638 639 486 486 454 455 455 237 237 261 642 596 622 625 626 626 632 527 458 458 629 629 629 1161 1218 1218 1218 617 21 596 1214 598 600 600 600 603 591 591 83 320 509 509 509 1220 1220 513 513 83 1395 1395 394 922 88 88 513 1327 1327 1327 1327 1318 1333 1333 1333 1333 1329 1342 1342 1342 1344 1340 1340 1340 1348 1348 1348 984 985 844 845 845 845 845 846 845 845 183 696 1045 1049 1047 513 513 493 1172 1172 1173 1173 1173 1173 1173 1178 1180 1180 1180 1180 1180 1180 1181 1182 1154 1154 1155 1156 1183 1350 1179 1179 325 325 760 761 761 761 761 761 761 761 1211 962 962 962 964 964 964 963 513 513 513 513 513 513 513 513 513 513 513 513 513 513 513 513 513 513 352 352 352 352 352 192 1099 1309 810 294 83 83 83 926 21 766 927 927 927 927 927 928 928 928 325 294 294 295 295 295 289 289 798 1336 797 313 313 312 800 801 1306 608 614 1310 613 325 1337 1337 1113 1113 1113 1113 1475 1473 5 1115 36 36 36 1118 1119 1119 1119 1114 38 38 38 38 1121 1121 1121 1121 39 1477 1122 1478 1479 1480 1123 1123 1124 905 1126 1126 1127 1100 1128 1129 1130 1130 1131 1131 1132 1132 1133 77 1134 1134 1135 1425 1427 1338 1338 1338 1338 1338 1341 1341 1341 1341 1341 1343 1343 1343 1343 1343 1345 1345 1345 1347 1347 1347 1347 1347 1286 1286 1286 1481 1481 1481 1481 1483 1483 1483 1483 1484 1432 1432 1432 858 858 859 969 969 971 971 972 972 838 840 1317 1319 1320 1322 1323 1324 1325 613 1326 313 841 1089 1089 1091 1091 1091 1091 1091 1095 1096 1096 1096 1097 1364 946 946 949 949 949 951 1493 1493 952 953 954 955 956 957 958 958 1200 1197 1365 1366 1366 1367 1367 1367 1494 1494 1495 300 812 645 608 608 613 613 814 814 74 817 817 817 817 1311 1311 819 820 820 431 431 431 821 822 822 817 817 824 824 824 1461 1461 827 828 1313 1313 830 830 830 815 816 826 916 916 1334 1334 1378 1378 1305 1305 1305 1305 1305 1305 1305 1381 1381 1379 1379 848 848 992 992 994 789 995 996 997 997 997 997 1000 1000 1000 1000 903 903 1003 1003 1003 1003 1003 1006 1006 1006 1006 1006 1006 1007 1007 1007 1008 1008 1008 1008 1008 1009 1009 1010 1011 1011 1011 1011 1012 1013 1004 1004 1187 1187 1187 1191 1191 1191 1187 1185 1185 1185 1189 1189 1189 1189 1185 1185 1189 848 848 1300 1301 850 850 850 852 852 852 852 778 778 778 778 778 853 817 854 1308 696 1202 780 839 839 531 531 782 782 782 781 855 857 857 860 860 1203 861 861 861 862 863 863 26 26 26 865 865 866 866 5 5 867 867 867 868 869 15 15 15 15 870 870 871 871 871 871 873 873 459 459 457 457 457 139 139 139 877 1204 878 878 878 879 879 879 880 881 881 39 39 39 40 882 882 882 1487 1487 1487 1487 77 77 138 138 1244 471 884 886 886 886 886 480 745 1112 1137 888 53 889 890 892 893 894 895 896 753 898 900 901 902 57 57 7 9 10 906 907 851 695 909 910 128 911 749 131 1206 1207 1249 1488 61 61 63 914 62 1281 1281 1282 1282 1283 1283 1284 1284 1285 1285 1490 1490 1490 1432 1432 1436 1492 1492 1492 966 966 325 325 1045 1049 418 418 1058 1059 1059 1059 1059 1059 1060 1060 1060 1060 1060 1060 1060 1060 1060 1060 1060 1060 400 1062 1052 1052 1053 1056 1056 1056 1062 1062 1044 1044 324 324 324 1045 1047 1049 696 696 325 325 1360 323 323 323 323 323 1361 1362 1363 1363 134 905 970 970 1104 100 968 805 1358 1358 1358 973 803 974 974 974 974 978 980 974 974 974 974 802 1106 803 791 792 792 792 190 1101 832 833 834 1369 835 836 1470 313 313 959 961 937 939 940 767 1424 768 165 769 770 771 773 773 776 777 478 478 300 300 300 300 300 300 300 300 300 784 785 785 785 785 785 785 785 785 786 613 613 613 575 575 789 789 789 789 789 790 790 790 790 790 790 790 790 790 790 164 183 82 82 755 755 756 756 756 756 757 758 759 759 116 116 116 116 247 1192 1192 320 320 320 1193 837 837 837 837 837 837 402 981 960 960 695 14 21 21 30 15 75 26 990 438 989 513 1027 1029 1031 1032 849 849 1033 1033 1034 1035 1035 1314 1314 811 811 811 1036 648 647 1020 1038 1316 1462 334 794 796 1023 831 331 1039 1040 1041 1041 1041 1042 1037 1043 1109 1109 1496 614 614 1306 608 1307 1307 325 325 478 478 478 478 478 478 478 178 178 178 761 761 761 761 761 761 760 82 936 936 1088 1088 1087 1085 1354 1354 190 999 1355 1466 1466 1356 100 63 1080 1081 1081 1082 1083 999 1467 1068 1068 1069 1005 1071 1073 1074 1074 1076 1077 1077 1077 1064 1065 1066 61 63 999 101 64 1067 1463 1465 1465 932 932 930 325 325 325 513 494 325 325 325 982 1016 1016 762 762 762 1370 1370 1370 763 763 763 763 763 763 763 763 765 1372 1372 1372 1372 1375 1375 1376 1018 1025 1025 1025 1371 851 908 83 83 918 918 918 918 918 919 920 920 394 394 394 394 394 394 394 394 394 394 394 394 394 394 394 394 394 394 394 394 394 394 394 922 922 88 88 88 88 88 88 88 88 88 88 88 924 923 36 36 36 36 1460 480 480 -1 2 1162 59 399 702 182 163 262 264 677 316 680 681 682 443 684 685 686 680 5 688 685 689 691 1242 695 696 697 698 248 703 677 702 703 705 706 705 1402 680 702 706 1205 1243 248 705 706 705 711 706 712 677 714 1244 686 714 677 711 703 686 677 686 1402 703 702 677 1404 1405 706 702 677 677 677 677 724 677 711 1402 703 702 1402 680 703 677 705 703 706 702 443 702 705 733 706 733 705 706 751 1162 1162 1248 1488 1162 1240 1240 519 1236 1237 248 677 739 705 706 741 705 706 703 1499 733 1246 128 131 128 711 705 706 248 1497 1499 1499 380 1503 248 657 1277 49 147 145 477 497 659 661 662 663 664 659 1468 660 665 607 627 402 1398 1398 402 1398 1398 1398 668 668 656 655 536 169 248 517 276 519 521 605 607 402 609 610 33 402 612 627 33 610 605 33 616 627 1214 533 534 535 536 537 538 1508 533 540 541 1389 543 545 547 548 481 483 483 652 652 1383 1384 639 1221 1222 248 1386 1386 1216 248 1206 1224 1225 1206 1207 529 1226 514 506 502 514 492 1165 512 1167 1168 550 552 511 554 1227 1215 1228 21 1230 556 558 560 261 565 566 88 465 567 571 572 573 1227 1215 1228 575 415 1226 576 1220 574 422 1231 580 578 399 510 454 454 455 583 581 237 585 586 572 587 237 589 441 675 493 192 494 495 14 247 477 497 498 499 500 501 496 503 192 504 505 493 494 14 497 477 247 496 192 493 503 494 14 504 505 498 495 477 497 1232 507 14 247 477 497 493 192 504 505 498 494 14 247 507 402 1230 605 646 422 1230 402 402 668 607 402 402 610 33 605 402 612 402 33 610 33 402 616 649 650 280 1233 1391 48 150 277 281 150 283 1392 1393 46 283 45 150 245 278 279 150 282 592 48 45 593 245 593 565 237 566 260 536 46 150 517 150 48 45 118 517 593 110 285 21 145 145 248 486 488 490 490 489 617 602 602 596 338 621 622 623 596 260 634 635 596 596 260 536 636 628 1215 596 596 633 596 638 638 636 633 641 596 643 597 633 612 627 338 617 618 628 248 338 630 631 1218 536 260 1219 618 248 597 1215 599 601 602 321 604 260 536 509 510 1165 511 512 100 655 514 508 208 273 267 1396 1396 1396 195 675 1328 1329 1330 1331 1332 1328 1329 1330 1331 1328 1351 1352 1353 1353 1351 1352 1353 1351 1352 1353 821 787 449 768 343 1145 178 450 453 847 184 696 1054 1055 1048 665 503 202 979 519 1174 1175 493 1176 1177 1179 1175 1179 493 1176 1174 1177 1175 493 25 1179 25 1157 712 46 695 1210 754 665 446 451 297 762 763 764 765 452 1145 169 426 963 169 426 963 965 665 843 675 665 503 665 843 675 941 942 943 944 945 1194 357 665 843 675 665 661 754 774 341 192 823 823 317 294 925 402 101 926 766 999 14 754 477 665 497 665 929 247 754 794 795 794 796 795 338 797 797 797 338 797 799 797 797 797 1306 608 614 1310 1307 754 1333 1472 1473 1474 1475 1114 959 1114 100 1116 1476 1117 1114 959 1476 1117 1114 519 1476 1120 979 88 1476 100 979 88 1476 1476 792 1476 1476 1476 1100 1116 1125 1124 970 1333 970 905 1100 227 905 85 979 905 864 1327 1106 1476 1476 100 1136 1426 1426 1476 1339 1318 1340 1333 1476 1339 1318 1342 1333 1476 1339 1318 1344 1333 1476 1339 1346 1476 1339 1318 1348 1333 1476 1339 1349 1476 1339 1482 1472 1476 1339 1482 1472 25 1476 1339 1482 864 970 85 970 792 970 792 970 792 839 300 1318 1318 1321 1306 608 614 1310 613 1326 787 842 357 1090 357 1090 1092 1093 1094 402 1305 100 1153 1098 89 947 948 402 404 950 375 402 1456 405 405 375 375 375 375 375 1197 1198 375 375 375 1365 100 100 1368 375 1439 1442 811 812 607 1306 608 1310 1307 815 816 614 357 402 818 787 182 163 402 182 163 357 787 821 822 519 823 377 1312 825 826 379 826 1462 357 825 825 1303 831 379 2 577 577 915 915 826 1335 1378 1268 1267 402 1103 227 1379 85 1380 1381 402 227 402 227 825 992 825 993 825 825 825 995 998 832 833 999 404 402 101 405 1001 1002 1004 1002 1005 1001 997 1004 997 835 836 802 5 1004 1471 997 1004 997 835 1359 1471 1004 997 1004 1010 1007 1009 1003 405 1014 1015 947 1195 1001 1196 953 405 952 375 1001 948 1195 405 950 101 953 375 1197 1198 849 338 402 826 695 851 850 780 782 839 781 852 780 782 560 712 478 357 357 856 696 856 531 531 781 560 577 781 531 780 577 856 858 859 858 859 856 858 859 100 100 858 859 1153 202 864 858 859 858 859 858 859 202 858 859 100 100 202 858 859 100 858 859 858 859 872 1486 872 874 858 859 858 859 872 858 859 872 874 1205 202 858 859 202 858 859 695 858 859 202 858 859 100 202 858 859 1476 1103 970 712 858 859 858 859 1402 872 885 858 859 864 970 480 856 712 27 888 53 889 891 892 891 894 891 896 897 856 856 872 903 904 905 695 695 695 695 908 851 695 695 896 747 528 749 748 1206 1207 1249 1489 912 1267 913 913 913 858 859 858 859 858 859 858 859 858 859 1460 858 859 1460 1491 1491 1460 858 859 959 519 754 665 1054 1055 779 165 343 453 447 446 812 762 182 163 262 164 1061 265 768 1145 1164 780 782 781 397 343 265 768 448 705 1057 706 165 343 265 1209 1145 768 1164 1046 1048 1050 1051 856 1102 712 323 165 324 182 163 265 377 377 1102 712 85 905 1103 227 1105 151 88 519 979 88 1120 519 519 1359 977 1369 1470 979 979 1469 977 1369 1470 802 1107 1107 85 791 85 793 152 85 832 833 834 1369 835 836 1470 313 315 960 960 938 938 100 21 159 165 175 768 165 772 774 775 324 778 767 1208 182 262 164 779 165 780 781 782 783 782 182 262 164 165 784 778 781 786 787 182 262 164 1334 1335 182 262 164 767 778 575 415 580 300 783 613 418 785 789 1485 181 182 399 790 64 39 39 38 1212 1213 36 39 165 75 657 517 101 145 248 550 1138 1165 1159 1063 1166 665 929 192 7 477 497 402 960 1110 1111 695 989 989 695 989 989 695 695 480 695 917 837 1028 1030 656 656 825 380 825 382 825 825 993 825 993 1036 783 1037 248 402 402 1315 1315 1315 1315 1315 334 332 1022 1315 332 1315 993 402 783 1037 668 563 402 313 289 1462 33 610 33 33 33 610 754 665 324 768 343 815 816 1159 1165 175 1145 1164 448 2 297 935 936 765 446 429 2 764 1199 519 519 974 1199 1087 802 1006 802 1357 974 802 100 227 424 227 885 227 519 1007 424 979 519 1070 1070 1072 85 1075 1073 1077 1078 1074 1079 100 100 100 913 100 519 101 227 100 1464 519 1464 933 934 931 986 987 988 675 494 493 982 983 983 1017 1018 1019 1020 1018 1020 1026 1371 1021 332 993 1022 1018 2 1023 796 1372 1373 1374 1362 1375 329 1376 2 1025 1374 1026 1371 795 917 917 208 1468 917 1377 39 14 247 361 918 208 1377 75 195 921 26 33 35 32 51 50 79 9 10 1281 1282 1283 1284 1285 1429 1428 1437 61 63 1377 34 1377 14 195 39 923 77 200 1286 1435 1432 1436 38 924 1377 36 195 62 1443 480 480 -1 -2
1288 -1 188 -1 -2
418 418 418 1149 1150 1152 82 82 1146 10 9 9 418 60 60 60 60 1453 68 68 68 70 70 70 71 71 71 73 73 73 436 436 436 74 74 74 74 72 72 72 437 437 437 437 438 438 438 438 439 439 439 439 1297 1297 1297 1297 418 440 440 441 441 442 1291 1291 1292 418 419 419 419 419 421 82 82 400 1447 1447 395 21 21 21 21 21 21 398 82 82 425 82 416 417 417 82 82 427 191 83 429 82 82 82 431 431 431 413 413 418 431 432 432 432 432 430 145 1298 1298 1298 1161 1161 1161 1161 1161 1161 1161 401 401 403 403 403 406 407 408 408 409 410 410 411 412 413 82 82 82 418 418 1298 1298 1298 1448 418 418 418 418 -1 415 1147 1148 88 1151 1151 415 422 418 418 418 423 423 415 273 1289 60 60 273 1289 68 273 1289 70 273 1289 71 273 1289 73 420 1145 178 273 1289 1290 74 273 1289 72 273 1289 175 341 273 1289 175 341 273 1289 175 341 273 1289 175 341 415 192 236 415 441 442 415 1291 1292 415 88 420 1145 178 415 415 399 397 182 153 396 397 182 163 262 164 181 165 399 21 426 399 165 175 341 399 88 428 428 428 415 429 428 415 320 434 145 435 431 414 145 433 320 100 434 89 375 1299 1300 1301 1299 1300 1301 1449 1450 1451 1452 402 101 404 402 405 402 405 402 405 405 402 405 402 402 401 414 415 418 414 415 1299 1300 1301 1161 88 86 88 424 -1 -2
383 21 385 36 387 388 389 390 391 392 376 377 377 379 1303 1303 1303 88 381 372 372 375 -1 384 384 386 384 386 384 386 384 390 393 377 378 1302 378 378 1302 379 380 382 373 374 372 -1 -2
219 220 274 275 475 478 476 195 214 224 225 195 226 195 212 212 230 230 230 229 231 231 231 233 216 216 218 1422 222 222 195 1430 1444 1445 1446 1420 189 193 193 191 1441 198 1139 478 478 478 478 478 199 201 203 203 203 207 209 209 1428 1440 1440 -1 220 221 275 276 174 1139 477 222 223 223 222 225 223 190 227 228 1142 1143 1144 230 232 229 224 231 233 231 234 1423 1443 1439 1443 1444 1445 1446 1442 1421 190 194 195 192 1442 2 1141 1138 1139 1438 273 267 200 202 204 205 206 208 27 210 1439 273 1163 -1 -2
1431 1433 1434 1435 -1 1429 1459 1443 1429 -2
