1 -1 2 -1 -2
3 -1 4 -1 -2
3 -1 2 -1 -2
5 -1 2 -1 -2
6 -1 2 -1 -2
3 -1 2 -1 -2
1 -1 4 -1 -2
1 -1 2 -1 -2
3 -1 2 -1 -2
7 -1 2 -1 -2
8 -1 4 -1 -2
8 -1 2 -1 -2
3 -1 4 -1 -2
3 -1 2 -1 -2
3 -1 2 -1 -2
9 -1 10 -1 -2
9 -1 2 -1 -2
11 -1 2 -1 -2
12 13 -1 4 -1 -2
12 13 -1 2 -1 -2
14 -1 2 -1 -2
1 -1 4 -1 -2
1 -1 2 -1 -2
1 -1 4 -1 -2
1 -1 2 -1 -2
15 -1 2 -1 -2
6 -1 16 -1 -2
6 -1 2 -1 -2
17 -1 2 -1 -2
18 -1 16 -1 -2
18 -1 2 -1 -2
12 -1 2 -1 -2
3 -1 2 -1 -2
3 -1 2 -1 -2
19 -1 2 -1 -2
3 -1 20 -1 -2
3 -1 2 -1 -2
1 -1 2 -1 -2
1 -1 2 -1 -2
8 -1 21 -1 -2
8 -1 2 -1 -2
3 -1 4 -1 -2
3 -1 2 -1 -2
22 -1 16 -1 -2
22 -1 2 -1 -2
22 -1 2 -1 -2
23 -1 2 -1 -2
5 -1 16 -1 -2
5 -1 2 -1 -2
24 -1 16 -1 -2
24 -1 2 -1 -2
17 -1 16 -1 -2
17 -1 2 -1 -2
12 -1 16 -1 -2
12 -1 2 -1 -2
3 -1 4 -1 -2
3 -1 2 -1 -2
3 -1 4 -1 -2
3 -1 2 -1 -2
3 -1 4 -1 -2
3 -1 2 -1 -2
3 -1 2 -1 -2
3 -1 4 -1 -2
3 -1 2 -1 -2
1 -1 4 -1 -2
1 -1 2 -1 -2
1 -1 4 -1 -2
1 -1 2 -1 -2
