85 -1 4 -1 -2
85 -1 2 -1 -2
8 -1 16 -1 -2
8 -1 2 -1 -2
25 -1 4 -1 -2
8 8 -1 55 -1 -2
8 -1 20 -1 -2
86 -1 16 -1 -2
86 -1 2 -1 -2
60 -1 16 -1 -2
60 -1 2 -1 -2
47 -1 16 -1 -2
47 -1 2 -1 -2
8 -1 2 -1 -2
8 -1 2 -1 -2
18 -1 16 -1 -2
18 -1 2 -1 -2
36 -1 16 -1 -2
36 -1 2 -1 -2
38 -1 16 -1 -2
38 -1 2 -1 -2
47 -1 16 -1 -2
47 -1 2 -1 -2
30 -1 63 -1 -2
30 -1 2 -1 -2
36 -1 16 -1 -2
36 -1 2 -1 -2
7 -1 16 -1 -2
7 -1 2 -1 -2
84 -1 16 -1 -2
84 -1 2 -1 -2
87 -1 2 -1 -2
56 -1 16 -1 -2
56 -1 2 -1 -2
36 -1 2 -1 -2
6 -1 4 -1 -2
6 -1 2 -1 -2
88 -1 4 -1 -2
70 -1 16 -1 -2
70 -1 2 -1 -2
89 -1 20 -1 -2
89 -1 2 -1 -2
31 -1 2 -1 -2
25 -1 4 -1 -2
25 -1 2 -1 -2
90 -1 2 -1 -2
8 -1 2 -1 -2
8 -1 20 -1 -2
8 -1 2 -1 -2
8 -1 2 -1 -2
30 -1 63 -1 -2
30 -1 2 -1 -2
8 8 -1 91 -1 -2
8 8 -1 2 -1 -2
8 -1 16 -1 -2
8 -1 55 -1 -2
8 8 -1 20 -1 -2
8 -1 38 -1 -2
8 -1 20 -1 -2
8 -1 63 -1 -2
8 -1 2 -1 -2
8 -1 2 -1 -2
8 -1 2 -1 -2
92 -1 16 -1 -2
92 -1 2 -1 -2
50 -1 20 -1 -2
70 -1 4 -1 -2
70 -1 2 -1 -2
93 -1 20 -1 -2
30 -1 2 -1 -2
30 -1 94 -1 -2
8 -1 20 -1 -2
12 -1 16 -1 -2
12 -1 2 -1 -2
37 -1 16 -1 -2
37 -1 2 -1 -2
95 -1 20 -1 -2
95 -1 2 -1 -2
93 -1 20 -1 -2
96 -1 16 -1 -2
96 -1 2 -1 -2
68 -1 16 -1 -2
70 -1 4 -1 -2
70 -1 2 -1 -2
71 -1 2 -1 -2
70 -1 4 -1 -2
70 -1 2 -1 -2
25 -1 4 -1 -2
25 -1 2 -1 -2
8 -1 2 -1 -2
97 -1 2 -1 -2
70 -1 16 -1 -2
70 -1 2 -1 -2
98 -1 63 -1 -2
98 -1 2 -1 -2
92 -1 20 -1 -2
92 -1 2 -1 -2
71 -1 20 -1 -2
71 -1 91 -1 -2
71 -1 2 -1 -2
71 -1 2 -1 -2
50 -1 2 -1 -2
50 -1 2 -1 -2
50 -1 2 -1 -2
71 -1 20 -1 -2
12 -1 16 -1 -2
12 -1 2 -1 -2
99 -1 2 -1 -2
30 -1 2 -1 -2
100 -1 91 -1 -2
100 -1 2 -1 -2
71 -1 20 -1 -2
30 -1 2 -1 -2
30 -1 94 -1 -2
30 -1 2 -1 -2
13 -1 4 -1 -2
13 -1 2 -1 -2
13 -1 4 -1 -2
13 -1 2 -1 -2
48 -1 2 -1 -2
101 -1 2 -1 -2
34 -1 4 -1 -2
34 -1 2 -1 -2
34 -1 94 -1 -2
12 -1 16 -1 -2
12 -1 2 -1 -2
102 -1 16 -1 -2
102 -1 2 -1 -2
97 -1 16 -1 -2
97 -1 2 -1 -2
52 -1 2 -1 -2
52 -1 16 -1 -2
52 -1 2 -1 -2
52 -1 16 -1 -2
52 -1 2 -1 -2
52 -1 2 -1 -2
103 -1 2 -1 -2
38 -1 83 -1 -2
38 -1 2 -1 -2
30 -1 20 -1 -2
30 -1 2 -1 -2
18 -1 2 -1 -2
7 -1 2 -1 -2
7 -1 2 -1 -2
7 43 -1 2 -1 -2
7 -1 2 -1 -2
7 43 -1 2 -1 -2
7 -1 2 -1 -2
1 -1 4 -1 -2
1 -1 2 -1 -2
71 -1 20 -1 -2
71 -1 2 -1 -2
3 -1 20 -1 -2
3 -1 2 -1 -2
12 -1 16 -1 -2
12 -1 2 -1 -2
14 -1 2 -1 -2
43 -1 16 -1 -2
43 -1 2 -1 -2
43 -1 16 -1 -2
43 -1 2 -1 -2
43 -1 2 -1 -2
43 -1 20 -1 -2
43 -1 2 -1 -2
43 -1 2 -1 -2
43 -1 2 -1 -2
43 -1 2 -1 -2
43 -1 16 -1 -2
43 -1 2 -1 -2
43 -1 2 -1 -2
43 -1 2 -1 -2
43 -1 10 -1 -2
43 -1 2 -1 -2
43 -1 2 -1 -2
43 -1 20 -1 -2
43 -1 2 -1 -2
43 -1 20 -1 -2
43 -1 2 -1 -2
43 -1 16 -1 -2
43 -1 2 -1 -2
43 -1 2 -1 -2
43 -1 2 -1 -2
43 -1 20 -1 -2
43 -1 2 -1 -2
43 -1 16 -1 -2
43 -1 2 -1 -2
71 -1 16 -1 -2
71 -1 2 -1 -2
104 -1 2 -1 -2
104 -1 2 -1 -2
36 -1 16 -1 -2
36 -1 2 -1 -2
7 -1 16 -1 -2
7 -1 2 -1 -2
8 -1 16 -1 -2
8 -1 2 -1 -2
8 -1 20 -1 -2
8 -1 2 -1 -2
3 -1 16 -1 -2
3 -1 2 -1 -2
15 -1 16 -1 -2
15 -1 91 -1 -2
15 -1 2 -1 -2
102 -1 2 -1 -2
45 -1 16 -1 -2
45 -1 2 -1 -2
90 -1 4 -1 -2
90 -1 2 -1 -2
38 -1 20 -1 -2
38 -1 2 -1 -2
56 -1 16 -1 -2
56 -1 2 -1 -2
38 -1 2 -1 -2
38 -1 2 -1 -2
38 -1 16 -1 -2
38 -1 2 -1 -2
38 -1 2 -1 -2
38 -1 2 -1 -2
38 -1 20 -1 -2
38 -1 2 -1 -2
38 -1 16 -1 -2
38 -1 2 -1 -2
38 -1 20 -1 -2
38 -1 2 -1 -2
38 -1 2 -1 -2
38 -1 2 -1 -2
58 -1 2 -1 -2
58 -1 2 -1 -2
59 -1 16 -1 -2
59 -1 2 -1 -2
59 -1 16 -1 -2
59 -1 2 -1 -2
59 -1 2 -1 -2
97 -1 2 -1 -2
97 -1 16 -1 -2
97 -1 2 -1 -2
104 -1 20 -1 -2
104 -1 2 -1 -2
38 -1 2 -1 -2
40 -1 2 -1 -2
105 -1 16 -1 -2
105 -1 2 -1 -2
38 -1 20 -1 -2
38 -1 2 -1 -2
71 -1 20 -1 -2
71 -1 2 -1 -2
71 -1 2 -1 -2
65 -1 20 -1 -2
68 -1 2 -1 -2
81 -1 2 -1 -2
50 -1 106 -1 -2
50 -1 2 -1 -2
50 -1 107 -1 -2
64 -1 20 -1 -2
64 -1 2 -1 -2
64 -1 2 -1 -2
64 -1 2 -1 -2
44 -1 20 -1 -2
18 -1 20 -1 -2
18 -1 2 -1 -2
18 -1 2 -1 -2
18 -1 2 -1 -2
71 -1 2 -1 -2
71 -1 20 -1 -2
71 -1 2 -1 -2
65 -1 20 -1 -2
65 -1 2 -1 -2
65 -1 2 -1 -2
50 -1 2 -1 -2
108 -1 16 -1 -2
108 -1 2 -1 -2
71 -1 20 -1 -2
71 -1 2 -1 -2
71 -1 2 -1 -2
71 -1 20 -1 -2
30 -1 16 -1 -2
30 -1 2 -1 -2
109 -1 2 -1 -2
109 110 -1 2 -1 -2
44 -1 2 -1 -2
71 -1 111 -1 -2
71 -1 2 -1 -2
71 -1 2 -1 -2
71 -1 2 -1 -2
66 -1 20 -1 -2
66 -1 2 -1 -2
66 -1 94 -1 -2
66 -1 2 -1 -2
71 -1 20 -1 -2
71 -1 2 -1 -2
71 -1 2 -1 -2
33 -1 16 -1 -2
33 -1 2 -1 -2
33 -1 16 -1 -2
33 -1 2 -1 -2
33 -1 16 -1 -2
33 -1 2 -1 -2
33 -1 2 -1 -2
33 -1 20 -1 -2
33 -1 2 -1 -2
30 -1 16 -1 -2
30 -1 2 -1 -2
45 -1 2 -1 -2
104 -1 2 -1 -2
71 -1 20 -1 -2
71 -1 2 -1 -2
81 -1 2 -1 -2
112 -1 2 -1 -2
113 -1 2 -1 -2
8 -1 20 -1 -2
8 -1 2 -1 -2
93 -1 63 -1 -2
93 -1 2 -1 -2
81 -1 16 -1 -2
81 -1 2 -1 -2
30 -1 2 -1 -2
93 -1 2 -1 -2
8 -1 20 -1 -2
114 -1 16 -1 -2
114 -1 2 -1 -2
12 -1 16 -1 -2
12 -1 2 -1 -2
97 -1 16 -1 -2
97 -1 2 -1 -2
109 -1 16 -1 -2
109 -1 2 -1 -2
8 -1 16 -1 -2
8 -1 20 -1 -2
8 -1 2 -1 -2
47 -1 16 -1 -2
47 -1 2 -1 -2
8 -1 2 -1 -2
115 -1 16 -1 -2
115 -1 2 -1 -2
30 -1 2 -1 -2
48 -1 16 -1 -2
48 -1 2 -1 -2
18 -1 16 -1 -2
18 -1 2 -1 -2
7 -1 16 -1 -2
7 -1 2 -1 -2
70 -1 2 -1 -2
43 -1 2 -1 -2
45 -1 16 -1 -2
45 -1 2 -1 -2
30 -1 16 -1 -2
30 -1 2 -1 -2
18 -1 2 -1 -2
15 -1 63 -1 -2
15 -1 2 -1 -2
81 -1 16 -1 -2
81 -1 2 -1 -2
36 -1 16 -1 -2
36 -1 2 -1 -2
30 -1 16 -1 -2
30 -1 2 -1 -2
116 -1 16 -1 -2
116 -1 2 -1 -2
8 -1 16 -1 -2
52 -1 16 -1 -2
52 -1 2 -1 -2
84 -1 16 -1 -2
84 -1 2 -1 -2
73 -1 20 -1 -2
73 -1 2 -1 -2
58 -1 20 -1 -2
71 -1 2 -1 -2
97 -1 20 -1 -2
25 -1 4 -1 -2
25 -1 2 -1 -2
18 -1 16 -1 -2
18 -1 2 -1 -2
114 -1 16 -1 -2
114 -1 2 -1 -2
3 -1 4 -1 -2
38 -1 20 -1 -2
18 -1 2 -1 -2
12 -1 2 -1 -2
97 -1 16 -1 -2
97 -1 2 -1 -2
117 -1 16 -1 -2
117 -1 2 -1 -2
77 -1 20 -1 -2
77 -1 2 -1 -2
118 -1 16 -1 -2
118 -1 2 -1 -2
119 -1 20 -1 -2
119 -1 2 -1 -2
109 -1 16 -1 -2
109 -1 2 -1 -2
45 -1 2 -1 -2
12 -1 16 -1 -2
12 -1 2 -1 -2
120 -1 20 -1 -2
120 -1 2 -1 -2
22 -1 16 -1 -2
22 -1 2 -1 -2
8 -1 20 -1 -2
121 -1 4 -1 -2
121 -1 2 -1 -2
5 -1 16 -1 -2
5 -1 2 -1 -2
102 -1 16 -1 -2
102 -1 2 -1 -2
43 -1 20 -1 -2
43 -1 2 -1 -2
27 -1 16 -1 -2
27 -1 2 -1 -2
122 -1 123 -1 -2
25 -1 4 -1 -2
25 -1 2 -1 -2
25 -1 4 -1 -2
25 -1 2 -1 -2
40 -1 2 -1 -2
25 -1 4 -1 -2
25 -1 2 -1 -2
8 -1 20 -1 -2
8 -1 2 -1 -2
8 -1 2 -1 -2
8 -1 2 -1 -2
8 -1 2 -1 -2
8 -1 2 -1 -2
8 -1 20 -1 -2
8 -1 2 -1 -2
8 -1 2 -1 -2
8 -1 2 -1 -2
8 -1 20 -1 -2
8 -1 16 -1 -2
8 -1 2 -1 -2
8 -1 20 -1 -2
8 -1 20 -1 -2
8 -1 2 -1 -2
80 -1 16 -1 -2
80 -1 2 -1 -2
8 -1 2 -1 -2
8 -1 2 -1 -2
8 -1 2 -1 -2
