8 -1 63 -1 -2
8 -1 2 -1 -2
8 -1 2 -1 -2
97 -1 2 -1 -2
8 -1 2 -1 -2
35 -1 2 -1 -2
35 -1 4 -1 -2
35 -1 2 -1 -2
8 -1 55 -1 -2
8 -1 20 -1 -2
8 -1 10 -1 -2
8 -1 55 -1 -2
8 -1 2 -1 -2
8 -1 20 -1 -2
8 -1 4 -1 -2
8 -1 2 -1 -2
8 -1 20 -1 -2
8 -1 124 -1 -2
8 -1 83 -1 -2
8 -1 20 -1 -2
8 -1 107 -1 -2
8 -1 38 -1 -2
25 -1 20 -1 -2
8 -1 2 -1 -2
12 -1 63 -1 -2
12 -1 16 -1 -2
12 -1 125 -1 -2
12 -1 111 -1 -2
12 -1 2 -1 -2
8 -1 2 -1 -2
126 -1 2 -1 -2
8 -1 20 -1 -2
97 -1 16 -1 -2
8 -1 2 -1 -2
8 -1 20 -1 -2
8 -1 4 -1 -2
8 -1 2 -1 -2
127 -1 4 -1 -2
93 -1 83 -1 -2
93 -1 20 -1 -2
128 -1 2 -1 -2
8 -1 2 -1 -2
8 -1 20 -1 -2
129 -1 4 -1 -2
8 -1 2 -1 -2
98 -1 63 -1 -2
98 -1 16 -1 -2
98 -1 2 -1 -2
8 -1 20 -1 -2
130 -1 20 -1 -2
130 -1 94 -1 -2
3 -1 106 -1 -2
131 -1 4 -1 -2
131 -1 2 -1 -2
131 -1 4 -1 -2
131 -1 2 -1 -2
34 -1 4 -1 -2
34 -1 2 -1 -2
34 -1 2 -1 -2
34 -1 4 -1 -2
103 -1 20 -1 -2
18 -1 38 -1 -2
56 -1 20 -1 -2
56 -1 91 -1 -2
12 -1 2 -1 -2
43 -1 2 -1 -2
38 -1 38 -1 -2
38 -1 20 -1 -2
38 -1 38 -1 -2
8 -1 20 -1 -2
8 -1 20 -1 -2
8 -1 20 -1 -2
8 -1 91 -1 -2
8 -1 20 -1 -2
8 -1 4 -1 -2
8 -1 4 -1 -2
8 -1 2 -1 -2
8 -1 63 -1 -2
8 -1 2 -1 -2
8 -1 20 -1 -2
8 -1 16 -1 -2
132 -1 4 -1 -2
133 -1 63 -1 -2
133 -1 2 -1 -2
8 -1 16 -1 -2
8 -1 20 -1 -2
134 -1 20 -1 -2
8 -1 2 -1 -2
8 -1 2 -1 -2
8 -1 135 -1 -2
8 -1 20 -1 -2
38 -1 38 -1 -2
8 -1 20 -1 -2
136 -1 83 -1 -2
136 -1 20 -1 -2
136 -1 91 -1 -2
71 -1 16 -1 -2
12 -1 63 -1 -2
12 -1 2 -1 -2
93 -1 2 -1 -2
8 -1 20 -1 -2
8 -1 4 -1 -2
8 -1 111 -1 -2
8 -1 20 -1 -2
