8 -1 20 -1 -2
8 -1 16 -1 -2
8 -1 111 -1 -2
8 -1 16 -1 -2
8 -1 20 -1 -2
8 -1 20 -1 -2
3 -1 38 -1 -2
3 -1 106 -1 -2
137 -1 20 -1 -2
93 -1 20 -1 -2
136 -1 83 -1 -2
93 -1 16 -1 -2
8 -1 2 -1 -2
8 -1 125 -1 -2
93 -1 20 -1 -2
25 -1 4 -1 -2
35 -1 20 -1 -2
35 -1 111 -1 -2
35 -1 2 -1 -2
8 -1 4 -1 -2
8 -1 2 -1 -2
138 -1 2 -1 -2
8 -1 16 -1 -2
8 -1 91 -1 -2
139 -1 16 -1 -2
38 -1 20 -1 -2
8 -1 83 -1 -2
8 -1 20 -1 -2
8 -1 91 -1 -2
8 -1 83 -1 -2
8 -1 38 -1 -2
8 -1 20 -1 -2
8 -1 10 -1 -2
8 -1 140 -1 -2
8 -1 16 -1 -2
8 -1 111 -1 -2
8 -1 83 -1 -2
8 -1 20 -1 -2
8 -1 125 -1 -2
8 -1 107 -1 -2
97 -1 16 -1 -2
8 -1 20 -1 -2
8 -1 111 -1 -2
8 -1 2 -1 -2
50 -1 63 -1 -2
8 -1 2 -1 -2
25 -1 20 -1 -2
8 -1 111 -1 -2
8 -1 20 -1 -2
141 -1 4 -1 -2
141 -1 20 -1 -2
136 -1 83 -1 -2
136 -1 20 -1 -2
136 -1 91 -1 -2
8 -1 2 -1 -2
25 -1 2 -1 -2
8 -1 16 -1 -2
8 -1 16 -1 -2
133 -1 2 -1 -2
142 -1 16 -1 -2
142 -1 91 -1 -2
93 -1 20 -1 -2
8 -1 4 -1 -2
8 -1 16 -1 -2
8 -1 16 -1 -2
8 -1 20 -1 -2
3 -1 16 -1 -2
3 -1 16 -1 -2
103 -1 20 -1 -2
103 -1 106 -1 -2
103 -1 2 -1 -2
3 -1 16 -1 -2
73 -1 20 -1 -2
31 -1 20 -1 -2
31 -1 94 -1 -2
18 -1 20 -1 -2
7 -1 16 -1 -2
72 -1 2 -1 -2
3 -1 20 -1 -2
3 -1 20 -1 -2
8 -1 20 -1 -2
38 -1 16 -1 -2
38 -1 38 -1 -2
38 -1 20 -1 -2
38 -1 20 -1 -2
38 -1 2 -1 -2
59 -1 2 -1 -2
143 -1 38 -1 -2
72 -1 20 -1 -2
113 -1 16 -1 -2
8 -1 91 -1 -2
8 -1 20 -1 -2
8 -1 16 -1 -2
8 -1 2 -1 -2
8 -1 4 -1 -2
8 -1 2 -1 -2
93 -1 20 -1 -2
8 -1 2 -1 -2
144 -1 16 -1 -2
144 -1 111 -1 -2
145 -1 2 -1 -2
26 -1 16 -1 -2
8 -1 4 -1 -2
8 -1 2 -1 -2
8 -1 2 -1 -2
7 -1 20 -1 -2
8 -1 4 -1 -2
8 -1 2 -1 -2
8 -1 2 -1 -2
12 -1 20 -1 -2
8 -1 125 -1 -2
8 -1 10 -1 -2
8 -1 16 -1 -2
8 -1 16 -1 -2
8 -1 38 -1 -2
26 -1 16 -1 -2
26 -1 2 -1 -2
26 -1 146 -1 -2
118 -1 16 -1 -2
118 -1 111 -1 -2
118 -1 2 -1 -2
8 -1 2 -1 -2
8 -1 16 -1 -2
8 -1 147 -1 -2
8 -1 20 -1 -2
8 -1 91 -1 -2
8 -1 2 -1 -2
3 -1 20 -1 -2
38 -1 2 -1 -2
8 -1 2 -1 -2
50 -1 16 -1 -2
8 -1 2 -1 -2
8 -1 2 -1 -2
8 -1 20 -1 -2
8 -1 16 -1 -2
8 -1 20 -1 -2
8 -1 2 -1 -2
8 -1 16 -1 -2
8 -1 91 -1 -2
8 -1 4 -1 -2
8 -1 2 -1 -2
8 -1 2 -1 -2
8 -1 2 -1 -2
8 -1 111 -1 -2
8 -1 16 -1 -2
8 -1 2 -1 -2
30 -1 2 -1 -2
