3 -1 38 -1 -2
3 -1 20 -1 -2
3 -1 20 -1 -2
148 -1 20 -1 -2
93 -1 20 -1 -2
93 -1 91 -1 -2
25 -1 4 -1 -2
25 -1 2 -1 -2
149 -1 20 -1 -2
93 -1 124 -1 -2
93 -1 20 -1 -2
38 -1 20 -1 -2
72 -1 4 -1 -2
72 -1 2 -1 -2
3 -1 111 -1 -2
3 -1 2 -1 -2
25 -1 4 -1 -2
25 -1 4 -1 -2
150 -1 20 -1 -2
8 -1 16 -1 -2
8 -1 4 -1 -2
8 -1 2 -1 -2
136 -1 4 -1 -2
136 -1 2 -1 -2
151 -1 124 -1 -2
151 -1 38 -1 -2
151 -1 20 -1 -2
8 -1 38 -1 -2
8 -1 91 -1 -2
56 -1 20 -1 -2
109 -1 111 -1 -2
141 -1 111 -1 -2
141 -1 2 -1 -2
93 -1 16 -1 -2
93 -1 20 -1 -2
142 -1 2 -1 -2
8 -1 16 -1 -2
8 -1 125 -1 -2
152 -1 4 -1 -2
152 -1 2 -1 -2
93 -1 16 -1 -2
3 -1 16 -1 -2
72 -1 20 -1 -2
72 -1 94 -1 -2
93 -1 20 -1 -2
93 -1 106 -1 -2
144 -1 20 -1 -2
34 -1 16 -1 -2
34 -1 2 -1 -2
93 -1 20 -1 -2
93 -1 38 -1 -2
93 -1 55 -1 -2
93 -1 106 -1 -2
136 -1 16 -1 -2
136 -1 20 -1 -2
93 -1 20 -1 -2
130 -1 83 -1 -2
130 -1 106 -1 -2
130 -1 153 -1 -2
154 -1 4 -1 -2
154 -1 2 -1 -2
108 -1 4 -1 -2
97 -1 16 -1 -2
97 -1 91 -1 -2
155 -1 2 -1 -2
8 -1 2 -1 -2
8 -1 2 -1 -2
156 -1 20 -1 -2
156 -1 94 -1 -2
93 -1 16 -1 -2
8 -1 2 -1 -2
60 -1 20 -1 -2
60 -1 107 -1 -2
157 -1 16 -1 -2
93 -1 20 -1 -2
8 -1 16 -1 -2
8 -1 20 -1 -2
8 -1 91 -1 -2
93 -1 20 -1 -2
73 -1 38 -1 -2
73 -1 106 -1 -2
158 -1 20 -1 -2
8 -1 4 -1 -2
8 8 -1 21 -1 -2
8 8 -1 2 -1 -2
8 -1 107 -1 -2
159 -1 16 -1 -2
93 -1 16 -1 -2
93 -1 16 -1 -2
93 -1 55 -1 -2
93 -1 16 -1 -2
93 -1 20 -1 -2
50 -1 20 -1 -2
93 -1 20 -1 -2
93 -1 20 -1 -2
93 -1 16 -1 -2
93 -1 20 -1 -2
8 -1 135 -1 -2
8 -1 20 -1 -2
8 -1 123 -1 -2
8 -1 147 -1 -2
8 -1 4 -1 -2
8 -1 20 -1 -2
8 -1 94 -1 -2
160 -1 20 -1 -2
109 -1 83 -1 -2
161 -1 16 -1 -2
