3 -1 20 -1 -2
8 -1 125 -1 -2
8 -1 147 -1 -2
8 -1 162 -1 -2
163 -1 4 -1 -2
130 -1 38 -1 -2
130 -1 10 -1 -2
130 -1 55 -1 -2
130 -1 106 -1 -2
130 -1 107 -1 -2
8 -1 164 -1 -2
8 -1 20 -1 -2
8 -1 94 -1 -2
8 -1 111 -1 -2
8 -1 91 -1 -2
8 -1 16 -1 -2
8 -1 20 -1 -2
8 -1 38 -1 -2
3 -1 38 -1 -2
3 -1 20 -1 -2
136 -1 4 -1 -2
136 -1 2 -1 -2
148 -1 20 -1 -2
148 -1 91 -1 -2
8 -1 16 -1 -2
8 -1 2 -1 -2
8 -1 20 -1 -2
8 -1 147 -1 -2
151 -1 20 -1 -2
8 -1 4 -1 -2
3 -1 2 -1 -2
8 -1 2 -1 -2
165 -1 38 -1 -2
165 -1 20 -1 -2
93 -1 20 -1 -2
8 -1 94 -1 -2
166 -1 38 -1 -2
163 -1 4 -1 -2
163 -1 2 -1 -2
136 -1 4 -1 -2
136 -1 2 -1 -2
56 -1 16 -1 -2
40 -1 10 -1 -2
40 -1 2 -1 -2
151 -1 20 -1 -2
167 -1 20 -1 -2
136 -1 4 -1 -2
136 -1 2 -1 -2
8 -1 16 -1 -2
8 -1 91 -1 -2
8 -1 16 -1 -2
8 -1 20 -1 -2
168 -1 16 -1 -2
122 -1 4 -1 -2
122 -1 2 -1 -2
30 -1 16 -1 -2
8 -1 16 -1 -2
8 -1 2 -1 -2
8 -1 16 -1 -2
8 -1 2 -1 -2
8 -1 2 -1 -2
8 -1 16 -1 -2
8 -1 2 -1 -2
8 -1 63 -1 -2
8 -1 125 -1 -2
8 -1 10 -1 -2
8 -1 20 -1 -2
8 -1 20 -1 -2
8 -1 20 -1 -2
8 -1 38 -1 -2
8 -1 20 -1 -2
8 -1 20 -1 -2
8 -1 16 -1 -2
8 -1 16 -1 -2
8 -1 147 -1 -2
8 -1 91 -1 -2
8 -1 135 -1 -2
8 -1 20 -1 -2
8 -1 147 -1 -2
169 -1 16 -1 -2
8 8 -1 16 -1 -2
8 8 -1 147 -1 -2
8 8 -1 91 -1 -2
8 -1 2 -1 -2
8 -1 135 -1 -2
8 -1 147 -1 -2
8 -1 16 -1 -2
8 -1 91 -1 -2
8 -1 38 -1 -2
8 -1 20 -1 -2
8 -1 2 -1 -2
8 -1 16 -1 -2
8 -1 147 -1 -2
8 -1 91 -1 -2
8 -1 83 -1 -2
8 -1 20 -1 -2
93 -1 16 -1 -2
93 -1 20 -1 -2
93 -1 10 -1 -2
170 -1 20 -1 -2
44 -1 10 -1 -2
44 -1 55 -1 -2
44 -1 140 -1 -2
93 -1 55 -1 -2
93 -1 106 -1 -2
93 -1 107 -1 -2
93 -1 55 -1 -2
93 -1 106 -1 -2
93 -1 153 -1 -2
136 -1 20 -1 -2
136 -1 20 -1 -2
136 -1 91 -1 -2
93 -1 20 -1 -2
8 -1 83 -1 -2
8 -1 125 -1 -2
171 -1 4 -1 -2
171 -1 2 -1 -2
8 -1 16 -1 -2
8 -1 4 -1 -2
8 -1 2 -1 -2
8 -1 20 -1 -2
8 -1 91 -1 -2
93 -1 20 -1 -2
141 -1 147 -1 -2
5 -1 4 -1 -2
8 -1 83 -1 -2
8 -1 38 -1 -2
8 -1 16 -1 -2
8 -1 16 -1 -2
8 -1 38 -1 -2
8 -1 20 -1 -2
8 -1 111 -1 -2
25 -1 16 -1 -2
8 -1 20 -1 -2
8 -1 111 -1 -2
8 -1 4 -1 -2
8 -1 125 -1 -2
8 -1 2 -1 -2
8 -1 2 -1 -2
8 -1 20 -1 -2
8 -1 147 -1 -2
93 -1 38 -1 -2
93 -1 20 -1 -2
8 -1 4 -1 -2
8 -1 91 -1 -2
142 -1 20 -1 -2
8 -1 16 -1 -2
8 -1 147 -1 -2
93 -1 2 -1 -2
8 -1 4 -1 -2
8 -1 2 -1 -2
141 -1 125 -1 -2
141 -1 111 -1 -2
8 -1 20 -1 -2
8 -1 91 -1 -2
8 -1 16 -1 -2
8 -1 16 -1 -2
8 -1 83 -1 -2
8 -1 38 -1 -2
8 -1 83 -1 -2
8 -1 16 -1 -2
8 -1 125 -1 -2
25 -1 4 -1 -2
25 -1 4 -1 -2
25 -1 2 -1 -2
8 -1 16 -1 -2
8 -1 16 -1 -2
8 -1 38 -1 -2
8 -1 2 -1 -2
8 -1 16 -1 -2
8 -1 111 -1 -2
8 -1 63 -1 -2
8 -1 125 -1 -2
8 -1 16 -1 -2
8 -1 16 -1 -2
8 -1 16 -1 -2
8 -1 38 -1 -2
8 -1 20 -1 -2
172 -1 4 -1 -2
172 -1 2 -1 -2
173 -1 20 -1 -2
93 -1 20 -1 -2
136 -1 20 -1 -2
34 -1 2 -1 -2
34 -1 4 -1 -2
136 -1 20 -1 -2
7 -1 16 -1 -2
93 -1 20 -1 -2
93 -1 153 -1 -2
93 -1 20 -1 -2
93 -1 91 -1 -2
71 -1 83 -1 -2
71 -1 20 -1 -2
65 -1 16 -1 -2
65 -1 38 -1 -2
80 -1 20 -1 -2
109 -1 20 -1 -2
3 -1 20 -1 -2
3 -1 16 -1 -2
130 -1 20 -1 -2
130 -1 106 -1 -2
130 -1 153 -1 -2
174 -1 20 -1 -2
25 -1 16 -1 -2
25 -1 91 -1 -2
8 -1 16 -1 -2
175 -1 2 -1 -2
24 -1 20 -1 -2
38 -1 20 -1 -2
38 -1 16 -1 -2
38 -1 38 -1 -2
28 -1 20 -1 -2
18 -1 20 -1 -2
56 -1 20 -1 -2
81 -1 20 -1 -2
176 -1 16 -1 -2
176 -1 20 -1 -2
176 -1 91 -1 -2
136 -1 20 -1 -2
8 -1 16 -1 -2
8 -1 20 -1 -2
130 -1 83 -1 -2
130 -1 106 -1 -2
130 -1 107 -1 -2
130 -1 153 -1 -2
25 -1 16 -1 -2
26 -1 16 -1 -2
26 -1 2 -1 -2
148 -1 91 -1 -2
142 -1 16 -1 -2
142 -1 20 -1 -2
8 -1 16 -1 -2
8 -1 20 -1 -2
8 -1 147 -1 -2
8 -1 91 -1 -2
177 -1 38 -1 -2
93 -1 20 -1 -2
8 -1 38 -1 -2
8 -1 20 -1 -2
8 -1 16 -1 -2
178 -1 4 -1 -2
179 -1 20 -1 -2
18 -1 2 -1 -2
56 -1 16 -1 -2
56 -1 111 -1 -2
112 -1 20 -1 -2
8 -1 2 -1 -2
136 -1 20 -1 -2
136 -1 94 -1 -2
8 -1 135 -1 -2
8 -1 20 -1 -2
8 -1 91 -1 -2
8 -1 4 -1 -2
8 -1 2 -1 -2
8 -1 125 -1 -2
8 -1 10 -1 -2
8 -1 91 -1 -2
8 -1 111 -1 -2
8 -1 91 -1 -2
8 -1 147 -1 -2
8 -1 2 -1 -2
8 -1 63 -1 -2
8 -1 2 -1 -2
136 -1 20 -1 -2
136 -1 94 -1 -2
180 -1 20 -1 -2
8 -1 2 -1 -2
8 -1 16 -1 -2
8 -1 16 -1 -2
8 -1 20 -1 -2
8 -1 91 -1 -2
38 -1 38 -1 -2
38 -1 20 -1 -2
8 -1 20 -1 -2
136 -1 20 -1 -2
8 -1 4 -1 -2
167 -1 20 -1 -2
167 -1 107 -1 -2
136 -1 4 -1 -2
136 -1 2 -1 -2
8 -1 10 -1 -2
104 -1 16 -1 -2
8 -1 4 -1 -2
8 -1 2 -1 -2
8 -1 20 -1 -2
71 -1 4 -1 -2
71 -1 125 -1 -2
71 -1 2 -1 -2
56 -1 20 -1 -2
56 -1 107 -1 -2
56 -1 94 -1 -2
71 -1 83 -1 -2
71 -1 20 -1 -2
181 -1 38 -1 -2
181 -1 20 -1 -2
181 -1 106 -1 -2
93 -1 16 -1 -2
182 -1 2 -1 -2
93 -1 20 -1 -2
93 -1 20 -1 -2
93 -1 16 -1 -2
93 -1 20 -1 -2
8 -1 20 -1 -2
8 -1 16 -1 -2
8 -1 111 -1 -2
177 -1 16 -1 -2
8 -1 16 -1 -2
8 -1 91 -1 -2
8 -1 20 -1 -2
136 -1 4 -1 -2
136 -1 2 -1 -2
8 -1 16 -1 -2
8 -1 2 -1 -2
8 -1 20 -1 -2
8 -1 20 -1 -2
8 -1 147 -1 -2
8 -1 4 -1 -2
8 -1 2 -1 -2
141 -1 111 -1 -2
8 -1 2 -1 -2
8 -1 20 -1 -2
8 -1 111 -1 -2
8 -1 91 -1 -2
8 -1 20 -1 -2
8 -1 20 -1 -2
8 -1 91 -1 -2
8 -1 20 -1 -2
8 -1 91 -1 -2
8 -1 20 -1 -2
8 -1 20 -1 -2
8 -1 16 -1 -2
8 -1 91 -1 -2
8 -1 16 -1 -2
8 -1 147 -1 -2
8 183 -1 16 -1 -2
8 183 -1 20 -1 -2
8 -1 4 -1 -2
8 -1 146 -1 -2
8 -1 20 -1 -2
8 -1 2 -1 -2
8 -1 16 -1 -2
8 -1 20 -1 -2
8 -1 111 -1 -2
8 -1 20 -1 -2
8 -1 20 -1 -2
180 -1 20 -1 -2
160 -1 20 -1 -2
122 -1 4 -1 -2
122 -1 2 -1 -2
8 -1 91 -1 -2
93 -1 20 -1 -2
