93 -1 91 -1 -2
136 -1 147 -1 -2
108 -1 4 -1 -2
93 -1 20 -1 -2
93 -1 91 -1 -2
8 -1 4 -1 -2
8 -1 16 -1 -2
8 -1 4 -1 -2
8 8 -1 4 -1 -2
8 -1 164 -1 -2
8 -1 147 -1 -2
93 -1 16 -1 -2
93 -1 20 -1 -2
93 -1 91 -1 -2
8 -1 125 -1 -2
184 -1 125 -1 -2
184 -1 162 -1 -2
185 -1 123 -1 -2
72 -1 83 -1 -2
109 -1 20 -1 -2
8 -1 4 -1 -2
93 -1 20 -1 -2
93 -1 91 -1 -2
93 -1 20 -1 -2
93 -1 91 -1 -2
186 -1 16 -1 -2
93 -1 20 -1 -2
93 -1 91 -1 -2
8 -1 162 -1 -2
8 -1 4 -1 -2
8 -1 20 -1 -2
8 8 -1 147 -1 -2
8 -1 124 -1 -2
8 -1 83 -1 -2
8 -1 16 -1 -2
8 -1 2 -1 -2
187 -1 2 -1 -2
3 -1 4 -1 -2
3 -1 2 -1 -2
188 -1 16 -1 -2
188 -1 111 -1 -2
8 -1 2 -1 -2
189 -1 124 -1 -2
189 -1 83 -1 -2
189 -1 140 -1 -2
8 8 -1 123 -1 -2
8 -1 20 -1 -2
151 -1 38 -1 -2
151 -1 20 -1 -2
25 -1 83 -1 -2
25 -1 135 -1 -2
25 -1 16 -1 -2
25 -1 125 -1 -2
8 -1 125 -1 -2
8 -1 10 -1 -2
8 -1 2 -1 -2
148 -1 124 -1 -2
148 -1 16 -1 -2
28 -1 4 -1 -2
28 -1 2 -1 -2
142 -1 20 -1 -2
142 -1 91 -1 -2
166 -1 38 -1 -2
166 -1 20 -1 -2
187 -1 4 -1 -2
134 -1 125 -1 -2
190 -1 16 -1 -2
190 -1 91 -1 -2
8 -1 16 -1 -2
8 -1 20 -1 -2
93 -1 20 -1 -2
93 -1 2 -1 -2
8 -1 20 -1 -2
8 -1 20 -1 -2
191 -1 4 -1 -2
191 -1 2 -1 -2
177 -1 38 -1 -2
177 -1 106 -1 -2
93 -1 20 -1 -2
192 -1 2 -1 -2
188 -1 16 -1 -2
188 -1 111 -1 -2
8 -1 124 -1 -2
151 -1 20 -1 -2
73 -1 20 -1 -2
8 -1 83 -1 -2
8 -1 20 -1 -2
8 -1 91 -1 -2
8 -1 153 -1 -2
8 -1 20 -1 -2
8 -1 125 -1 -2
193 -1 2 -1 -2
130 -1 55 -1 -2
130 -1 106 -1 -2
130 -1 107 -1 -2
8 -1 147 -1 -2
177 -1 38 -1 -2
30 -1 124 -1 -2
30 -1 38 -1 -2
30 -1 20 -1 -2
93 -1 38 -1 -2
93 -1 20 -1 -2
136 -1 20 -1 -2
136 -1 94 -1 -2
8 -1 135 -1 -2
8 -1 20 -1 -2
8 -1 147 -1 -2
56 -1 2 -1 -2
3 -1 147 -1 -2
8 -1 111 -1 -2
194 -1 2 -1 -2
8 -1 2 -1 -2
8 -1 125 -1 -2
8 -1 2 -1 -2
8 -1 2 -1 -2
8 -1 2 -1 -2
8 -1 16 -1 -2
8 -1 147 -1 -2
8 -1 16 -1 -2
8 -1 16 -1 -2
8 -1 20 -1 -2
136 -1 2 -1 -2
8 -1 20 -1 -2
8 -1 91 -1 -2
8 -1 2 -1 -2
8 -1 16 -1 -2
8 -1 16 -1 -2
8 -1 16 -1 -2
8 -1 2 -1 -2
8 -1 4 -1 -2
8 -1 83 -1 -2
8 -1 16 -1 -2
8 -1 20 -1 -2
8 -1 20 -1 -2
8 -1 20 -1 -2
8 -1 20 -1 -2
8 -1 94 -1 -2
8 -1 20 -1 -2
8 -1 4 -1 -2
8 -1 4 -1 -2
8 -1 147 -1 -2
8 -1 10 -1 -2
8 -1 147 -1 -2
8 -1 16 -1 -2
8 -1 20 -1 -2
8 -1 4 -1 -2
8 -1 20 -1 -2
8 -1 2 -1 -2
8 -1 16 -1 -2
44 -1 124 -1 -2
44 -1 83 -1 -2
44 -1 38 -1 -2
44 -1 140 -1 -2
44 -1 107 -1 -2
42 -1 38 -1 -2
42 -1 55 -1 -2
42 -1 106 -1 -2
130 -1 55 -1 -2
130 -1 140 -1 -2
130 -1 107 -1 -2
170 -1 16 -1 -2
170 -1 20 -1 -2
170 -1 91 -1 -2
177 -1 16 -1 -2
177 -1 38 -1 -2
177 -1 20 -1 -2
44 -1 16 -1 -2
76 -1 10 -1 -2
76 -1 2 -1 -2
136 -1 4 -1 -2
136 -1 2 -1 -2
126 -1 20 -1 -2
95 -1 20 -1 -2
95 -1 153 -1 -2
12 -1 16 -1 -2
12 -1 55 -1 -2
12 -1 140 -1 -2
130 -1 124 -1 -2
130 -1 83 -1 -2
130 -1 16 -1 -2
25 -1 16 -1 -2
8 -1 16 -1 -2
8 -1 16 -1 -2
136 -1 4 -1 -2
136 -1 2 -1 -2
8 8 -1 147 -1 -2
8 -1 147 -1 -2
171 -1 2 -1 -2
8 -1 125 -1 -2
8 -1 147 -1 -2
8 -1 16 -1 -2
28 -1 2 -1 -2
93 -1 20 -1 -2
8 -1 38 -1 -2
8 -1 111 -1 -2
8 -1 4 -1 -2
134 -1 20 -1 -2
8 -1 124 -1 -2
8 -1 83 -1 -2
8 -1 38 -1 -2
8 -1 20 -1 -2
8 -1 153 -1 -2
8 -1 20 -1 -2
8 -1 2 -1 -2
8 -1 2 -1 -2
8 -1 16 -1 -2
8 -1 91 -1 -2
195 -1 111 -1 -2
136 -1 4 -1 -2
136 -1 2 -1 -2
8 -1 2 -1 -2
8 -1 107 -1 -2
8 -1 16 -1 -2
8 -1 16 -1 -2
28 -1 4 -1 -2
28 -1 125 -1 -2
28 -1 2 -1 -2
8 -1 38 -1 -2
8 -1 20 -1 -2
8 -1 20 -1 -2
8 -1 2 -1 -2
8 -1 16 -1 -2
8 -1 147 -1 -2
136 -1 4 -1 -2
136 -1 2 -1 -2
141 -1 147 -1 -2
177 -1 124 -1 -2
177 -1 38 -1 -2
177 -1 2 -1 -2
196 -1 16 -1 -2
141 -1 111 -1 -2
177 -1 38 -1 -2
177 -1 20 -1 -2
8 -1 16 -1 -2
180 -1 124 -1 -2
180 -1 20 -1 -2
8 -1 20 -1 -2
8 -1 16 -1 -2
8 -1 147 -1 -2
8 -1 16 -1 -2
188 -1 63 -1 -2
188 -1 2 -1 -2
8 -1 38 -1 -2
8 -1 107 -1 -2
128 -1 4 -1 -2
8 -1 147 -1 -2
8 -1 20 -1 -2
8 -1 16 -1 -2
8 -1 20 -1 -2
8 -1 147 -1 -2
8 -1 91 -1 -2
8 -1 20 -1 -2
8 -1 125 -1 -2
8 -1 16 -1 -2
197 -1 111 -1 -2
116 -1 20 -1 -2
61 -1 83 -1 -2
61 -1 16 -1 -2
61 -1 20 -1 -2
142 -1 20 -1 -2
142 -1 94 -1 -2
93 -1 20 -1 -2
93 -1 153 -1 -2
93 -1 20 -1 -2
93 -1 125 -1 -2
93 -1 20 -1 -2
159 -1 20 -1 -2
8 198 167 -1 147 -1 -2
8 -1 20 -1 -2
8 -1 20 -1 -2
70 -1 4 -1 -2
26 -1 38 -1 -2
26 -1 20 -1 -2
199 -1 153 -1 -2
93 -1 20 -1 -2
130 -1 140 -1 -2
130 -1 107 -1 -2
130 -1 16 -1 -2
130 -1 55 -1 -2
130 -1 140 -1 -2
73 -1 20 -1 -2
93 -1 20 -1 -2
93 -1 153 -1 -2
174 -1 2 -1 -2
161 -1 20 -1 -2
81 -1 20 -1 -2
103 -1 20 -1 -2
68 -1 2 -1 -2
18 -1 20 -1 -2
3 -1 4 -1 -2
3 -1 2 -1 -2
130 -1 16 -1 -2
130 -1 125 -1 -2
200 -1 20 -1 -2
90 -1 16 -1 -2
90 -1 38 -1 -2
41 -1 4 -1 -2
41 -1 123 -1 -2
41 -1 94 -1 -2
38 -1 16 -1 -2
38 -1 20 -1 -2
18 -1 16 -1 -2
128 -1 124 -1 -2
128 -1 83 -1 -2
128 -1 20 -1 -2
71 -1 83 -1 -2
173 -1 4 -1 -2
128 -1 153 -1 -2
201 -1 20 -1 -2
8 -1 20 -1 -2
8 -1 123 -1 -2
202 -1 16 -1 -2
202 -1 146 -1 -2
81 -1 63 -1 -2
81 -1 2 -1 -2
56 -1 20 -1 -2
203 -1 63 -1 -2
203 -1 2 -1 -2
43 -1 83 -1 -2
43 -1 91 -1 -2
8 -1 83 -1 -2
8 -1 16 -1 -2
8 -1 91 -1 -2
8 -1 20 -1 -2
8 -1 2 -1 -2
130 -1 16 -1 -2
130 -1 10 -1 -2
130 -1 55 -1 -2
8 -1 2 -1 -2
204 -1 107 -1 -2
8 -1 83 -1 -2
8 -1 125 -1 -2
93 -1 4 -1 -2
93 -1 2 -1 -2
129 -1 16 -1 -2
129 -1 20 -1 -2
8 -1 20 -1 -2
30 -1 20 -1 -2
93 -1 20 -1 -2
8 -1 2 -1 -2
8 -1 16 -1 -2
8 8 -1 147 -1 -2
42 -1 2 -1 -2
8 -1 2 -1 -2
144 -1 20 -1 -2
8 -1 147 -1 -2
134 -1 20 -1 -2
136 -1 4 -1 -2
136 -1 2 -1 -2
8 -1 4 -1 -2
166 -1 124 -1 -2
166 -1 38 -1 -2
166 -1 10 -1 -2
166 -1 106 -1 -2
166 -1 140 -1 -2
166 -1 107 -1 -2
30 -1 124 -1 -2
30 -1 83 -1 -2
30 -1 38 -1 -2
30 -1 20 -1 -2
205 -1 20 -1 -2
136 -1 20 -1 -2
136 -1 91 -1 -2
8 -1 83 -1 -2
8 -1 124 -1 -2
8 -1 20 -1 -2
130 -1 10 -1 -2
130 -1 55 -1 -2
130 -1 107 -1 -2
206 -1 4 -1 -2
206 -1 2 -1 -2
8 -1 16 -1 -2
25 -1 4 -1 -2
25 -1 2 -1 -2
8 -1 147 -1 -2
8 -1 16 -1 -2
8 -1 16 -1 -2
93 -1 16 -1 -2
8 -1 125 -1 -2
25 -1 4 -1 -2
25 -1 2 -1 -2
25 -1 2 -1 -2
207 -1 4 -1 -2
93 -1 16 -1 -2
93 -1 4 -1 -2
93 -1 2 -1 -2
93 -1 16 -1 -2
93 -1 38 -1 -2
8 -1 4 -1 -2
25 -1 4 -1 -2
25 -1 2 -1 -2
42 -1 55 -1 -2
42 -1 140 -1 -2
8 -1 16 -1 -2
8 -1 147 -1 -2
68 -1 20 -1 -2
8 -1 2 -1 -2
168 -1 16 -1 -2
168 -1 123 -1 -2
168 -1 111 -1 -2
130 -1 124 -1 -2
130 -1 83 -1 -2
130 -1 38 -1 -2
130 -1 55 -1 -2
130 -1 140 -1 -2
8 -1 16 -1 -2
8 -1 111 -1 -2
8 -1 16 -1 -2
8 -1 147 -1 -2
136 -1 4 -1 -2
56 -1 20 -1 -2
8 -1 16 -1 -2
122 -1 20 -1 -2
142 -1 20 -1 -2
208 -1 16 -1 -2
208 -1 147 -1 -2
8 -1 2 -1 -2
8 -1 107 -1 -2
8 -1 2 -1 -2
8 -1 16 -1 -2
122 -1 4 -1 -2
122 -1 2 -1 -2
8 -1 111 -1 -2
8 -1 124 -1 -2
8 -1 16 -1 -2
61 -1 38 -1 -2
61 -1 20 -1 -2
8 -1 63 -1 -2
8 -1 2 -1 -2
93 -1 20 -1 -2
93 -1 2 -1 -2
14 -1 20 -1 -2
209 -1 4 -1 -2
209 -1 2 -1 -2
210 -1 20 -1 -2
210 -1 91 -1 -2
210 -1 153 -1 -2
8 -1 4 -1 -2
8 -1 2 -1 -2
93 -1 16 -1 -2
50 -1 38 -1 -2
50 -1 55 -1 -2
50 -1 106 -1 -2
8 -1 38 -1 -2
8 -1 107 -1 -2
142 -1 2 -1 -2
93 -1 16 -1 -2
93 -1 20 -1 -2
93 -1 38 -1 -2
93 -1 20 -1 -2
93 -1 111 -1 -2
177 -1 16 -1 -2
177 -1 38 -1 -2
177 -1 111 -1 -2
117 -1 16 -1 -2
199 -1 124 -1 -2
136 -1 4 -1 -2
136 -1 2 -1 -2
93 -1 140 -1 -2
30 -1 2 -1 -2
93 -1 20 -1 -2
172 -1 20 -1 -2
93 -1 153 -1 -2
134 -1 20 -1 -2
8 -1 20 -1 -2
136 -1 4 -1 -2
8 -1 2 -1 -2
93 -1 20 -1 -2
211 -1 2 -1 -2
8 -1 4 -1 -2
8 -1 147 -1 -2
8 -1 16 -1 -2
8 -1 2 -1 -2
8 -1 16 -1 -2
8 -1 20 -1 -2
8 -1 16 -1 -2
8 -1 147 -1 -2
8 -1 16 -1 -2
8 -1 2 -1 -2
8 -1 147 -1 -2
8 -1 20 -1 -2
8 -1 20 -1 -2
142 -1 20 -1 -2
8 -1 107 -1 -2
167 -1 94 -1 -2
190 -1 91 -1 -2
8 -1 83 -1 -2
8 -1 107 -1 -2
168 -1 20 -1 -2
168 -1 20 -1 -2
168 -1 111 -1 -2
8 -1 20 -1 -2
8 -1 91 -1 -2
8 -1 20 -1 -2
81 -1 20 -1 -2
30 -1 124 -1 -2
30 -1 16 -1 -2
30 -1 38 -1 -2
30 -1 20 -1 -2
98 -1 16 -1 -2
