8 -1 125 -1 -2
8 -1 16 -1 -2
152 -1 94 -1 -2
8 -1 147 -1 -2
8 -1 162 -1 -2
93 -1 20 -1 -2
93 -1 91 -1 -2
30 -1 4 -1 -2
8 -1 20 -1 -2
37 -1 20 -1 -2
212 213 -1 20 -1 -2
8 -1 83 -1 -2
8 -1 125 -1 -2
8 -1 10 -1 -2
8 -1 125 -1 -2
18 -1 20 -1 -2
8 -1 125 -1 -2
8 -1 125 -1 -2
214 -1 16 -1 -2
214 -1 125 -1 -2
93 -1 20 -1 -2
93 -1 91 -1 -2
109 -1 20 -1 -2
109 -1 91 -1 -2
93 -1 125 -1 -2
8 -1 125 -1 -2
120 -1 63 -1 -2
120 -1 125 -1 -2
120 -1 10 -1 -2
120 -1 2 -1 -2
8 -1 4 -1 -2
8 -1 107 -1 -2
8 -1 20 -1 -2
8 -1 4 -1 -2
8 -1 4 -1 -2
134 -1 20 -1 -2
166 -1 20 -1 -2
136 -1 20 -1 -2
136 -1 2 -1 -2
215 -1 4 -1 -2
215 -1 2 -1 -2
8 -1 216 -1 -2
8 -1 20 -1 -2
182 -1 4 -1 -2
182 -1 2 -1 -2
189 -1 38 -1 -2
136 -1 2 -1 -2
177 -1 124 -1 -2
8 -1 38 -1 -2
8 -1 20 -1 -2
8 -1 16 -1 -2
136 -1 2 -1 -2
93 -1 20 -1 -2
93 -1 91 -1 -2
180 -1 111 -1 -2
180 -1 83 -1 -2
180 -1 20 -1 -2
8 -1 16 -1 -2
8 -1 16 -1 -2
30 -1 16 -1 -2
133 -1 16 -1 -2
130 -1 16 -1 -2
130 -1 10 -1 -2
130 -1 55 -1 -2
130 -1 140 -1 -2
108 -1 4 -1 -2
25 -1 20 -1 -2
25 -1 10 -1 -2
25 -1 91 -1 -2
130 -1 38 -1 -2
217 -1 216 -1 -2
217 -1 20 -1 -2
144 -1 2 -1 -2
30 -1 216 -1 -2
30 -1 16 -1 -2
93 -1 16 -1 -2
136 -1 4 -1 -2
136 -1 2 -1 -2
30 -1 16 -1 -2
8 8 -1 2 -1 -2
167 -1 124 -1 -2
180 -1 20 -1 -2
180 -1 91 -1 -2
8 -1 125 -1 -2
8 -1 83 -1 -2
25 -1 4 -1 -2
136 136 -1 4 -1 -2
136 136 -1 2 -1 -2
40 -1 63 -1 -2
40 -1 2 -1 -2
8 -1 20 -1 -2
8 -1 16 -1 -2
8 -1 20 -1 -2
8 -1 4 -1 -2
8 -1 38 -1 -2
8 -1 4 -1 -2
8 -1 4 -1 -2
8 -1 107 -1 -2
8 -1 4 -1 -2
8 -1 125 -1 -2
8 -1 16 -1 -2
8 8 -1 20 -1 -2
8 -1 83 -1 -2
8 -1 125 -1 -2
8 -1 10 -1 -2
8 -1 16 -1 -2
8 -1 4 -1 -2
8 -1 20 -1 -2
8 -1 4 -1 -2
8 -1 2 -1 -2
8 -1 16 -1 -2
8 -1 20 -1 -2
8 8 -1 4 -1 -2
163 -1 20 -1 -2
42 -1 55 -1 -2
180 -1 124 -1 -2
180 -1 83 -1 -2
8 -1 20 -1 -2
13 -1 63 -1 -2
13 -1 2 -1 -2
8 -1 2 -1 -2
52 -1 2 -1 -2
8 -1 63 -1 -2
8 -1 2 -1 -2
8 -1 4 -1 -2
8 -1 4 -1 -2
92 -1 4 -1 -2
92 -1 123 -1 -2
8 -1 4 -1 -2
8 -1 38 -1 -2
8 -1 20 -1 -2
8 -1 91 -1 -2
8 -1 107 -1 -2
8 -1 20 -1 -2
218 -1 16 -1 -2
93 -1 55 -1 -2
93 -1 2 -1 -2
136 -1 4 -1 -2
136 -1 2 -1 -2
130 -1 20 -1 -2
130 -1 55 -1 -2
130 -1 107 -1 -2
93 -1 20 -1 -2
136 -1 4 -1 -2
136 -1 2 -1 -2
136 -1 20 -1 -2
130 -1 63 -1 -2
130 -1 153 -1 -2
93 -1 135 -1 -2
93 -1 20 -1 -2
93 -1 94 -1 -2
47 -1 16 -1 -2
30 -1 216 -1 -2
30 -1 16 -1 -2
47 -1 16 -1 -2
8 -1 20 -1 -2
136 -1 4 -1 -2
136 -1 2 -1 -2
93 -1 2 -1 -2
136 -1 16 -1 -2
136 -1 111 -1 -2
219 -1 16 -1 -2
219 -1 20 -1 -2
8 -1 38 -1 -2
8 -1 20 -1 -2
8 -1 91 -1 -2
8 -1 4 -1 -2
8 -1 16 -1 -2
8 -1 38 -1 -2
8 -1 111 -1 -2
8 -1 4 -1 -2
8 -1 2 -1 -2
8 -1 16 -1 -2
8 -1 20 -1 -2
93 -1 4 -1 -2
93 -1 2 -1 -2
130 -1 107 -1 -2
8 -1 4 -1 -2
8 -1 2 -1 -2
8 -1 4 -1 -2
25 -1 63 -1 -2
25 -1 2 -1 -2
8 -1 83 -1 -2
177 -1 20 -1 -2
93 -1 20 -1 -2
93 -1 107 -1 -2
8 -1 107 -1 -2
8 -1 16 -1 -2
93 -1 124 -1 -2
93 -1 20 -1 -2
93 -1 123 -1 -2
93 -1 153 -1 -2
42 -1 38 -1 -2
42 -1 20 -1 -2
42 -1 91 -1 -2
8 -1 16 -1 -2
8 -1 20 -1 -2
30 -1 216 -1 -2
8 -1 20 -1 -2
8 -1 38 -1 -2
8 -1 2 -1 -2
93 -1 4 -1 -2
93 -1 2 -1 -2
8 -1 38 -1 -2
8 -1 107 -1 -2
8 -1 20 -1 -2
8 -1 16 -1 -2
8 -1 20 -1 -2
8 -1 91 -1 -2
8 -1 4 -1 -2
8 -1 16 -1 -2
8 -1 16 -1 -2
8 -1 111 -1 -2
93 -1 16 -1 -2
93 -1 20 -1 -2
93 -1 125 -1 -2
93 -1 91 -1 -2
8 -1 125 -1 -2
8 -1 111 -1 -2
8 -1 147 -1 -2
8 -1 16 -1 -2
8 -1 111 -1 -2
8 -1 16 -1 -2
136 -1 4 -1 -2
136 -1 4 -1 -2
136 -1 2 -1 -2
8 -1 124 -1 -2
8 -1 83 -1 -2
93 -1 16 -1 -2
167 -1 83 -1 -2
8 -1 16 -1 -2
25 -1 20 -1 -2
25 -1 125 -1 -2
199 -1 20 -1 -2
8 -1 20 -1 -2
8 -1 2 -1 -2
8 -1 4 -1 -2
8 -1 20 -1 -2
8 -1 4 -1 -2
217 -1 216 -1 -2
136 -1 20 -1 -2
191 -1 4 -1 -2
191 -1 2 -1 -2
191 -1 4 -1 -2
191 -1 2 -1 -2
30 -1 4 -1 -2
30 -1 16 -1 -2
30 -1 216 -1 -2
8 -1 147 -1 -2
8 -1 147 -1 -2
167 -1 83 -1 -2
167 -1 123 -1 -2
167 -1 94 -1 -2
8 -1 124 -1 -2
8 -1 20 -1 -2
8 -1 4 -1 -2
167 -1 20 -1 -2
8 -1 16 -1 -2
93 -1 16 -1 -2
93 -1 91 -1 -2
93 -1 20 -1 -2
3 -1 4 -1 -2
3 -1 2 -1 -2
8 -1 111 -1 -2
152 -1 4 -1 -2
152 -1 2 -1 -2
8 -1 2 -1 -2
212 -1 16 -1 -2
8 -1 16 -1 -2
8 -1 4 -1 -2
58 -1 2 -1 -2
71 -1 2 -1 -2
44 -1 63 -1 -2
44 -1 2 -1 -2
8 -1 16 -1 -2
8 -1 38 -1 -2
93 -1 4 -1 -2
93 -1 4 -1 -2
93 -1 4 -1 -2
93 -1 20 -1 -2
217 -1 55 -1 -2
217 -1 107 -1 -2
185 -1 4 -1 -2
48 -1 4 -1 -2
103 -1 124 -1 -2
103 -1 38 -1 -2
103 -1 20 -1 -2
103 -1 107 -1 -2
130 -1 55 -1 -2
217 -1 216 -1 -2
220 -1 20 -1 -2
177 -1 16 -1 -2
3 -1 4 -1 -2
102 -1 107 -1 -2
44 -1 55 -1 -2
130 -1 124 -1 -2
130 -1 83 -1 -2
130 -1 55 -1 -2
130 -1 140 -1 -2
175 -1 20 -1 -2
81 -1 4 -1 -2
81 -1 20 -1 -2
81 -1 111 -1 -2
38 -1 38 -1 -2
3 -1 107 -1 -2
58 -1 38 -1 -2
173 -1 4 -1 -2
221 -1 4 -1 -2
221 -1 2 -1 -2
81 -1 20 -1 -2
36 -1 16 -1 -2
36 -1 20 -1 -2
18 -1 20 -1 -2
18 -1 140 -1 -2
18 -1 2 -1 -2
71 -1 20 -1 -2
71 -1 106 -1 -2
71 -1 91 -1 -2
203 -1 38 -1 -2
203 -1 20 -1 -2
161 -1 20 -1 -2
161 -1 107 -1 -2
81 -1 55 -1 -2
36 -1 216 -1 -2
36 -1 10 -1 -2
36 -1 2 -1 -2
40 -1 20 -1 -2
222 -1 38 -1 -2
222 -1 20 -1 -2
42 -1 16 -1 -2
42 -1 38 -1 -2
42 -1 55 -1 -2
56 -1 20 -1 -2
56 -1 4 -1 -2
56 -1 2 -1 -2
56 -1 2 -1 -2
201 -1 2 -1 -2
25 -1 16 -1 -2
223 -1 2 -1 -2
174 -1 124 -1 -2
69 -1 63 -1 -2
69 -1 2 -1 -2
30 -1 20 -1 -2
7 -1 4 -1 -2
8 -1 16 -1 -2
8 -1 91 -1 -2
92 -1 16 -1 -2
8 -1 16 -1 -2
160 -1 16 -1 -2
8 -1 124 -1 -2
8 -1 20 -1 -2
30 -1 216 -1 -2
130 -1 55 -1 -2
130 -1 140 -1 -2
8 -1 123 -1 -2
89 -1 4 -1 -2
8 -1 16 -1 -2
8 -1 16 -1 -2
8 -1 4 -1 -2
66 -1 4 -1 -2
8 -1 20 -1 -2
189 -1 16 -1 -2
142 -1 20 -1 -2
136 -1 63 -1 -2
136 -1 2 -1 -2
93 -1 16 -1 -2
93 -1 111 -1 -2
204 -1 124 -1 -2
18 -1 4 -1 -2
18 -1 2 -1 -2
224 -1 91 -1 -2
8 -1 16 -1 -2
134 -1 20 -1 -2
8 -1 147 -1 -2
8 -1 16 -1 -2
8 -1 111 -1 -2
225 -1 216 -1 -2
8 -1 16 -1 -2
8 -1 16 -1 -2
8 -1 107 -1 -2
67 -1 4 -1 -2
136 -1 4 -1 -2
136 -1 2 -1 -2
226 -1 20 -1 -2
129 -1 16 -1 -2
227 -1 147 -1 -2
18 -1 2 -1 -2
30 -1 16 -1 -2
30 -1 20 -1 -2
30 -1 2 -1 -2
133 -1 16 -1 -2
3 -1 20 -1 -2
3 -1 91 -1 -2
8 -1 16 -1 -2
93 -1 4 -1 -2
71 -1 124 -1 -2
71 -1 20 -1 -2
25 -1 4 -1 -2
25 -1 2 -1 -2
160 -1 83 -1 -2
160 -1 38 -1 -2
3 -1 4 -1 -2
3 -1 2 -1 -2
112 -1 38 -1 -2
112 -1 20 -1 -2
112 -1 107 -1 -2
201 -1 147 -1 -2
25 -1 83 -1 -2
8 -1 20 -1 -2
134 -1 124 -1 -2
134 -1 83 -1 -2
93 -1 2 -1 -2
30 -1 2 -1 -2
30 -1 216 -1 -2
30 -1 16 -1 -2
149 -1 125 -1 -2
149 -1 111 -1 -2
8 -1 16 -1 -2
228 -1 4 -1 -2
228 -1 2 -1 -2
8 -1 20 -1 -2
8 -1 16 -1 -2
8 -1 2 -1 -2
156 -1 2 -1 -2
130 -1 83 -1 -2
130 -1 55 -1 -2
126 -1 20 -1 -2
8 -1 16 -1 -2
8 -1 20 -1 -2
8 -1 91 -1 -2
8 -1 83 -1 -2
8 -1 125 -1 -2
8 -1 10 -1 -2
8 -1 16 -1 -2
8 -1 20 -1 -2
142 -1 124 -1 -2
142 -1 106 -1 -2
8 -1 20 -1 -2
93 93 -1 20 -1 -2
229 -1 16 -1 -2
229 -1 111 -1 -2
28 -1 20 -1 -2
8 -1 2 -1 -2
217 -1 216 -1 -2
230 -1 4 -1 -2
230 -1 2 -1 -2
8 -1 4 -1 -2
217 -1 20 -1 -2
217 -1 107 -1 -2
8 -1 4 -1 -2
180 -1 20 -1 -2
180 -1 10 -1 -2
30 -1 16 -1 -2
30 -1 147 -1 -2
136 -1 4 -1 -2
136 -1 2 -1 -2
161 -1 4 -1 -2
199 -1 153 -1 -2
90 -1 16 -1 -2
90 -1 38 -1 -2
90 -1 20 -1 -2
93 -1 4 -1 -2
93 -1 2 -1 -2
81 -1 16 -1 -2
8 -1 216 -1 -2
8 -1 16 -1 -2
8 -1 16 -1 -2
8 -1 147 -1 -2
161 -1 63 -1 -2
161 -1 2 -1 -2
8 -1 63 -1 -2
8 -1 2 -1 -2
126 -1 20 -1 -2
231 -1 153 -1 -2
232 -1 16 -1 -2
8 -1 16 -1 -2
8 -1 16 -1 -2
8 -1 38 -1 -2
50 -1 55 -1 -2
233 -1 16 -1 -2
233 -1 20 -1 -2
8 -1 20 -1 -2
136 -1 4 -1 -2
136 -1 2 -1 -2
234 -1 20 -1 -2
8 -1 20 -1 -2
8 -1 2 -1 -2
8 -1 4 -1 -2
198 -1 16 -1 -2
198 -1 20 -1 -2
198 -1 91 -1 -2
8 -1 20 -1 -2
8 -1 16 -1 -2
8 -1 16 -1 -2
8 -1 111 -1 -2
8 -1 16 -1 -2
8 -1 4 -1 -2
8 -1 4 -1 -2
8 -1 4 -1 -2
235 -1 16 -1 -2
8 -1 2 -1 -2
8 -1 4 -1 -2
8 -1 16 -1 -2
8 8 -1 16 -1 -2
8 -1 16 -1 -2
194 -1 4 -1 -2
168 -1 124 -1 -2
168 -1 83 -1 -2
180 -1 124 -1 -2
180 -1 83 -1 -2
180 -1 20 -1 -2
168 -1 38 -1 -2
167 -1 124 -1 -2
167 -1 83 -1 -2
167 -1 20 -1 -2
167 -1 94 -1 -2
8 -1 4 -1 -2
8 -1 2 -1 -2
167 -1 124 -1 -2
167 -1 83 -1 -2
167 -1 38 -1 -2
167 -1 20 -1 -2
167 -1 124 -1 -2
167 -1 20 -1 -2
167 -1 123 -1 -2
8 -1 38 -1 -2
8 -1 20 -1 -2
8 -1 16 -1 -2
66 -1 20 -1 -2
66 -1 107 -1 -2
236 -1 147 -1 -2
8 -1 4 -1 -2
