8 -1 16 -1 -2
8 8 -1 4 -1 -2
8 -1 4 -1 -2
8 8 -1 4 -1 -2
204 -1 20 -1 -2
28 -1 83 -1 -2
144 -1 20 -1 -2
144 -1 91 -1 -2
8 -1 20 -1 -2
8 -1 162 -1 -2
8 -1 4 -1 -2
8 -1 147 -1 -2
136 -1 20 -1 -2
93 -1 124 -1 -2
93 -1 20 -1 -2
189 -1 107 -1 -2
189 -1 20 -1 -2
189 -1 107 -1 -2
189 -1 83 -1 -2
189 -1 38 -1 -2
189 -1 107 -1 -2
189 -1 38 -1 -2
189 -1 107 -1 -2
189 -1 107 -1 -2
189 -1 106 -1 -2
189 -1 107 -1 -2
189 -1 20 -1 -2
189 -1 107 -1 -2
189 -1 38 -1 -2
189 -1 106 -1 -2
189 -1 91 -1 -2
189 -1 107 -1 -2
189 -1 38 -1 -2
189 -1 107 -1 -2
189 -1 107 -1 -2
8 -1 16 -1 -2
93 -1 20 -1 -2
93 -1 91 -1 -2
50 -1 16 -1 -2
200 -1 125 -1 -2
30 -1 16 -1 -2
67 -1 20 -1 -2
237 -1 63 -1 -2
237 -1 125 -1 -2
237 -1 10 -1 -2
204 -1 20 -1 -2
38 -1 38 -1 -2
38 -1 20 -1 -2
56 -1 20 -1 -2
56 -1 20 -1 -2
168 -1 124 -1 -2
168 -1 16 -1 -2
168 -1 20 -1 -2
180 -1 20 -1 -2
180 -1 107 -1 -2
152 -1 16 -1 -2
8 -1 125 -1 -2
8 -1 164 -1 -2
58 -1 63 -1 -2
168 -1 20 -1 -2
199 -1 38 -1 -2
199 -1 20 -1 -2
199 -1 107 -1 -2
43 -1 20 -1 -2
43 -1 20 -1 -2
43 -1 20 -1 -2
43 -1 106 -1 -2
43 -1 20 -1 -2
93 -1 162 -1 -2
8 -1 4 -1 -2
195 -1 20 -1 -2
204 -1 83 -1 -2
8 -1 162 -1 -2
30 -1 4 -1 -2
8 -1 4 -1 -2
8 -1 2 -1 -2
8 -1 4 -1 -2
8 -1 4 -1 -2
8 -1 16 -1 -2
54 -1 107 -1 -2
8 -1 63 -1 -2
8 -1 2 -1 -2
136 -1 20 -1 -2
238 -1 16 -1 -2
238 -1 91 -1 -2
199 -1 16 -1 -2
3 -1 4 -1 -2
56 -1 4 -1 -2
93 -1 20 -1 -2
71 -1 4 -1 -2
136 -1 4 -1 -2
136 -1 2 -1 -2
195 -1 16 -1 -2
142 -1 124 -1 -2
142 -1 16 -1 -2
142 -1 20 -1 -2
233 -1 16 -1 -2
233 -1 147 -1 -2
8 -1 4 -1 -2
8 -1 4 -1 -2
239 -1 4 -1 -2
8 -1 20 -1 -2
8 -1 2 -1 -2
8 -1 63 -1 -2
8 -1 2 -1 -2
8 -1 20 -1 -2
240 -1 38 -1 -2
240 -1 20 -1 -2
25 -1 20 -1 -2
8 -1 4 -1 -2
166 -1 38 -1 -2
166 -1 55 -1 -2
166 -1 107 -1 -2
95 -1 124 -1 -2
95 -1 83 -1 -2
95 -1 38 -1 -2
95 -1 20 -1 -2
142 -1 4 -1 -2
142 -1 2 -1 -2
217 -1 216 -1 -2
42 -1 16 -1 -2
42 -1 20 -1 -2
25 -1 10 -1 -2
25 -1 91 -1 -2
130 -1 10 -1 -2
130 -1 55 -1 -2
130 -1 107 -1 -2
93 -1 20 -1 -2
167 -1 124 -1 -2
93 -1 16 -1 -2
166 -1 124 -1 -2
166 -1 20 -1 -2
166 -1 107 -1 -2
167 -1 83 -1 -2
167 -1 123 -1 -2
8 -1 16 -1 -2
8 -1 20 -1 -2
8 -1 91 -1 -2
8 -1 16 -1 -2
204 -1 20 -1 -2
8 -1 4 -1 -2
8 -1 4 -1 -2
8 -1 2 -1 -2
127 -1 2 -1 -2
8 -1 20 -1 -2
8 -1 107 -1 -2
8 -1 124 -1 -2
8 -1 16 -1 -2
8 -1 38 -1 -2
8 -1 20 -1 -2
8 -1 20 -1 -2
8 -1 2 -1 -2
8 8 -1 4 -1 -2
8 -1 4 -1 -2
8 -1 4 -1 -2
8 -1 16 -1 -2
8 -1 4 -1 -2
161 -1 2 -1 -2
134 -1 20 -1 -2
233 -1 20 -1 -2
8 -1 16 -1 -2
8 -1 4 -1 -2
8 -1 2 -1 -2
8 -1 2 -1 -2
8 -1 20 -1 -2
8 -1 4 -1 -2
204 -1 124 -1 -2
204 -1 38 -1 -2
204 -1 20 -1 -2
204 -1 107 -1 -2
241 -1 4 -1 -2
241 -1 2 -1 -2
8 -1 107 -1 -2
142 -1 16 -1 -2
38 -1 2 -1 -2
56 -1 10 -1 -2
56 -1 2 -1 -2
8 -1 2 -1 -2
8 -1 140 -1 -2
8 -1 4 -1 -2
8 -1 20 -1 -2
8 -1 91 -1 -2
8 -1 4 -1 -2
170 -1 38 -1 -2
170 -1 20 -1 -2
170 -1 106 -1 -2
170 -1 107 -1 -2
170 -1 20 -1 -2
170 -1 106 -1 -2
170 -1 107 -1 -2
166 -1 124 -1 -2
166 -1 20 -1 -2
166 -1 153 -1 -2
93 -1 124 -1 -2
93 -1 20 -1 -2
93 -1 124 -1 -2
93 -1 20 -1 -2
93 -1 107 -1 -2
136 -1 20 -1 -2
136 -1 20 -1 -2
142 -1 16 -1 -2
56 -1 20 -1 -2
56 -1 91 -1 -2
42 -1 55 -1 -2
42 -1 107 -1 -2
242 -1 20 -1 -2
243 -1 16 -1 -2
71 -1 20 -1 -2
71 -1 10 -1 -2
244 -1 2 -1 -2
136 -1 4 -1 -2
8 -1 2 -1 -2
8 -1 20 -1 -2
228 -1 16 -1 -2
8 -1 124 -1 -2
8 -1 83 -1 -2
8 -1 20 -1 -2
93 -1 4 -1 -2
93 -1 2 -1 -2
245 -1 16 -1 -2
8 -1 20 -1 -2
244 -1 20 -1 -2
244 -1 91 -1 -2
25 -1 20 -1 -2
30 -1 216 -1 -2
180 -1 124 -1 -2
180 -1 38 -1 -2
8 -1 16 -1 -2
8 -1 20 -1 -2
52 -1 2 -1 -2
136 -1 20 -1 -2
136 -1 107 -1 -2
8 -1 4 -1 -2
130 -1 16 -1 -2
130 -1 55 -1 -2
168 -1 20 -1 -2
8 -1 20 -1 -2
8 -1 20 -1 -2
93 -1 124 -1 -2
93 -1 16 -1 -2
93 -1 10 -1 -2
93 -1 55 -1 -2
8 -1 4 -1 -2
136 -1 2 -1 -2
8 -1 4 -1 -2
8 -1 2 -1 -2
151 -1 20 -1 -2
151 -1 91 -1 -2
246 -1 124 -1 -2
8 -1 2 -1 -2
231 -1 4 -1 -2
8 -1 4 -1 -2
247 -1 106 -1 -2
93 -1 2 -1 -2
142 -1 91 -1 -2
168 -1 16 -1 -2
168 -1 91 -1 -2
8 -1 4 -1 -2
25 -1 4 -1 -2
248 -1 20 -1 -2
248 -1 2 -1 -2
8 -1 16 -1 -2
8 -1 4 -1 -2
212 -1 16 -1 -2
8 -1 16 -1 -2
25 -1 20 -1 -2
133 -1 2 -1 -2
8 -1 20 -1 -2
8 -1 4 -1 -2
8 -1 4 -1 -2
168 -1 83 -1 -2
168 -1 55 -1 -2
228 -1 4 -1 -2
228 -1 2 -1 -2
142 -1 20 -1 -2
167 -1 20 -1 -2
204 -1 83 -1 -2
204 -1 16 -1 -2
204 -1 55 -1 -2
8 -1 216 -1 -2
8 -1 16 -1 -2
249 -1 216 -1 -2
249 -1 2 -1 -2
25 -1 124 -1 -2
25 -1 20 -1 -2
250 -1 20 -1 -2
250 -1 125 -1 -2
251 -1 216 -1 -2
251 -1 2 -1 -2
8 -1 216 -1 -2
8 -1 216 -1 -2
129 -1 2 -1 -2
8 -1 16 -1 -2
8 -1 123 -1 -2
68 -1 106 -1 -2
8 -1 2 -1 -2
18 -1 20 -1 -2
18 -1 107 -1 -2
190 -1 83 -1 -2
190 -1 38 -1 -2
38 -1 20 -1 -2
30 -1 38 -1 -2
30 -1 20 -1 -2
30 -1 2 -1 -2
30 -1 16 -1 -2
252 -1 4 -1 -2
252 -1 20 -1 -2
30 -1 20 -1 -2
30 -1 91 -1 -2
136 -1 125 -1 -2
145 -1 20 -1 -2
182 -1 20 -1 -2
38 -1 38 -1 -2
38 -1 91 -1 -2
38 -1 107 -1 -2
73 -1 2 -1 -2
42 -1 124 -1 -2
42 -1 38 -1 -2
42 -1 20 -1 -2
93 -1 124 -1 -2
93 -1 20 -1 -2
93 -1 107 -1 -2
217 -1 216 -1 -2
30 -1 216 -1 -2
3 -1 20 -1 -2
3 -1 2 -1 -2
38 -1 4 -1 -2
43 -1 83 -1 -2
43 -1 16 -1 -2
28 -1 2 -1 -2
253 -1 2 -1 -2
41 -1 10 -1 -2
41 -1 2 -1 -2
201 -1 216 -1 -2
14 -1 2 -1 -2
38 -1 20 -1 -2
38 -1 38 -1 -2
1 -1 4 -1 -2
1 -1 2 -1 -2
58 -1 10 -1 -2
58 -1 55 -1 -2
58 -1 106 -1 -2
38 -1 20 -1 -2
38 -1 91 -1 -2
254 -1 124 -1 -2
254 -1 38 -1 -2
254 -1 20 -1 -2
254 -1 107 -1 -2
18 -1 16 -1 -2
67 -1 124 -1 -2
67 -1 20 -1 -2
67 -1 140 -1 -2
67 -1 107 -1 -2
108 255 -1 2 -1 -2
203 -1 16 -1 -2
256 -1 83 -1 -2
256 -1 38 -1 -2
50 -1 2 -1 -2
3 -1 16 -1 -2
257 -1 124 -1 -2
257 -1 107 -1 -2
176 -1 216 -1 -2
188 -1 16 -1 -2
188 -1 20 -1 -2
81 -1 16 -1 -2
81 -1 38 -1 -2
90 -1 16 -1 -2
103 -1 83 -1 -2
258 -1 16 -1 -2
258 -1 38 -1 -2
8 -1 16 -1 -2
8 -1 147 -1 -2
25 -1 20 -1 -2
8 -1 83 -1 -2
8 -1 125 -1 -2
44 -1 16 -1 -2
44 -1 111 -1 -2
136 -1 83 -1 -2
166 -1 124 -1 -2
166 -1 38 -1 -2
166 -1 20 -1 -2
130 -1 16 -1 -2
130 -1 125 -1 -2
130 -1 55 -1 -2
168 -1 124 -1 -2
8 -1 4 -1 -2
8 -1 147 -1 -2
8 -1 2 -1 -2
8 -1 124 -1 -2
81 -1 2 -1 -2
259 -1 4 -1 -2
259 -1 2 -1 -2
8 -1 20 -1 -2
142 -1 16 -1 -2
200 -1 4 -1 -2
200 -1 2 -1 -2
82 -1 216 -1 -2
8 -1 4 -1 -2
8 -1 2 -1 -2
260 -1 2 -1 -2
25 -1 4 -1 -2
136 -1 20 -1 -2
136 -1 2 -1 -2
210 -1 124 -1 -2
130 -1 55 -1 -2
8 -1 4 -1 -2
8 -1 2 -1 -2
130 -1 124 -1 -2
130 -1 107 -1 -2
233 -1 4 -1 -2
233 -1 2 -1 -2
161 -1 20 -1 -2
161 -1 91 -1 -2
226 -1 63 -1 -2
93 -1 38 -1 -2
93 -1 106 -1 -2
93 -1 107 -1 -2
25 -1 94 -1 -2
8 -1 16 -1 -2
261 -1 4 -1 -2
261 -1 2 -1 -2
120 -1 125 -1 -2
122 -1 20 -1 -2
120 -1 125 -1 -2
93 -1 20 -1 -2
93 -1 147 -1 -2
93 -1 91 -1 -2
25 -1 16 -1 -2
25 -1 2 -1 -2
1 -1 2 -1 -2
93 -1 20 -1 -2
71 -1 2 -1 -2
154 -1 16 -1 -2
154 -1 147 -1 -2
154 -1 94 -1 -2
8 -1 20 -1 -2
166 -1 124 -1 -2
166 -1 38 -1 -2
166 -1 107 -1 -2
93 -1 107 -1 -2
93 -1 124 -1 -2
93 -1 16 -1 -2
93 -1 38 -1 -2
262 -1 4 -1 -2
262 -1 2 -1 -2
93 -1 124 -1 -2
93 -1 20 -1 -2
8 -1 4 -1 -2
8 -1 16 -1 -2
168 -1 20 -1 -2
8 -1 4 -1 -2
26 -1 20 -1 -2
8 -1 125 -1 -2
8 -1 111 -1 -2
8 -1 20 -1 -2
8 -1 123 -1 -2
18 -1 10 -1 -2
18 -1 147 -1 -2
18 -1 111 -1 -2
195 -1 16 -1 -2
195 -1 20 -1 -2
42 -1 63 -1 -2
42 -1 2 -1 -2
8 -1 16 -1 -2
8 -1 16 -1 -2
133 -1 16 -1 -2
8 -1 16 -1 -2
244 -1 124 -1 -2
244 -1 38 -1 -2
244 -1 107 -1 -2
136 -1 83 -1 -2
136 -1 55 -1 -2
142 -1 38 -1 -2
142 -1 91 -1 -2
142 -1 107 -1 -2
8 -1 124 -1 -2
8 -1 38 -1 -2
8 -1 20 -1 -2
8 -1 91 -1 -2
8 -1 107 -1 -2
167 -1 20 -1 -2
8 -1 124 -1 -2
56 -1 20 -1 -2
8 -1 20 -1 -2
8 -1 111 -1 -2
130 -1 55 -1 -2
133 -1 4 -1 -2
249 -1 216 -1 -2
85 -1 4 -1 -2
85 -1 123 -1 -2
25 -1 20 -1 -2
30 -1 16 -1 -2
136 -1 4 -1 -2
136 -1 2 -1 -2
8 -1 4 -1 -2
263 -1 55 -1 -2
93 -1 4 -1 -2
93 -1 2 -1 -2
264 -1 20 -1 -2
8 -1 20 -1 -2
30 -1 4 -1 -2
30 -1 2 -1 -2
30 -1 124 -1 -2
30 -1 16 -1 -2
30 -1 20 -1 -2
30 -1 147 -1 -2
42 -1 55 -1 -2
42 -1 107 -1 -2
56 -1 38 -1 -2
134 134 -1 20 -1 -2
134 -1 20 -1 -2
134 -1 2 -1 -2
142 -1 16 -1 -2
142 -1 38 -1 -2
142 -1 20 -1 -2
60 71 -1 107 -1 -2
210 -1 20 -1 -2
30 -1 63 -1 -2
30 -1 2 -1 -2
71 -1 16 -1 -2
30 -1 2 -1 -2
56 -1 4 -1 -2
148 -1 20 -1 -2
130 -1 55 -1 -2
130 -1 106 -1 -2
130 -1 107 -1 -2
95 -1 124 -1 -2
8 -1 16 -1 -2
8 -1 20 -1 -2
236 -1 16 -1 -2
93 -1 20 -1 -2
93 -1 2 -1 -2
8 -1 16 -1 -2
8 -1 91 -1 -2
8 -1 140 -1 -2
8 -1 20 -1 -2
8 -1 20 -1 -2
8 -1 16 -1 -2
8 -1 125 -1 -2
8 -1 2 -1 -2
8 8 -1 20 -1 -2
8 -1 16 -1 -2
8 -1 91 -1 -2
8 -1 16 -1 -2
8 -1 20 -1 -2
8 -1 4 -1 -2
8 -1 20 -1 -2
180 -1 124 -1 -2
180 -1 16 -1 -2
204 -1 124 -1 -2
204 -1 38 -1 -2
204 -1 20 -1 -2
168 -1 124 -1 -2
168 -1 16 -1 -2
204 -1 124 -1 -2
204 -1 38 -1 -2
204 -1 20 -1 -2
204 -1 107 -1 -2
204 -1 124 -1 -2
204 -1 38 -1 -2
204 -1 20 -1 -2
204 -1 107 -1 -2
204 -1 124 -1 -2
204 -1 94 -1 -2
204 -1 124 -1 -2
204 -1 38 -1 -2
204 -1 20 -1 -2
204 -1 107 -1 -2
204 -1 124 -1 -2
204 -1 38 -1 -2
204 -1 20 -1 -2
168 -1 106 -1 -2
8 -1 20 -1 -2
142 -1 20 -1 -2
167 -1 124 -1 -2
167 -1 20 -1 -2
185 -1 106 -1 -2
185 -1 2 -1 -2
26 -1 16 -1 -2
265 -1 16 -1 -2
3 -1 16 -1 -2
3 -1 38 -1 -2
3 -1 111 -1 -2
3 -1 2 -1 -2
190 -1 16 -1 -2
190 -1 20 -1 -2
190 -1 91 -1 -2
7 -1 216 -1 -2
80 -1 4 -1 -2
80 -1 147 -1 -2
8 -1 20 -1 -2
