242 -1 2 -1 -2
189 -1 164 -1 -2
142 -1 16 -1 -2
93 -1 16 -1 -2
142 -1 16 -1 -2
56 -1 20 -1 -2
56 -1 91 -1 -2
8 -1 16 -1 -2
136 136 -1 111 -1 -2
8 -1 4 -1 -2
8 -1 20 -1 -2
93 -1 63 -1 -2
93 -1 125 -1 -2
93 -1 4 -1 -2
136 -1 83 -1 -2
136 -1 20 -1 -2
136 -1 91 -1 -2
8 -1 4 -1 -2
50 50 -1 16 -1 -2
180 -1 20 -1 -2
8 -1 16 -1 -2
136 -1 20 -1 -2
136 -1 91 -1 -2
8 -1 4 -1 -2
266 -1 164 -1 -2
71 -1 162 -1 -2
151 -1 20 -1 -2
56 -1 83 -1 -2
56 -1 20 -1 -2
225 -1 216 -1 -2
3 -1 63 -1 -2
203 -1 16 -1 -2
18 -1 20 -1 -2
168 -1 124 -1 -2
168 -1 83 -1 -2
168 -1 16 -1 -2
168 -1 20 -1 -2
168 -1 123 -1 -2
30 -1 125 -1 -2
30 -1 10 -1 -2
133 -1 16 -1 -2
133 -1 162 -1 -2
133 -1 16 -1 -2
133 -1 146 -1 -2
133 -1 162 -1 -2
93 -1 125 -1 -2
93 -1 106 -1 -2
8 -1 107 -1 -2
81 -1 16 -1 -2
81 -1 125 -1 -2
81 -1 164 -1 -2
93 -1 16 -1 -2
8 -1 164 -1 -2
130 -1 135 -1 -2
130 -1 4 -1 -2
52 -1 16 -1 -2
52 -1 164 -1 -2
93 -1 16 -1 -2
8 -1 125 -1 -2
26 -1 16 -1 -2
8 -1 16 -1 -2
8 -1 38 -1 -2
8 -1 38 -1 -2
30 -1 16 -1 -2
30 -1 91 -1 -2
8 -1 20 -1 -2
8 -1 38 -1 -2
8 -1 20 -1 -2
8 -1 16 -1 -2
8 -1 125 -1 -2
8 -1 147 -1 -2
8 -1 4 -1 -2
93 -1 16 -1 -2
167 -1 16 -1 -2
167 -1 125 -1 -2
180 -1 20 -1 -2
267 -1 164 -1 -2
93 -1 20 -1 -2
93 -1 125 -1 -2
93 -1 10 -1 -2
8 -1 2 -1 -2
8 -1 2 -1 -2
8 -1 4 -1 -2
211 -1 16 -1 -2
3 -1 2 -1 -2
3 -1 2 -1 -2
93 -1 4 -1 -2
93 -1 147 -1 -2
3 -1 2 -1 -2
3 -1 63 -1 -2
3 -1 2 -1 -2
3 -1 20 -1 -2
3 -1 2 -1 -2
95 -1 124 -1 -2
95 -1 38 -1 -2
95 -1 106 -1 -2
95 -1 107 -1 -2
126 -1 4 -1 -2
126 -1 2 -1 -2
8 -1 125 -1 -2
133 -1 2 -1 -2
93 -1 2 -1 -2
8 -1 4 -1 -2
93 -1 124 -1 -2
130 -1 55 -1 -2
130 -1 106 -1 -2
130 -1 107 -1 -2
130 -1 55 -1 -2
130 -1 106 -1 -2
130 -1 140 -1 -2
130 -1 107 -1 -2
268 -1 162 -1 -2
8 -1 4 -1 -2
12 -1 4 -1 -2
12 -1 2 -1 -2
8 -1 20 -1 -2
259 -1 20 -1 -2
8 8 8 -1 4 -1 -2
8 -1 2 -1 -2
189 -1 107 -1 -2
93 -1 124 -1 -2
269 -1 16 -1 -2
58 -1 20 -1 -2
8 -1 16 -1 -2
8 -1 55 -1 -2
8 -1 140 -1 -2
8 -1 2 -1 -2
8 -1 107 -1 -2
42 -1 107 -1 -2
8 -1 2 -1 -2
42 -1 124 -1 -2
93 -1 2 -1 -2
3 -1 4 -1 -2
3 -1 2 -1 -2
25 -1 4 -1 -2
270 -1 2 -1 -2
180 -1 20 -1 -2
25 -1 16 -1 -2
167 -1 124 -1 -2
167 -1 38 -1 -2
167 -1 91 -1 -2
189 -1 2 -1 -2
93 -1 16 -1 -2
93 -1 38 -1 -2
93 -1 55 -1 -2
228 -1 124 -1 -2
228 -1 55 -1 -2
8 -1 2 -1 -2
8 -1 2 -1 -2
8 -1 4 -1 -2
52 -1 216 -1 -2
271 -1 216 -1 -2
25 -1 135 -1 -2
25 -1 2 -1 -2
25 -1 4 -1 -2
25 -1 2 -1 -2
272 -1 2 -1 -2
8 8 -1 4 -1 -2
225 -1 216 -1 -2
8 -1 55 -1 -2
8 -1 2 -1 -2
8 -1 63 -1 -2
8 -1 125 -1 -2
8 -1 111 -1 -2
154 -1 2 -1 -2
233 -1 20 -1 -2
273 -1 20 -1 -2
273 -1 91 -1 -2
274 -1 20 -1 -2
274 -1 106 -1 -2
144 -1 124 -1 -2
95 -1 124 -1 -2
71 -1 2 -1 -2
56 -1 20 -1 -2
56 -1 2 -1 -2
136 -1 4 -1 -2
136 -1 2 -1 -2
93 -1 4 -1 -2
93 -1 2 -1 -2
93 -1 4 -1 -2
210 -1 124 -1 -2
210 -1 20 -1 -2
25 -1 20 -1 -2
58 -1 38 -1 -2
30 -1 16 -1 -2
30 -1 2 -1 -2
204 -1 124 -1 -2
204 -1 38 -1 -2
204 -1 20 -1 -2
166 -1 124 -1 -2
166 -1 38 -1 -2
166 -1 20 -1 -2
242 -1 4 -1 -2
167 -1 124 -1 -2
167 -1 16 -1 -2
167 -1 38 -1 -2
167 -1 20 -1 -2
204 -1 16 -1 -2
204 -1 38 -1 -2
204 -1 10 -1 -2
204 -1 107 -1 -2
275 -1 91 -1 -2
142 -1 20 -1 -2
180 -1 124 -1 -2
180 -1 38 -1 -2
180 -1 20 -1 -2
93 -1 2 -1 -2
93 -1 124 -1 -2
93 -1 38 -1 -2
93 -1 20 -1 -2
93 -1 107 -1 -2
276 -1 2 -1 -2
30 -1 2 -1 -2
242 -1 20 -1 -2
242 -1 2 -1 -2
93 -1 4 -1 -2
201 -1 16 -1 -2
201 -1 20 -1 -2
71 -1 2 -1 -2
8 -1 4 -1 -2
8 -1 216 -1 -2
8 -1 4 -1 -2
8 -1 4 -1 -2
8 -1 146 -1 -2
8 -1 135 -1 -2
8 -1 20 -1 -2
277 -1 20 -1 -2
8 -1 20 -1 -2
8 -1 125 -1 -2
8 -1 94 -1 -2
80 -1 4 -1 -2
8 -1 107 -1 -2
136 -1 20 -1 -2
136 -1 2 -1 -2
136 -1 4 -1 -2
136 -1 2 -1 -2
31 -1 4 -1 -2
8 -1 4 -1 -2
8 -1 20 -1 -2
8 -1 2 -1 -2
8 -1 4 -1 -2
8 -1 38 -1 -2
8 -1 20 -1 -2
8 -1 107 -1 -2
8 -1 2 -1 -2
8 -1 63 -1 -2
8 -1 2 -1 -2
166 -1 38 -1 -2
166 -1 106 -1 -2
166 -1 107 -1 -2
166 -1 124 -1 -2
93 -1 16 -1 -2
93 -1 2 -1 -2
142 -1 38 -1 -2
142 -1 20 -1 -2
142 -1 107 -1 -2
8 -1 4 -1 -2
8 -1 20 -1 -2
8 -1 2 -1 -2
8 -1 94 -1 -2
8 -1 4 -1 -2
8 -1 4 -1 -2
8 -1 16 -1 -2
8 -1 20 -1 -2
8 -1 123 -1 -2
8 -1 111 -1 -2
8 -1 140 -1 -2
8 -1 16 -1 -2
8 -1 2 -1 -2
8 -1 16 -1 -2
8 -1 2 -1 -2
278 -1 20 -1 -2
50 -1 2 -1 -2
25 -1 20 -1 -2
180 -1 20 -1 -2
180 -1 20 -1 -2
95 -1 4 -1 -2
95 -1 2 -1 -2
8 -1 16 -1 -2
8 -1 38 -1 -2
8 -1 4 -1 -2
93 -1 63 -1 -2
93 -1 2 -1 -2
279 -1 20 -1 -2
252 -1 111 -1 -2
252 -1 2 -1 -2
42 -1 216 -1 -2
169 -1 16 -1 -2
93 -1 140 -1 -2
93 -1 2 -1 -2
167 -1 20 -1 -2
8 -1 4 -1 -2
8 -1 4 -1 -2
187 -1 107 -1 -2
8 -1 4 -1 -2
144 -1 20 -1 -2
130 -1 2 -1 -2
276 -1 63 -1 -2
276 -1 2 -1 -2
42 -1 124 -1 -2
136 -1 20 -1 -2
44 -1 83 -1 -2
44 -1 111 -1 -2
280 -1 216 -1 -2
280 -1 16 -1 -2
136 -1 2 -1 -2
281 -1 16 -1 -2
67 -1 20 -1 -2
30 -1 4 -1 -2
32 -1 16 -1 -2
32 -1 20 -1 -2
32 -1 2 -1 -2
8 -1 135 -1 -2
8 -1 4 -1 -2
93 -1 4 -1 -2
95 -1 124 -1 -2
8 -1 107 -1 -2
141 -1 4 -1 -2
141 -1 2 -1 -2
25 -1 20 -1 -2
8 -1 4 -1 -2
8 -1 2 -1 -2
8 -1 16 -1 -2
8 -1 20 -1 -2
8 -1 16 -1 -2
206 -1 16 -1 -2
230 -1 4 -1 -2
93 -1 20 -1 -2
130 -1 107 -1 -2
282 -1 16 -1 -2
50 -1 16 -1 -2
50 -1 2 -1 -2
8 -1 4 -1 -2
210 -1 124 -1 -2
210 -1 38 -1 -2
210 -1 107 -1 -2
8 -1 4 -1 -2
86 -1 16 -1 -2
38 -1 38 -1 -2
38 -1 20 -1 -2
8 -1 4 -1 -2
8 -1 2 -1 -2
136 -1 20 -1 -2
8 -1 4 -1 -2
252 -1 16 -1 -2
252 -1 111 -1 -2
252 -1 106 -1 -2
252 -1 91 -1 -2
167 -1 20 -1 -2
8 -1 216 -1 -2
177 -1 2 -1 -2
8 -1 2 -1 -2
8 -1 20 -1 -2
204 -1 20 -1 -2
204 -1 55 -1 -2
8 -1 20 -1 -2
14 -1 4 -1 -2
14 -1 2 -1 -2
195 -1 16 -1 -2
136 -1 4 -1 -2
93 -1 2 -1 -2
8 -1 38 -1 -2
8 -1 147 -1 -2
8 -1 124 -1 -2
8 -1 16 -1 -2
283 -1 2 -1 -2
283 -1 2 -1 -2
92 -1 4 -1 -2
130 -1 4 -1 -2
130 -1 2 -1 -2
8 -1 4 -1 -2
8 -1 16 -1 -2
8 -1 2 -1 -2
8 -1 16 -1 -2
8 -1 2 -1 -2
199 -1 2 -1 -2
8 -1 16 -1 -2
8 -1 4 -1 -2
8 -1 123 -1 -2
8 -1 147 -1 -2
8 -1 91 -1 -2
71 -1 2 -1 -2
106 -1 20 -1 -2
8 -1 107 -1 -2
8 -1 2 -1 -2
25 -1 20 -1 -2
25 -1 125 -1 -2
142 -1 10 -1 -2
8 -1 16 -1 -2
196 -1 20 -1 -2
133 -1 2 -1 -2
30 -1 16 -1 -2
8 -1 16 -1 -2
284 -1 4 -1 -2
8 -1 4 -1 -2
8 -1 2 -1 -2
61 -1 20 -1 -2
195 -1 124 -1 -2
195 -1 16 -1 -2
195 -1 106 -1 -2
195 -1 91 -1 -2
195 -1 107 -1 -2
8 -1 4 -1 -2
204 -1 55 -1 -2
204 -1 107 -1 -2
167 -1 94 -1 -2
8 -1 216 -1 -2
166 -1 20 -1 -2
8 -1 16 -1 -2
8 -1 16 -1 -2
8 -1 16 -1 -2
8 -1 216 -1 -2
151 -1 83 -1 -2
8 -1 4 -1 -2
8 -1 2 -1 -2
251 -1 216 -1 -2
8 -1 4 -1 -2
285 -1 16 -1 -2
90 -1 16 -1 -2
90 -1 2 -1 -2
28 -1 20 -1 -2
201 -1 216 -1 -2
12 -1 83 -1 -2
12 -1 63 -1 -2
12 -1 2 -1 -2
75 -1 2 -1 -2
56 -1 20 -1 -2
44 -1 63 -1 -2
44 -1 2 -1 -2
56 -1 63 -1 -2
56 -1 2 -1 -2
8 -1 4 -1 -2
28 -1 20 -1 -2
24 -1 20 -1 -2
228 -1 16 -1 -2
9 -1 20 -1 -2
9 -1 10 -1 -2
9 -1 147 -1 -2
9 -1 91 -1 -2
286 -1 20 -1 -2
54 -1 2 -1 -2
3 -1 4 -1 -2
44 -1 4 -1 -2
44 -1 2 -1 -2
42 -1 124 -1 -2
42 -1 38 -1 -2
42 -1 10 -1 -2
42 -1 106 -1 -2
42 -1 107 -1 -2
287 -1 16 -1 -2
288 -1 4 -1 -2
288 -1 2 -1 -2
289 -1 2 -1 -2
95 -1 124 -1 -2
43 -1 16 -1 -2
43 -1 20 -1 -2
43 -1 16 -1 -2
43 -1 107 -1 -2
38 -1 20 -1 -2
38 -1 146 -1 -2
142 -1 83 -1 -2
142 -1 16 -1 -2
175 -1 2 -1 -2
1 -1 4 -1 -2
58 -1 2 -1 -2
203 -1 16 -1 -2
64 -1 20 -1 -2
64 -1 91 -1 -2
56 -1 2 -1 -2
56 -1 16 -1 -2
108 -1 16 -1 -2
108 -1 20 -1 -2
66 -1 20 -1 -2
66 -1 91 -1 -2
33 -1 2 -1 -2
284 -1 55 -1 -2
284 -1 20 -1 -2
284 -1 20 -1 -2
56 -1 4 -1 -2
56 -1 20 -1 -2
56 -1 20 -1 -2
56 -1 16 -1 -2
56 -1 20 -1 -2
242 -1 4 -1 -2
290 -1 4 -1 -2
81 -1 16 -1 -2
81 -1 2 -1 -2
81 -1 63 -1 -2
81 -1 2 -1 -2
56 -1 20 -1 -2
56 -1 94 -1 -2
185 -1 16 -1 -2
28 -1 2 -1 -2
113 -1 16 -1 -2
291 -1 4 -1 -2
8 -1 16 -1 -2
180 -1 124 -1 -2
8 -1 20 -1 -2
8 -1 125 -1 -2
180 -1 124 -1 -2
180 -1 16 -1 -2
180 -1 38 -1 -2
93 -1 216 -1 -2
93 -1 16 -1 -2
93 -1 20 -1 -2
93 -1 55 -1 -2
93 -1 106 -1 -2
93 -1 107 -1 -2
8 -1 216 -1 -2
8 -1 216 -1 -2
168 -1 124 -1 -2
168 -1 16 -1 -2
168 -1 124 -1 -2
168 -1 16 -1 -2
8 -1 216 -1 -2
8 -1 20 -1 -2
292 -1 4 -1 -2
93 -1 91 -1 -2
71 -1 20 -1 -2
161 -1 20 -1 -2
161 -1 2 -1 -2
8 -1 16 -1 -2
8 -1 38 -1 -2
93 -1 2 -1 -2
93 -1 2 -1 -2
166 -1 38 -1 -2
166 -1 55 -1 -2
166 -1 107 -1 -2
25 -1 4 -1 -2
25 -1 2 -1 -2
25 -1 4 -1 -2
25 -1 147 -1 -2
68 -1 124 -1 -2
68 -1 16 -1 -2
68 -1 20 -1 -2
68 -1 91 -1 -2
134 -1 20 -1 -2
204 -1 124 -1 -2
204 -1 38 -1 -2
204 -1 20 -1 -2
8 -1 4 -1 -2
8 -1 2 -1 -2
42 -1 38 -1 -2
42 -1 55 -1 -2
42 -1 106 -1 -2
42 -1 107 -1 -2
195 -1 83 -1 -2
195 -1 16 -1 -2
195 -1 20 -1 -2
195 -1 10 -1 -2
195 -1 55 -1 -2
56 -1 4 -1 -2
56 -1 2 -1 -2
8 -1 4 -1 -2
28 -1 2 -1 -2
71 -1 123 -1 -2
8 -1 107 -1 -2
8 -1 20 -1 -2
8 -1 20 -1 -2
204 -1 107 -1 -2
8 -1 4 -1 -2
136 -1 125 -1 -2
93 -1 2 -1 -2
8 8 -1 4 -1 -2
8 -1 38 -1 -2
8 -1 20 -1 -2
8 -1 107 -1 -2
142 -1 16 -1 -2
142 -1 20 -1 -2
126 -1 20 -1 -2
93 -1 20 -1 -2
93 -1 10 -1 -2
93 -1 91 -1 -2
42 -1 55 -1 -2
14 -1 20 -1 -2
93 -1 63 -1 -2
93 -1 125 -1 -2
93 -1 2 -1 -2
241 -1 4 -1 -2
241 -1 2 -1 -2
30 -1 216 -1 -2
30 -1 10 -1 -2
30 -1 216 -1 -2
30 -1 216 -1 -2
30 -1 216 -1 -2
30 -1 216 -1 -2
30 -1 216 -1 -2
30 -1 216 -1 -2
30 -1 216 -1 -2
30 -1 216 -1 -2
8 -1 216 -1 -2
130 -1 55 -1 -2
172 -1 2 -1 -2
64 -1 20 -1 -2
8 8 -1 4 -1 -2
42 -1 55 -1 -2
42 -1 107 -1 -2
8 -1 4 -1 -2
130 -1 124 -1 -2
130 -1 20 -1 -2
293 -1 55 -1 -2
30 -1 106 -1 -2
30 -1 2 -1 -2
77 -1 16 -1 -2
77 -1 10 -1 -2
77 -1 55 -1 -2
77 -1 106 -1 -2
77 -1 2 -1 -2
77 -1 107 -1 -2
294 -1 124 -1 -2
294 -1 16 -1 -2
294 -1 20 -1 -2
67 -1 4 -1 -2
294 -1 124 -1 -2
294 -1 38 -1 -2
294 -1 107 -1 -2
295 -1 4 -1 -2
30 133 -1 125 -1 -2
30 133 -1 2 -1 -2
30 133 -1 125 -1 -2
30 133 -1 2 -1 -2
296 -1 2 -1 -2
130 -1 55 -1 -2
130 -1 107 -1 -2
93 -1 107 -1 -2
30 -1 16 -1 -2
241 -1 20 -1 -2
241 -1 2 -1 -2
185 -1 16 -1 -2
185 -1 2 -1 -2
122 -1 216 -1 -2
8 -1 107 -1 -2
168 -1 20 -1 -2
168 -1 91 -1 -2
270 -1 20 -1 -2
270 -1 2 -1 -2
30 -1 10 -1 -2
30 -1 2 -1 -2
136 -1 2 -1 -2
8 -1 4 -1 -2
56 -1 147 -1 -2
28 -1 63 -1 -2
28 -1 2 -1 -2
93 -1 4 -1 -2
93 -1 2 -1 -2
136 -1 16 -1 -2
8 -1 20 -1 -2
8 -1 38 -1 -2
8 -1 20 -1 -2
8 -1 63 -1 -2
42 -1 124 -1 -2
8 -1 4 -1 -2
95 -1 124 -1 -2
133 -1 2 -1 -2
30 -1 16 -1 -2
30 -1 4 -1 -2
44 -1 2 -1 -2
282 -1 124 -1 -2
282 -1 16 -1 -2
282 -1 20 -1 -2
204 -1 124 -1 -2
204 -1 38 -1 -2
204 -1 107 -1 -2
297 -1 2 -1 -2
298 -1 38 -1 -2
8 -1 4 -1 -2
204 -1 124 -1 -2
204 -1 16 -1 -2
204 -1 10 -1 -2
166 -1 124 -1 -2
166 -1 38 -1 -2
166 -1 107 -1 -2
133 -1 2 -1 -2
93 -1 124 -1 -2
8 -1 125 -1 -2
8 -1 10 -1 -2
8 -1 4 -1 -2
106 -1 106 -1 -2
81 -1 16 -1 -2
136 -1 4 -1 -2
136 -1 2 -1 -2
163 -1 4 -1 -2
163 -1 2 -1 -2
25 -1 16 -1 -2
8 -1 2 -1 -2
8 -1 216 -1 -2
274 -1 4 -1 -2
204 -1 124 -1 -2
204 -1 20 -1 -2
299 -1 216 -1 -2
236 -1 4 -1 -2
180 -1 55 -1 -2
180 -1 106 -1 -2
180 -1 91 -1 -2
8 -1 16 -1 -2
8 -1 153 -1 -2
300 -1 216 -1 -2
204 -1 124 -1 -2
204 -1 16 -1 -2
204 -1 10 -1 -2
204 -1 55 -1 -2
8 -1 2 -1 -2
30 -1 16 -1 -2
301 -1 4 -1 -2
204 -1 16 -1 -2
204 -1 10 -1 -2
71 -1 16 -1 -2
71 -1 2 -1 -2
30 -1 20 -1 -2
30 -1 2 -1 -2
8 8 -1 2 -1 -2
50 -1 124 -1 -2
93 -1 216 -1 -2
8 -1 4 -1 -2
8 -1 123 -1 -2
71 -1 2 -1 -2
71 -1 20 -1 -2
71 -1 2 -1 -2
252 -1 20 -1 -2
126 -1 20 -1 -2
126 -1 2 -1 -2
38 -1 38 -1 -2
38 -1 20 -1 -2
58 -1 107 -1 -2
15 -1 20 -1 -2
238 -1 216 -1 -2
71 -1 2 -1 -2
161 -1 16 -1 -2
161 -1 2 -1 -2
95 -1 124 -1 -2
95 -1 20 -1 -2
30 -1 16 -1 -2
30 -1 2 -1 -2
225 -1 216 -1 -2
225 -1 4 -1 -2
71 -1 4 -1 -2
93 -1 124 -1 -2
93 -1 16 -1 -2
93 -1 38 -1 -2
93 -1 147 -1 -2
8 -1 135 -1 -2
8 -1 4 -1 -2
8 -1 147 -1 -2
43 -1 124 -1 -2
43 -1 83 -1 -2
43 -1 63 -1 -2
43 -1 125 -1 -2
43 -1 10 -1 -2
14 -1 20 -1 -2
14 -1 2 -1 -2
8 -1 16 -1 -2
8 -1 107 -1 -2
8 -1 2 -1 -2
302 -1 4 -1 -2
86 -1 20 -1 -2
86 -1 2 -1 -2
130 -1 55 -1 -2
130 -1 106 -1 -2
130 -1 107 -1 -2
166 -1 124 -1 -2
93 -1 2 -1 -2
8 -1 4 -1 -2
93 -1 124 -1 -2
233 -1 20 -1 -2
71 -1 135 -1 -2
71 -1 2 -1 -2
8 -1 16 -1 -2
8 -1 20 -1 -2
8 -1 107 -1 -2
8 -1 107 -1 -2
8 -1 4 -1 -2
8 -1 2 -1 -2
8 -1 4 -1 -2
8 -1 2 -1 -2
8 -1 216 -1 -2
8 -1 4 -1 -2
8 -1 20 -1 -2
8 -1 4 -1 -2
8 -1 147 -1 -2
8 -1 16 -1 -2
32 -1 20 -1 -2
8 -1 16 -1 -2
8 -1 20 -1 -2
8 -1 16 -1 -2
204 204 -1 124 -1 -2
204 204 -1 83 -1 -2
204 204 -1 123 -1 -2
204 204 -1 153 -1 -2
8 -1 124 -1 -2
8 -1 16 -1 -2
8 -1 106 -1 -2
8 -1 124 -1 -2
8 -1 38 -1 -2
8 -1 20 -1 -2
8 -1 91 -1 -2
303 -1 16 -1 -2
303 -1 55 -1 -2
93 -1 124 -1 -2
93 -1 16 -1 -2
93 -1 38 -1 -2
93 -1 55 -1 -2
204 -1 124 -1 -2
180 -1 55 -1 -2
180 -1 91 -1 -2
282 244 -1 16 -1 -2
282 244 -1 55 -1 -2
180 -1 16 -1 -2
180 -1 55 -1 -2
244 -1 55 -1 -2
8 -1 94 -1 -2
282 -1 20 -1 -2
282 -1 55 -1 -2
304 -1 216 -1 -2
8 -1 107 -1 -2
8 -1 2 -1 -2
8 -1 20 -1 -2
30 -1 2 -1 -2
281 -1 20 -1 -2
71 -1 2 -1 -2
30 -1 2 -1 -2
130 -1 107 -1 -2
54 -1 16 -1 -2
54 -1 2 -1 -2
8 -1 20 -1 -2
