136 -1 123 -1 -2
3 -1 63 -1 -2
3 -1 125 -1 -2
8 -1 164 -1 -2
8 -1 4 -1 -2
8 -1 305 -1 -2
233 -1 20 -1 -2
233 -1 123 -1 -2
233 -1 83 -1 -2
233 -1 20 -1 -2
233 -1 123 -1 -2
233 -1 123 -1 -2
67 -1 83 -1 -2
28 -1 16 -1 -2
8 -1 4 -1 -2
189 -1 164 -1 -2
93 -1 124 -1 -2
93 -1 20 -1 -2
93 -1 106 -1 -2
93 -1 91 -1 -2
93 -1 107 -1 -2
93 -1 20 -1 -2
93 -1 91 -1 -2
93 -1 20 -1 -2
93 -1 20 -1 -2
8 -1 20 -1 -2
8 -1 91 -1 -2
8 -1 164 -1 -2
93 -1 146 -1 -2
98 -1 38 -1 -2
8 -1 125 -1 -2
8 -1 125 -1 -2
8 -1 10 -1 -2
169 -1 305 -1 -2
8 -1 20 -1 -2
134 -1 305 -1 -2
8 -1 16 -1 -2
8 -1 305 -1 -2
148 -1 16 -1 -2
306 -1 305 -1 -2
70 -1 16 -1 -2
70 -1 20 -1 -2
70 -1 125 -1 -2
30 -1 123 -1 -2
30 -1 123 -1 -2
204 -1 16 -1 -2
204 -1 10 -1 -2
132 -1 20 -1 -2
132 -1 20 -1 -2
93 -1 111 -1 -2
93 -1 91 -1 -2
307 -1 20 -1 -2
303 -1 20 -1 -2
8 -1 16 -1 -2
93 -1 4 -1 -2
8 -1 4 -1 -2
130 -1 106 -1 -2
308 -1 20 -1 -2
308 -1 106 -1 -2
8 -1 4 -1 -2
8 -1 16 -1 -2
8 -1 164 -1 -2
50 -1 164 -1 -2
8 -1 16 -1 -2
8 -1 16 -1 -2
8 -1 38 -1 -2
169 -1 305 -1 -2
8 -1 4 -1 -2
8 -1 4 -1 -2
8 -1 4 -1 -2
8 -1 4 -1 -2
8 -1 4 -1 -2
8 -1 4 -1 -2
8 -1 4 -1 -2
8 -1 4 -1 -2
8 -1 4 -1 -2
8 -1 4 -1 -2
8 -1 4 -1 -2
8 -1 4 -1 -2
8 -1 4 -1 -2
93 -1 20 -1 -2
69 38 -1 38 -1 -2
8 -1 305 -1 -2
8 -1 16 -1 -2
8 -1 4 -1 -2
42 -1 125 -1 -2
42 -1 164 -1 -2
109 -1 164 -1 -2
93 -1 38 -1 -2
93 -1 20 -1 -2
93 -1 38 -1 -2
93 -1 20 -1 -2
309 -1 305 -1 -2
93 -1 124 -1 -2
93 -1 20 -1 -2
8 -1 4 -1 -2
3 -1 63 -1 -2
8 -1 125 -1 -2
8 -1 164 -1 -2
8 -1 305 -1 -2
8 -1 305 -1 -2
129 -1 4 -1 -2
129 -1 305 -1 -2
32 -1 4 -1 -2
32 -1 305 -1 -2
310 -1 63 -1 -2
8 -1 305 -1 -2
8 -1 16 -1 -2
8 -1 4 -1 -2
8 -1 20 -1 -2
8 -1 123 -1 -2
8 -1 305 -1 -2
185 -1 4 -1 -2
8 -1 4 -1 -2
8 -1 4 -1 -2
8 -1 305 -1 -2
54 -1 16 -1 -2
8 -1 21 -1 -2
133 -1 2 -1 -2
93 -1 16 -1 -2
93 -1 305 -1 -2
93 -1 162 -1 -2
8 -1 4 -1 -2
8 -1 125 -1 -2
151 -1 20 -1 -2
264 -1 124 -1 -2
264 -1 63 -1 -2
264 -1 16 -1 -2
264 -1 10 -1 -2
264 -1 91 -1 -2
8 -1 4 -1 -2
8 8 -1 4 -1 -2
311 -1 4 -1 -2
15 -1 135 -1 -2
154 -1 4 -1 -2
154 -1 20 -1 -2
154 -1 123 -1 -2
93 -1 16 -1 -2
8 -1 4 -1 -2
44 -1 83 -1 -2
44 -1 63 -1 -2
44 -1 16 -1 -2
44 -1 140 -1 -2
81 -1 16 -1 -2
81 -1 4 -1 -2
81 -1 21 -1 -2
30 -1 4 -1 -2
8 -1 20 -1 -2
8 -1 123 -1 -2
8 -1 91 -1 -2
8 -1 305 -1 -2
136 -1 107 -1 -2
8 -1 305 -1 -2
168 -1 124 -1 -2
43 -1 20 -1 -2
8 -1 305 -1 -2
136 -1 147 -1 -2
142 -1 63 -1 -2
8 -1 16 -1 -2
168 -1 16 -1 -2
168 -1 91 -1 -2
8 -1 4 -1 -2
71 -1 164 -1 -2
8 -1 164 -1 -2
93 -1 4 -1 -2
8 -1 4 -1 -2
8 -1 4 -1 -2
93 -1 16 -1 -2
93 -1 16 -1 -2
93 -1 162 -1 -2
93 -1 162 -1 -2
93 -1 16 -1 -2
133 -1 91 -1 -2
30 -1 162 -1 -2
30 -1 162 -1 -2
30 -1 162 -1 -2
8 -1 16 -1 -2
8 -1 20 -1 -2
8 -1 106 -1 -2
168 -1 20 -1 -2
168 -1 91 -1 -2
56 -1 16 -1 -2
25 -1 4 -1 -2
26 -1 162 -1 -2
312 -1 16 -1 -2
93 -1 16 -1 -2
93 -1 20 -1 -2
93 -1 91 -1 -2
8 -1 125 -1 -2
8 -1 305 -1 -2
25 -1 4 -1 -2
25 -1 147 -1 -2
25 -1 162 -1 -2
25 -1 164 -1 -2
25 -1 147 -1 -2
25 -1 4 -1 -2
25 -1 147 -1 -2
25 -1 162 -1 -2
8 -1 4 -1 -2
8 -1 4 -1 -2
8 -1 305 -1 -2
8 -1 4 -1 -2
244 -1 20 -1 -2
180 -1 4 -1 -2
8 -1 4 -1 -2
8 -1 305 -1 -2
313 -1 140 -1 -2
30 -1 162 -1 -2
8 -1 20 -1 -2
8 -1 91 -1 -2
30 -1 162 -1 -2
30 -1 164 -1 -2
25 -1 16 -1 -2
8 -1 4 -1 -2
8 -1 305 -1 -2
8 -1 4 -1 -2
8 -1 305 -1 -2
152 -1 16 -1 -2
152 -1 38 -1 -2
152 -1 20 -1 -2
152 -1 91 -1 -2
257 -1 135 -1 -2
257 -1 4 -1 -2
257 -1 123 -1 -2
257 -1 21 -1 -2
8 -1 4 -1 -2
8 -1 4 -1 -2
8 -1 4 -1 -2
8 -1 4 -1 -2
8 -1 4 -1 -2
8 -1 4 -1 -2
8 -1 164 -1 -2
8 -1 164 -1 -2
8 -1 4 -1 -2
8 -1 305 -1 -2
30 -1 162 -1 -2
244 -1 38 -1 -2
68 -1 16 -1 -2
68 -1 20 -1 -2
68 -1 91 -1 -2
68 -1 16 -1 -2
68 -1 20 -1 -2
68 -1 91 -1 -2
30 -1 20 -1 -2
71 -1 162 -1 -2
8 -1 4 -1 -2
8 -1 2 -1 -2
8 -1 55 -1 -2
8 -1 2 -1 -2
136 -1 20 -1 -2
136 -1 91 -1 -2
8 -1 4 -1 -2
122 -1 135 -1 -2
122 -1 20 -1 -2
8 -1 4 -1 -2
271 -1 216 -1 -2
3 -1 20 -1 -2
136 -1 4 -1 -2
136 -1 2 -1 -2
3 -1 20 -1 -2
8 -1 4 -1 -2
8 -1 20 -1 -2
8 -1 94 -1 -2
8 -1 4 -1 -2
8 -1 2 -1 -2
8 -1 94 -1 -2
8 -1 4 -1 -2
8 -1 2 -1 -2
3 -1 20 -1 -2
130 -1 55 -1 -2
314 -1 4 -1 -2
93 -1 135 -1 -2
93 -1 4 -1 -2
93 -1 147 -1 -2
3 -1 20 -1 -2
3 -1 55 -1 -2
3 -1 107 -1 -2
3 -1 2 -1 -2
315 -1 216 -1 -2
155 -1 4 -1 -2
155 -1 2 -1 -2
142 -1 2 -1 -2
136 -1 20 -1 -2
136 -1 2 -1 -2
233 -1 16 -1 -2
242 -1 2 -1 -2
8 -1 20 -1 -2
8 -1 2 -1 -2
293 -1 2 -1 -2
8 -1 4 -1 -2
8 -1 4 -1 -2
3 -1 2 -1 -2
126 -1 2 -1 -2
316 -1 4 -1 -2
136 -1 20 -1 -2
136 -1 2 -1 -2
93 136 -1 4 -1 -2
52 -1 2 -1 -2
136 -1 20 -1 -2
136 -1 2 -1 -2
56 -1 83 -1 -2
56 -1 2 -1 -2
151 -1 38 -1 -2
151 -1 20 -1 -2
136 -1 2 -1 -2
133 -1 4 -1 -2
133 -1 20 -1 -2
3 -1 38 -1 -2
3 -1 20 -1 -2
177 -1 16 -1 -2
177 -1 2 -1 -2
8 -1 20 -1 -2
8 -1 4 -1 -2
14 -1 4 -1 -2
8 -1 16 -1 -2
8 -1 38 -1 -2
8 -1 20 -1 -2
25 -1 16 -1 -2
25 -1 123 -1 -2
52 -1 216 -1 -2
8 -1 20 -1 -2
8 -1 2 -1 -2
8 -1 2 -1 -2
8 -1 20 -1 -2
8 -1 91 -1 -2
58 -1 63 -1 -2
58 -1 2 -1 -2
317 -1 20 -1 -2
317 -1 2 -1 -2
8 -1 4 -1 -2
151 -1 124 -1 -2
151 -1 83 -1 -2
151 -1 20 -1 -2
318 -1 16 -1 -2
172 -1 10 -1 -2
172 -1 2 -1 -2
165 -1 63 -1 -2
165 -1 2 -1 -2
221 -1 135 -1 -2
165 -1 4 -1 -2
30 -1 2 -1 -2
30 -1 20 -1 -2
30 -1 2 -1 -2
93 -1 4 -1 -2
93 -1 2 -1 -2
319 -1 20 -1 -2
8 -1 216 -1 -2
313 -1 124 -1 -2
313 -1 83 -1 -2
313 -1 20 -1 -2
313 -1 91 -1 -2
313 -1 94 -1 -2
43 -1 83 -1 -2
43 -1 63 -1 -2
43 -1 125 -1 -2
43 -1 10 -1 -2
43 -1 125 -1 -2
136 -1 135 -1 -2
67 -1 4 -1 -2
185 -1 4 -1 -2
185 -1 2 -1 -2
8 8 -1 2 -1 -2
8 -1 216 -1 -2
8 -1 216 -1 -2
8 -1 4 -1 -2
133 -1 4 -1 -2
133 -1 2 -1 -2
30 -1 162 -1 -2
30 -1 20 -1 -2
8 -1 2 -1 -2
155 -1 20 -1 -2
320 -1 124 -1 -2
120 -1 4 -1 -2
321 -1 20 -1 -2
321 -1 2 -1 -2
249 -1 216 -1 -2
284 -1 216 -1 -2
93 -1 124 -1 -2
8 -1 4 -1 -2
167 -1 2 -1 -2
8 -1 125 -1 -2
322 -1 2 -1 -2
15 -1 4 -1 -2
8 -1 216 -1 -2
30 -1 135 -1 -2
30 -1 4 -1 -2
93 -1 2 -1 -2
8 -1 4 -1 -2
30 -1 4 -1 -2
8 -1 216 -1 -2
92 -1 4 -1 -2
92 -1 2 -1 -2
8 -1 4 -1 -2
8 8 -1 4 -1 -2
199 -1 2 -1 -2
154 -1 4 -1 -2
8 -1 83 -1 -2
8 -1 107 -1 -2
93 -1 4 -1 -2
8 -1 4 -1 -2
8 -1 94 -1 -2
92 -1 4 -1 -2
246 -1 16 -1 -2
246 -1 2 -1 -2
50 -1 124 -1 -2
323 -1 20 -1 -2
323 -1 55 -1 -2
323 -1 106 -1 -2
323 -1 107 -1 -2
8 -1 4 -1 -2
8 -1 2 -1 -2
3 -1 4 -1 -2
3 -1 146 -1 -2
8 -1 4 -1 -2
8 -1 4 -1 -2
8 -1 4 -1 -2
8 -1 16 -1 -2
203 -1 4 -1 -2
30 -1 20 -1 -2
102 -1 2 -1 -2
142 -1 4 -1 -2
142 -1 2 -1 -2
93 -1 20 -1 -2
93 -1 2 -1 -2
321 -1 125 -1 -2
321 -1 2 -1 -2
136 -1 4 -1 -2
324 -1 4 -1 -2
325 -1 216 -1 -2
119 -1 2 -1 -2
167 -1 2 -1 -2
25 -1 16 -1 -2
25 -1 20 -1 -2
136 -1 4 -1 -2
8 -1 216 -1 -2
177 -1 20 -1 -2
177 -1 2 -1 -2
167 -1 4 -1 -2
204 -1 55 -1 -2
103 -1 4 -1 -2
30 -1 20 -1 -2
133 -1 20 -1 -2
133 -1 2 -1 -2
30 -1 2 -1 -2
51 -1 2 -1 -2
93 -1 16 -1 -2
93 -1 10 -1 -2
93 -1 91 -1 -2
8 -1 4 -1 -2
282 -1 16 -1 -2
66 -1 4 -1 -2
187 -1 38 -1 -2
187 -1 55 -1 -2
187 -1 106 -1 -2
187 -1 107 -1 -2
326 -1 20 -1 -2
93 -1 140 -1 -2
93 -1 2 -1 -2
136 136 -1 2 -1 -2
93 -1 16 -1 -2
93 -1 20 -1 -2
30 -1 4 -1 -2
8 -1 4 -1 -2
44 -1 2 -1 -2
93 -1 20 -1 -2
44 -1 4 -1 -2
133 -1 16 -1 -2
133 -1 2 -1 -2
71 -1 16 -1 -2
71 -1 2 -1 -2
30 -1 16 -1 -2
30 -1 91 -1 -2
133 -1 2 -1 -2
133 -1 4 -1 -2
133 -1 2 -1 -2
8 -1 16 -1 -2
8 -1 38 -1 -2
8 8 -1 4 -1 -2
8 8 -1 2 -1 -2
26 -1 16 -1 -2
26 -1 2 -1 -2
8 -1 4 -1 -2
8 -1 124 -1 -2
8 -1 16 -1 -2
170 -1 20 -1 -2
170 -1 2 -1 -2
142 -1 20 -1 -2
142 -1 2 -1 -2
50 -1 2 -1 -2
50 -1 107 -1 -2
3 -1 2 -1 -2
204 -1 16 -1 -2
8 -1 91 -1 -2
8 -1 125 -1 -2
8 -1 16 -1 -2
8 -1 91 -1 -2
8 -1 125 -1 -2
8 -1 4 -1 -2
303 204 -1 16 -1 -2
303 204 -1 20 -1 -2
35 -1 20 -1 -2
35 -1 2 -1 -2
35 -1 2 -1 -2
8 -1 20 -1 -2
8 -1 2 -1 -2
8 -1 2 -1 -2
8 -1 4 -1 -2
8 -1 123 -1 -2
8 -1 94 -1 -2
8 -1 16 -1 -2
8 -1 20 -1 -2
8 -1 125 -1 -2
8 -1 4 -1 -2
187 -1 20 -1 -2
8 -1 4 -1 -2
8 -1 4 -1 -2
8 -1 2 -1 -2
8 -1 146 -1 -2
8 -1 4 -1 -2
8 -1 4 -1 -2
8 -1 164 -1 -2
217 -1 216 -1 -2
185 -1 4 -1 -2
185 -1 2 -1 -2
8 -1 4 -1 -2
8 -1 63 -1 -2
8 -1 2 -1 -2
327 -1 55 -1 -2
327 -1 2 -1 -2
136 -1 20 -1 -2
328 -1 4 -1 -2
8 -1 2 -1 -2
136 -1 4 -1 -2
8 -1 83 -1 -2
8 -1 135 -1 -2
8 -1 16 -1 -2
8 -1 20 -1 -2
8 -1 10 -1 -2
25 -1 4 -1 -2
25 -1 2 -1 -2
329 -1 2 -1 -2
157 -1 2 -1 -2
97 -1 16 -1 -2
97 -1 2 -1 -2
330 -1 4 -1 -2
8 -1 20 -1 -2
8 -1 16 -1 -2
8 -1 4 -1 -2
8 -1 216 -1 -2
8 -1 4 -1 -2
8 -1 4 -1 -2
8 -1 4 -1 -2
8 -1 20 -1 -2
8 -1 106 -1 -2
8 -1 91 -1 -2
8 -1 20 -1 -2
8 -1 16 -1 -2
8 -1 91 -1 -2
8 -1 4 -1 -2
8 8 -1 4 -1 -2
8 -1 216 -1 -2
8 -1 4 -1 -2
8 -1 20 -1 -2
8 -1 124 -1 -2
8 -1 16 -1 -2
8 -1 4 -1 -2
8 -1 4 -1 -2
8 -1 124 -1 -2
8 -1 20 -1 -2
8 -1 16 -1 -2
8 -1 10 -1 -2
8 -1 2 -1 -2
217 -1 216 -1 -2
8 -1 4 -1 -2
8 -1 123 -1 -2
112 -1 20 -1 -2
3 -1 2 -1 -2
30 -1 4 -1 -2
228 -1 4 -1 -2
228 -1 21 -1 -2
228 -1 2 -1 -2
136 -1 20 -1 -2
8 -1 83 -1 -2
8 -1 16 -1 -2
8 -1 38 -1 -2
8 -1 10 -1 -2
136 -1 20 -1 -2
8 -1 216 -1 -2
8 -1 16 -1 -2
8 -1 38 -1 -2
8 -1 20 -1 -2
8 -1 107 -1 -2
8 -1 107 -1 -2
8 -1 107 -1 -2
8 -1 4 -1 -2
8 -1 4 -1 -2
8 -1 4 -1 -2
8 -1 4 -1 -2
8 -1 123 -1 -2
8 -1 4 -1 -2
8 -1 4 -1 -2
8 -1 4 -1 -2
8 -1 4 -1 -2
8 -1 16 -1 -2
8 -1 125 -1 -2
8 -1 91 -1 -2
129 -1 125 -1 -2
8 -1 4 -1 -2
8 -1 146 -1 -2
8 -1 4 -1 -2
8 -1 2 -1 -2
8 -1 20 -1 -2
8 -1 2 -1 -2
8 -1 20 -1 -2
8 -1 20 -1 -2
8 -1 16 -1 -2
8 -1 125 -1 -2
8 -1 2 -1 -2
8 -1 147 -1 -2
8 -1 4 -1 -2
331 -1 2 -1 -2
182 -1 16 -1 -2
182 -1 20 -1 -2
142 -1 38 -1 -2
142 -1 20 -1 -2
142 -1 123 -1 -2
142 -1 94 -1 -2
332 -1 2 -1 -2
93 -1 124 -1 -2
93 -1 38 -1 -2
93 -1 107 -1 -2
168 -1 16 -1 -2
8 -1 16 -1 -2
8 -1 38 -1 -2
28 -1 16 -1 -2
28 -1 2 -1 -2
30 -1 2 -1 -2
18 -1 63 -1 -2
18 -1 2 -1 -2
25 -1 4 -1 -2
25 -1 94 -1 -2
56 -1 2 -1 -2
199 -1 2 -1 -2
169 -1 16 -1 -2
8 -1 20 -1 -2
8 -1 2 -1 -2
8 -1 216 -1 -2
8 -1 135 -1 -2
8 -1 4 -1 -2
25 -1 20 -1 -2
8 -1 63 -1 -2
8 -1 2 -1 -2
333 -1 20 -1 -2
333 -1 2 -1 -2
50 -1 216 -1 -2
50 -1 38 -1 -2
69 -1 91 -1 -2
204 -1 124 -1 -2
204 -1 20 -1 -2
204 -1 91 -1 -2
8 -1 20 -1 -2
69 -1 20 -1 -2
69 -1 2 -1 -2
8 -1 216 -1 -2
8 -1 38 -1 -2
8 -1 16 -1 -2
8 -1 91 -1 -2
8 -1 4 -1 -2
14 -1 4 -1 -2
14 -1 2 -1 -2
8 -1 4 -1 -2
8 -1 2 -1 -2
8 -1 4 -1 -2
8 -1 147 -1 -2
8 -1 4 -1 -2
8 -1 4 -1 -2
8 -1 4 -1 -2
8 -1 20 -1 -2
8 -1 16 -1 -2
8 -1 38 -1 -2
8 -1 4 -1 -2
8 -1 147 -1 -2
8 -1 4 -1 -2
8 -1 2 -1 -2
8 -1 16 -1 -2
195 -1 216 -1 -2
334 -1 4 -1 -2
334 -1 2 -1 -2
50 -1 16 -1 -2
50 -1 2 -1 -2
294 -1 4 -1 -2
294 -1 124 -1 -2
136 -1 20 -1 -2
136 -1 107 -1 -2
93 -1 63 -1 -2
93 93 -1 4 -1 -2
44 -1 4 -1 -2
76 -1 2 -1 -2
93 -1 20 -1 -2
95 -1 124 -1 -2
136 -1 20 -1 -2
136 -1 94 -1 -2
136 -1 2 -1 -2
136 -1 216 -1 -2
136 -1 91 -1 -2
136 -1 20 -1 -2
136 -1 4 -1 -2
136 -1 147 -1 -2
136 -1 2 -1 -2
93 -1 2 -1 -2
44 -1 4 -1 -2
44 -1 2 -1 -2
142 -1 20 -1 -2
142 -1 2 -1 -2
142 -1 20 -1 -2
142 -1 20 -1 -2
142 -1 2 -1 -2
276 -1 4 -1 -2
276 -1 94 -1 -2
136 -1 83 -1 -2
136 -1 16 -1 -2
136 -1 4 -1 -2
136 -1 2 -1 -2
293 -1 16 -1 -2
293 -1 55 -1 -2
293 -1 2 -1 -2
30 -1 4 -1 -2
93 -1 2 -1 -2
30 -1 16 -1 -2
281 -1 16 -1 -2
335 -1 20 -1 -2
8 -1 83 -1 -2
8 -1 16 -1 -2
8 -1 38 -1 -2
8 -1 125 -1 -2
165 -1 20 -1 -2
93 -1 20 -1 -2
172 -1 2 -1 -2
81 -1 16 -1 -2
81 -1 2 -1 -2
12 -1 2 -1 -2
44 -1 4 -1 -2
30 -1 20 -1 -2
30 -1 91 -1 -2
30 -1 20 -1 -2
30 -1 2 -1 -2
8 -1 4 -1 -2
8 -1 83 -1 -2
8 -1 16 -1 -2
8 -1 4 -1 -2
8 -1 2 -1 -2
8 -1 83 -1 -2
44 -1 20 -1 -2
25 -1 4 -1 -2
8 -1 16 -1 -2
8 -1 4 -1 -2
8 -1 4 -1 -2
217 -1 216 -1 -2
25 -1 16 -1 -2
204 -1 16 -1 -2
204 -1 55 -1 -2
204 -1 107 -1 -2
144 -1 20 -1 -2
8 -1 4 -1 -2
93 -1 4 -1 -2
204 -1 124 -1 -2
204 -1 20 -1 -2
8 -1 63 -1 -2
8 -1 125 -1 -2
93 -1 4 -1 -2
93 -1 2 -1 -2
159 -1 20 -1 -2
159 -1 2 -1 -2
8 -1 4 -1 -2
8 -1 123 -1 -2
8 -1 4 -1 -2
8 -1 123 -1 -2
8 -1 20 -1 -2
93 -1 4 -1 -2
93 -1 2 -1 -2
270 -1 10 -1 -2
270 -1 55 -1 -2
47 -1 4 -1 -2
47 -1 2 -1 -2
93 -1 4 -1 -2
317 -1 4 -1 -2
8 -1 2 -1 -2
8 -1 16 -1 -2
8 -1 2 -1 -2
8 -1 4 -1 -2
8 -1 2 -1 -2
8 -1 63 -1 -2
8 -1 2 -1 -2
8 -1 216 -1 -2
236 -1 20 -1 -2
236 -1 2 -1 -2
8 -1 135 -1 -2
204 -1 16 -1 -2
8 -1 4 -1 -2
8 -1 2 -1 -2
8 -1 16 -1 -2
8 -1 91 -1 -2
8 -1 216 -1 -2
302 -1 20 -1 -2
30 -1 216 -1 -2
8 -1 4 -1 -2
8 -1 4 -1 -2
8 -1 20 -1 -2
8 -1 91 -1 -2
258 -1 20 -1 -2
8 -1 2 -1 -2
8 -1 4 -1 -2
8 -1 4 -1 -2
8 -1 216 -1 -2
93 -1 4 -1 -2
225 -1 216 -1 -2
225 -1 4 -1 -2
336 -1 16 -1 -2
336 -1 20 -1 -2
336 -1 91 -1 -2
93 -1 63 -1 -2
8 -1 16 -1 -2
8 -1 16 -1 -2
8 -1 4 -1 -2
8 -1 216 -1 -2
8 -1 216 -1 -2
8 -1 216 -1 -2
8 -1 4 -1 -2
8 -1 20 -1 -2
30 -1 16 -1 -2
30 -1 4 -1 -2
30 -1 2 -1 -2
8 -1 4 -1 -2
93 -1 55 -1 -2
167 -1 4 -1 -2
167 -1 20 -1 -2
43 -1 16 -1 -2
43 -1 20 -1 -2
43 -1 107 -1 -2
229 -1 4 -1 -2
8 -1 4 -1 -2
8 -1 16 -1 -2
8 -1 216 -1 -2
189 -1 55 -1 -2
189 -1 106 -1 -2
8 -1 4 -1 -2
8 -1 4 -1 -2
8 -1 20 -1 -2
8 -1 91 -1 -2
8 -1 4 -1 -2
141 -1 4 -1 -2
141 -1 147 -1 -2
8 -1 2 -1 -2
8 -1 16 -1 -2
8 -1 16 -1 -2
8 -1 2 -1 -2
14 -1 4 -1 -2
93 -1 2 -1 -2
180 -1 16 -1 -2
324 -1 4 -1 -2
324 -1 2 -1 -2
8 -1 20 -1 -2
8 -1 20 -1 -2
8 -1 20 -1 -2
8 -1 107 -1 -2
8 -1 20 -1 -2
8 -1 91 -1 -2
8 -1 20 -1 -2
8 -1 2 -1 -2
152 -1 16 -1 -2
337 -1 216 -1 -2
136 -1 20 -1 -2
136 -1 10 -1 -2
136 -1 2 -1 -2
44 -1 2 -1 -2
8 -1 4 -1 -2
93 -1 55 -1 -2
93 -1 16 -1 -2
93 -1 2 -1 -2
25 -1 135 -1 -2
25 -1 4 -1 -2
25 -1 2 -1 -2
8 -1 4 -1 -2
251 -1 216 -1 -2
251 -1 216 -1 -2
8 -1 20 -1 -2
271 -1 216 -1 -2
271 -1 216 -1 -2
68 -1 216 -1 -2
30 -1 4 -1 -2
8 -1 4 -1 -2
8 -1 2 -1 -2
8 -1 4 -1 -2
8 -1 4 -1 -2
8 -1 4 -1 -2
8 -1 4 -1 -2
8 -1 4 -1 -2
8 -1 2 -1 -2
8 -1 20 -1 -2
8 -1 216 -1 -2
8 -1 4 -1 -2
8 -1 4 -1 -2
151 -1 216 -1 -2
151 -1 16 -1 -2
8 -1 16 -1 -2
8 -1 91 -1 -2
8 -1 2 -1 -2
133 -1 20 -1 -2
177 -1 16 -1 -2
177 -1 38 -1 -2
177 -1 20 -1 -2
233 -1 10 -1 -2
233 -1 140 -1 -2
233 -1 2 -1 -2
235 -1 4 -1 -2
136 -1 135 -1 -2
136 -1 2 -1 -2
196 196 -1 4 -1 -2
133 -1 63 -1 -2
133 -1 16 -1 -2
60 -1 107 -1 -2
133 -1 4 -1 -2
133 -1 2 -1 -2
8 -1 4 -1 -2
8 -1 16 -1 -2
244 244 -1 124 -1 -2
244 244 -1 38 -1 -2
168 -1 16 -1 -2
168 -1 91 -1 -2
168 -1 140 -1 -2
8 -1 4 -1 -2
8 -1 147 -1 -2
86 -1 16 -1 -2
86 -1 38 -1 -2
86 -1 2 -1 -2
8 -1 4 -1 -2
338 -1 2 -1 -2
8 -1 4 -1 -2
8 -1 4 -1 -2
8 -1 135 -1 -2
8 -1 4 -1 -2
8 -1 146 -1 -2
8 -1 4 -1 -2
8 -1 2 -1 -2
133 -1 20 -1 -2
133 -1 2 -1 -2
302 -1 20 -1 -2
302 -1 91 -1 -2
8 -1 4 -1 -2
61 -1 4 -1 -2
339 -1 20 -1 -2
339 -1 2 -1 -2
8 -1 4 -1 -2
340 -1 20 -1 -2
8 -1 16 -1 -2
52 -1 2 -1 -2
8 -1 4 -1 -2
210 -1 124 -1 -2
8 -1 4 -1 -2
69 -1 4 -1 -2
258 -1 16 -1 -2
25 -1 124 -1 -2
25 -1 83 -1 -2
25 -1 16 -1 -2
25 -1 10 -1 -2
25 -1 140 -1 -2
142 -1 83 -1 -2
142 -1 20 -1 -2
93 -1 4 -1 -2
52 -1 216 -1 -2
251 -1 216 -1 -2
251 -1 216 -1 -2
271 -1 216 -1 -2
8 -1 216 -1 -2
8 -1 216 -1 -2
315 -1 63 -1 -2
43 -1 135 -1 -2
38 -1 20 -1 -2
38 -1 123 -1 -2
38 -1 94 -1 -2
12 -1 2 -1 -2
15 -1 135 -1 -2
30 -1 4 -1 -2
50 -1 216 -1 -2
44 -1 16 -1 -2
44 -1 2 -1 -2
133 -1 4 -1 -2
133 -1 2 -1 -2
145 -1 91 -1 -2
46 -1 10 -1 -2
46 -1 2 -1 -2
341 -1 216 -1 -2
93 -1 20 -1 -2
93 -1 2 -1 -2
342 -1 20 -1 -2
182 -1 16 -1 -2
182 -1 20 -1 -2
182 -1 91 -1 -2
228 -1 63 -1 -2
228 -1 16 -1 -2
228 -1 4 -1 -2
73 -1 20 -1 -2
73 -1 111 -1 -2
48 -1 16 -1 -2
48 -1 106 -1 -2
48 -1 2 -1 -2
48 -1 107 -1 -2
136 -1 20 -1 -2
343 -1 140 -1 -2
343 -1 2 -1 -2
17 -1 20 -1 -2
17 -1 2 -1 -2
344 -1 20 -1 -2
344 -1 140 -1 -2
344 -1 2 -1 -2
126 -1 2 -1 -2
44 -1 16 -1 -2
44 -1 10 -1 -2
136 -1 2 -1 -2
286 -1 4 -1 -2
286 -1 2 -1 -2
252 -1 4 -1 -2
44 -1 4 -1 -2
44 -1 2 -1 -2
93 -1 4 -1 -2
174 -1 2 -1 -2
68 -1 16 -1 -2
130 -1 55 -1 -2
130 -1 106 -1 -2
345 -1 55 -1 -2
93 -1 63 -1 -2
93 -1 2 -1 -2
346 -1 20 -1 -2
346 -1 2 -1 -2
293 -1 55 -1 -2
293 -1 2 -1 -2
93 -1 16 -1 -2
44 -1 4 -1 -2
103 -1 16 -1 -2
103 -1 38 -1 -2
103 -1 140 -1 -2
103 -1 2 -1 -2
93 93 -1 4 -1 -2
93 93 -1 2 -1 -2
26 -1 16 -1 -2
93 -1 20 -1 -2
93 -1 106 -1 -2
93 -1 107 -1 -2
30 -1 135 -1 -2
30 -1 2 -1 -2
14 -1 4 -1 -2
93 -1 4 -1 -2
41 -1 63 -1 -2
41 -1 2 -1 -2
28 -1 4 -1 -2
80 -1 20 -1 -2
80 -1 4 -1 -2
3 -1 4 -1 -2
102 -1 20 -1 -2
102 -1 2 -1 -2
30 -1 4 -1 -2
93 -1 2 -1 -2
130 -1 55 -1 -2
130 -1 106 -1 -2
93 -1 2 -1 -2
43 -1 16 -1 -2
43 -1 2 -1 -2
93 -1 2 -1 -2
81 -1 2 -1 -2
268 -1 20 -1 -2
195 -1 20 -1 -2
347 -1 4 -1 -2
42 -1 20 -1 -2
42 -1 2 -1 -2
136 -1 4 -1 -2
199 -1 55 -1 -2
199 -1 2 -1 -2
93 -1 20 -1 -2
136 -1 20 -1 -2
93 -1 16 -1 -2
93 -1 20 -1 -2
8 -1 63 -1 -2
8 -1 2 -1 -2
56 -1 16 -1 -2
56 -1 2 -1 -2
145 -1 16 -1 -2
145 -1 55 -1 -2
145 -1 2 -1 -2
145 -1 153 -1 -2
71 -1 4 -1 -2
38 -1 38 -1 -2
38 -1 20 -1 -2
38 -1 16 -1 -2
38 -1 38 -1 -2
38 -1 106 -1 -2
58 -1 216 -1 -2
348 -1 4 -1 -2
58 -1 16 -1 -2
58 -1 16 -1 -2
58 -1 4 -1 -2
28 -1 16 -1 -2
28 -1 20 -1 -2
28 -1 2 -1 -2
28 -1 4 -1 -2
28 -1 147 -1 -2
173 -1 16 -1 -2
173 -1 2 -1 -2
56 -1 2 -1 -2
38 -1 38 -1 -2
221 -1 4 -1 -2
64 -1 16 -1 -2
64 -1 2 -1 -2
18 -1 2 -1 -2
44 -1 4 -1 -2
38 -1 4 -1 -2
84 -1 91 -1 -2
66 -1 123 -1 -2
349 -1 63 -1 -2
349 -1 2 -1 -2
28 -1 4 -1 -2
70 -1 20 -1 -2
70 -1 2 -1 -2
284 -1 16 -1 -2
284 -1 91 -1 -2
284 -1 2 -1 -2
284 -1 16 -1 -2
284 -1 16 -1 -2
284 -1 2 -1 -2
284 -1 2 -1 -2
284 -1 4 -1 -2
350 -1 16 -1 -2
350 -1 2 -1 -2
350 -1 94 -1 -2
56 -1 20 -1 -2
56 -1 2 -1 -2
8 -1 4 -1 -2
8 -1 4 -1 -2
136 -1 20 -1 -2
136 -1 2 -1 -2
220 -1 4 -1 -2
154 -1 4 -1 -2
351 -1 2 -1 -2
81 -1 4 -1 -2
81 -1 2 -1 -2
81 -1 16 -1 -2
81 -1 55 -1 -2
69 -1 38 -1 -2
56 -1 124 -1 -2
56 -1 83 -1 -2
112 -1 2 -1 -2
3 -1 4 -1 -2
297 -1 20 -1 -2
297 -1 91 -1 -2
8 -1 4 -1 -2
8 -1 91 -1 -2
8 -1 16 -1 -2
8 -1 16 -1 -2
8 -1 91 -1 -2
8 -1 16 -1 -2
291 -1 16 -1 -2
291 -1 125 -1 -2
291 -1 55 -1 -2
291 -1 2 -1 -2
204 -1 20 -1 -2
307 -1 20 -1 -2
25 -1 20 -1 -2
30 -1 55 -1 -2
30 -1 2 -1 -2
136 -1 4 -1 -2
8 -1 4 -1 -2
93 -1 4 -1 -2
93 -1 38 -1 -2
93 -1 20 -1 -2
93 -1 107 -1 -2
93 -1 153 -1 -2
93 -1 4 -1 -2
304 -1 16 -1 -2
8 -1 216 -1 -2
56 -1 63 -1 -2
56 -1 125 -1 -2
56 -1 2 -1 -2
180 -1 10 -1 -2
180 -1 91 -1 -2
8 -1 4 -1 -2
8 -1 2 -1 -2
233 -1 91 -1 -2
204 -1 124 -1 -2
204 -1 16 -1 -2
204 -1 38 -1 -2
8 -1 4 -1 -2
251 -1 216 -1 -2
30 -1 2 -1 -2
44 -1 4 -1 -2
44 -1 2 -1 -2
93 -1 16 -1 -2
93 -1 20 -1 -2
8 -1 83 -1 -2
313 -1 4 -1 -2
8 -1 216 -1 -2
8 -1 38 -1 -2
8 -1 38 -1 -2
136 -1 63 -1 -2
136 -1 2 -1 -2
30 -1 4 -1 -2
211 -1 4 -1 -2
136 -1 10 -1 -2
136 -1 2 -1 -2
71 -1 2 -1 -2
47 -1 2 -1 -2
136 -1 4 -1 -2
271 -1 216 -1 -2
8 -1 2 -1 -2
8 -1 4 -1 -2
8 -1 20 -1 -2
8 -1 91 -1 -2
8 -1 16 -1 -2
30 -1 216 -1 -2
30 -1 2 -1 -2
208 -1 4 -1 -2
208 -1 2 -1 -2
293 -1 16 -1 -2
8 -1 147 -1 -2
93 -1 2 -1 -2
37 -1 4 -1 -2
8 -1 4 -1 -2
30 -1 20 -1 -2
30 -1 2 -1 -2
8 -1 63 -1 -2
8 -1 2 -1 -2
8 -1 20 -1 -2
8 -1 20 -1 -2
8 -1 2 -1 -2
8 -1 4 -1 -2
8 -1 2 -1 -2
352 -1 55 -1 -2
352 -1 106 -1 -2
352 -1 2 -1 -2
353 353 -1 216 -1 -2
8 -1 4 -1 -2
8 -1 4 -1 -2
134 -1 20 -1 -2
293 -1 2 -1 -2
42 -1 2 -1 -2
93 -1 20 -1 -2
8 -1 123 -1 -2
8 -1 123 -1 -2
8 -1 4 -1 -2
136 -1 4 -1 -2
108 -1 4 -1 -2
8 -1 216 -1 -2
236 -1 38 -1 -2
236 -1 20 -1 -2
236 -1 106 -1 -2
236 -1 107 -1 -2
8 -1 2 -1 -2
93 -1 4 -1 -2
354 -1 16 -1 -2
155 -1 20 -1 -2
93 -1 4 -1 -2
174 -1 2 -1 -2
8 -1 216 -1 -2
3 -1 2 -1 -2
244 -1 16 -1 -2
93 -1 2 -1 -2
8 -1 4 -1 -2
93 -1 20 -1 -2
8 -1 4 -1 -2
7 -1 4 -1 -2
93 -1 20 -1 -2
93 -1 4 -1 -2
130 -1 55 -1 -2
130 -1 2 -1 -2
130 -1 55 -1 -2
133 -1 16 -1 -2
133 -1 2 -1 -2
133 -1 4 -1 -2
133 -1 2 -1 -2
31 -1 4 -1 -2
8 -1 4 -1 -2
296 -1 16 -1 -2
296 -1 55 -1 -2
18 -1 4 -1 -2
18 -1 2 -1 -2
7 -1 2 -1 -2
18 -1 4 -1 -2
14 -1 4 -1 -2
93 -1 2 -1 -2
142 -1 2 -1 -2
8 -1 4 -1 -2
8 -1 2 -1 -2
291 249 -1 216 -1 -2
172 -1 4 -1 -2
25 -1 147 -1 -2
25 -1 2 -1 -2
25 -1 4 -1 -2
25 -1 63 -1 -2
25 -1 2 -1 -2
71 -1 4 -1 -2
130 -1 55 -1 -2
130 -1 2 -1 -2
259 -1 2 -1 -2
30 -1 216 -1 -2
30 -1 216 -1 -2
30 -1 216 -1 -2
30 -1 216 -1 -2
30 -1 216 -1 -2
93 -1 91 -1 -2
8 -1 4 -1 -2
8 -1 20 -1 -2
8 -1 135 -1 -2
8 -1 4 -1 -2
130 -1 16 -1 -2
30 -1 20 -1 -2
30 -1 2 -1 -2
154 -1 4 -1 -2
154 -1 2 -1 -2
271 -1 216 -1 -2
8 -1 4 -1 -2
8 -1 147 -1 -2
93 -1 4 -1 -2
93 -1 2 -1 -2
93 -1 94 -1 -2
212 -1 16 -1 -2
93 -1 4 -1 -2
93 -1 2 -1 -2
348 -1 4 -1 -2
338 -1 16 -1 -2
170 -1 20 -1 -2
355 -1 4 -1 -2
30 -1 4 -1 -2
253 -1 2 -1 -2
44 189 -1 20 -1 -2
44 189 -1 2 -1 -2
18 -1 16 -1 -2
18 -1 4 -1 -2
18 -1 2 -1 -2
30 -1 91 -1 -2
93 -1 4 -1 -2
8 -1 2 -1 -2
93 -1 10 -1 -2
93 -1 2 -1 -2
67 -1 2 -1 -2
356 -1 63 -1 -2
356 -1 2 -1 -2
30 -1 4 -1 -2
30 -1 2 -1 -2
357 -1 16 -1 -2
357 -1 20 -1 -2
357 -1 91 -1 -2
222 -1 63 -1 -2
222 -1 2 -1 -2
30 -1 2 -1 -2
30 -1 4 -1 -2
8 -1 123 -1 -2
8 -1 123 -1 -2
28 -1 20 -1 -2
28 -1 2 -1 -2
217 -1 91 -1 -2
126 -1 20 -1 -2
8 -1 20 -1 -2
310 -1 16 -1 -2
310 -1 55 -1 -2
310 -1 107 -1 -2
217 -1 216 -1 -2
3 -1 2 -1 -2
8 -1 216 -1 -2
259 -1 20 -1 -2
259 -1 2 -1 -2
136 -1 20 -1 -2
136 -1 2 -1 -2
358 -1 20 -1 -2
358 -1 2 -1 -2
93 -1 4 -1 -2
144 -1 4 -1 -2
30 -1 135 -1 -2
71 -1 2 -1 -2
30 -1 91 -1 -2
93 -1 38 -1 -2
93 -1 106 -1 -2
93 -1 107 -1 -2
93 -1 153 -1 -2
93 -1 4 -1 -2
93 -1 2 -1 -2
75 -1 4 -1 -2
56 -1 2 -1 -2
259 -1 2 -1 -2
71 -1 2 -1 -2
56 -1 4 -1 -2
133 -1 20 -1 -2
8 -1 4 -1 -2
93 -1 16 -1 -2
136 -1 2 -1 -2
93 -1 125 -1 -2
136 -1 2 -1 -2
8 -1 4 -1 -2
8 -1 2 -1 -2
8 -1 4 -1 -2
50 -1 20 -1 -2
50 -1 2 -1 -2
8 -1 216 -1 -2
8 -1 125 -1 -2
8 -1 4 -1 -2
30 -1 4 -1 -2
8 -1 16 -1 -2
8 -1 91 -1 -2
8 -1 4 -1 -2
8 -1 2 -1 -2
136 -1 20 -1 -2
136 -1 2 -1 -2
359 -1 135 -1 -2
359 -1 4 -1 -2
324 -1 124 -1 -2
324 -1 63 -1 -2
324 -1 16 -1 -2
324 -1 38 -1 -2
324 -1 20 -1 -2
324 -1 106 -1 -2
324 -1 91 -1 -2
324 -1 107 -1 -2
93 -1 4 -1 -2
93 -1 2 -1 -2
360 -1 20 -1 -2
360 -1 2 -1 -2
8 -1 4 -1 -2
93 -1 16 -1 -2
195 -1 20 -1 -2
8 -1 4 -1 -2
93 -1 4 -1 -2
297 -1 16 -1 -2
297 -1 140 -1 -2
297 -1 2 -1 -2
8 -1 2 -1 -2
25 -1 4 -1 -2
25 -1 147 -1 -2
25 -1 4 -1 -2
25 -1 147 -1 -2
25 -1 162 -1 -2
25 -1 4 -1 -2
25 -1 147 -1 -2
25 -1 162 -1 -2
25 -1 4 -1 -2
25 -1 147 -1 -2
25 -1 162 -1 -2
8 -1 4 -1 -2
8 -1 20 -1 -2
8 -1 123 -1 -2
8 -1 4 -1 -2
8 -1 123 -1 -2
8 -1 4 -1 -2
8 -1 63 -1 -2
8 -1 2 -1 -2
8 -1 4 -1 -2
8 -1 147 -1 -2
8 -1 4 -1 -2
56 -1 20 -1 -2
56 -1 2 -1 -2
171 344 -1 16 -1 -2
171 344 -1 2 -1 -2
93 -1 4 -1 -2
93 -1 20 -1 -2
93 -1 2 -1 -2
8 -1 16 -1 -2
8 -1 91 -1 -2
3 -1 4 -1 -2
211 -1 4 -1 -2
93 -1 2 -1 -2
271 -1 216 -1 -2
133 -1 16 -1 -2
133 -1 2 -1 -2
56 -1 20 -1 -2
38 -1 4 -1 -2
361 -1 4 -1 -2
8 -1 4 -1 -2
8 -1 216 -1 -2
8 8 -1 4 -1 -2
8 8 -1 146 -1 -2
93 -1 4 -1 -2
199 -1 55 -1 -2
199 -1 107 -1 -2
8 -1 124 -1 -2
8 -1 83 -1 -2
8 -1 20 -1 -2
8 -1 94 -1 -2
93 -1 20 -1 -2
93 -1 2 -1 -2
8 -1 2 -1 -2
93 -1 20 -1 -2
136 -1 20 -1 -2
136 -1 91 -1 -2
7 -1 4 -1 -2
362 -1 2 -1 -2
210 -1 216 -1 -2
8 -1 216 -1 -2
8 -1 2 -1 -2
8 -1 216 -1 -2
8 -1 4 -1 -2
8 -1 107 -1 -2
8 -1 2 -1 -2
217 -1 216 -1 -2
363 -1 4 -1 -2
363 -1 2 -1 -2
8 -1 4 -1 -2
364 -1 124 -1 -2
364 -1 16 -1 -2
93 -1 4 -1 -2
93 -1 146 -1 -2
8 -1 4 -1 -2
8 -1 124 -1 -2
8 -1 83 -1 -2
8 -1 125 -1 -2
8 -1 140 -1 -2
204 -1 55 -1 -2
8 -1 216 -1 -2
8 -1 4 -1 -2
225 -1 216 -1 -2
8 -1 124 -1 -2
365 -1 63 -1 -2
307 -1 20 -1 -2
217 -1 216 -1 -2
14 -1 2 -1 -2
182 -1 4 -1 -2
93 -1 4 -1 -2
8 -1 20 -1 -2
366 -1 4 -1 -2
8 -1 123 -1 -2
367 -1 2 -1 -2
368 -1 55 -1 -2
368 -1 55 -1 -2
369 8 -1 216 -1 -2
369 -1 216 -1 -2
8 -1 16 -1 -2
340 -1 2 -1 -2
154 -1 4 -1 -2
142 -1 2 -1 -2
241 -1 124 -1 -2
241 -1 2 -1 -2
241 -1 107 -1 -2
313 -1 20 -1 -2
313 -1 2 -1 -2
134 -1 20 -1 -2
134 -1 2 -1 -2
30 -1 16 -1 -2
30 -1 20 -1 -2
30 -1 2 -1 -2
30 -1 4 -1 -2
8 -1 4 -1 -2
321 -1 2 -1 -2
321 -1 107 -1 -2
8 -1 20 -1 -2
8 -1 91 -1 -2
231 -1 20 -1 -2
370 -1 2 -1 -2
321 -1 4 -1 -2
8 -1 4 -1 -2
133 -1 38 -1 -2
133 -1 2 -1 -2
221 -1 4 -1 -2
8 -1 4 -1 -2
8 -1 123 -1 -2
301 -1 4 -1 -2
301 -1 2 -1 -2
30 -1 63 -1 -2
30 -1 16 -1 -2
71 -1 20 -1 -2
71 -1 2 -1 -2
71 -1 20 -1 -2
71 -1 2 -1 -2
71 -1 20 -1 -2
71 -1 2 -1 -2
93 -1 20 -1 -2
93 -1 91 -1 -2
30 -1 2 -1 -2
71 -1 20 -1 -2
38 -1 16 -1 -2
38 -1 38 -1 -2
93 -1 20 -1 -2
242 -1 2 -1 -2
136 -1 2 -1 -2
93 -1 4 -1 -2
93 -1 2 -1 -2
294 -1 2 -1 -2
294 -1 16 -1 -2
294 -1 91 -1 -2
294 -1 2 -1 -2
40 -1 2 -1 -2
136 -1 4 -1 -2
242 -1 4 -1 -2
8 -1 4 -1 -2
136 -1 20 -1 -2
130 -1 106 -1 -2
130 -1 2 -1 -2
44 -1 20 -1 -2
8 -1 4 -1 -2
8 -1 4 -1 -2
8 -1 147 -1 -2
8 -1 20 -1 -2
8 -1 20 -1 -2
13 -1 2 -1 -2
158 -1 2 -1 -2
3 -1 20 -1 -2
3 -1 2 -1 -2
30 -1 2 -1 -2
8 -1 4 -1 -2
8 -1 4 -1 -2
8 -1 2 -1 -2
371 371 -1 20 -1 -2
371 371 -1 2 -1 -2
8 -1 216 -1 -2
372 -1 4 -1 -2
372 -1 2 -1 -2
8 -1 4 -1 -2
8 -1 2 -1 -2
25 -1 16 -1 -2
25 -1 91 -1 -2
276 -1 91 -1 -2
276 -1 2 -1 -2
8 -1 4 -1 -2
8 -1 4 -1 -2
8 -1 124 -1 -2
8 -1 83 -1 -2
8 -1 38 -1 -2
8 -1 125 -1 -2
8 -1 4 -1 -2
8 -1 2 -1 -2
225 -1 124 -1 -2
225 -1 16 -1 -2
225 -1 38 -1 -2
225 -1 20 -1 -2
225 -1 91 -1 -2
236 -1 16 -1 -2
338 -1 20 -1 -2
136 -1 63 -1 -2
136 -1 55 -1 -2
136 -1 2 -1 -2
93 -1 4 -1 -2
93 -1 4 -1 -2
8 -1 216 -1 -2
8 -1 216 -1 -2
8 -1 4 -1 -2
8 -1 4 -1 -2
8 -1 123 -1 -2
8 -1 4 -1 -2
54 -1 4 -1 -2
67 -1 4 -1 -2
8 -1 4 -1 -2
8 -1 147 -1 -2
154 -1 4 -1 -2
180 -1 124 -1 -2
180 -1 107 -1 -2
8 -1 20 -1 -2
8 -1 91 -1 -2
251 -1 4 -1 -2
8 -1 2 -1 -2
8 -1 16 -1 -2
8 -1 4 -1 -2
8 -1 20 -1 -2
8 -1 16 -1 -2
8 -1 91 -1 -2
8 -1 4 -1 -2
8 -1 63 -1 -2
8 -1 16 -1 -2
8 -1 20 -1 -2
8 -1 2 -1 -2
8 -1 4 -1 -2
8 -1 4 -1 -2
8 -1 4 -1 -2
8 -1 20 -1 -2
8 -1 4 -1 -2
8 -1 4 -1 -2
8 -1 4 -1 -2
8 -1 147 -1 -2
8 -1 2 -1 -2
8 -1 20 -1 -2
8 -1 106 -1 -2
8 -1 4 -1 -2
8 -1 2 -1 -2
373 -1 2 -1 -2
8 -1 124 -1 -2
8 -1 83 -1 -2
8 -1 16 -1 -2
8 -1 125 -1 -2
8 -1 16 -1 -2
8 -1 2 -1 -2
8 -1 4 -1 -2
8 -1 125 -1 -2
7 -1 2 -1 -2
8 -1 4 -1 -2
8 -1 2 -1 -2
8 -1 4 -1 -2
8 -1 4 -1 -2
8 -1 4 -1 -2
8 -1 2 -1 -2
8 -1 4 -1 -2
8 -1 147 -1 -2
8 -1 4 -1 -2
8 -1 123 -1 -2
8 -1 4 -1 -2
8 -1 16 -1 -2
8 -1 2 -1 -2
8 -1 4 -1 -2
8 -1 4 -1 -2
8 -1 4 -1 -2
280 -1 20 -1 -2
280 -1 20 -1 -2
8 8 -1 4 -1 -2
8 -1 4 -1 -2
7 -1 216 -1 -2
204 -1 38 -1 -2
204 -1 55 -1 -2
204 -1 91 -1 -2
204 -1 107 -1 -2
3 -1 2 -1 -2
8 -1 20 -1 -2
8 -1 91 -1 -2
168 -1 16 -1 -2
8 -1 2 -1 -2
303 -1 16 -1 -2
303 -1 2 -1 -2
71 -1 4 -1 -2
8 -1 124 -1 -2
44 -1 2 -1 -2
8 -1 2 -1 -2
30 -1 91 -1 -2
30 -1 107 -1 -2
30 -1 38 -1 -2
30 -1 20 -1 -2
30 -1 91 -1 -2
30 -1 107 -1 -2
56 -1 2 -1 -2
93 -1 20 -1 -2
93 -1 2 -1 -2
93 -1 4 -1 -2
223 -1 2 -1 -2
93 -1 20 -1 -2
93 -1 20 -1 -2
8 -1 4 -1 -2
8 -1 4 -1 -2
8 -1 2 -1 -2
8 -1 135 -1 -2
8 -1 4 -1 -2
8 -1 4 -1 -2
