8 8 -1 4 -1 -2
8 8 -1 147 -1 -2
8 -1 4 -1 -2
8 -1 164 -1 -2
8 -1 305 -1 -2
8 -1 83 -1 -2
8 -1 20 -1 -2
8 -1 125 -1 -2
8 -1 135 -1 -2
8 -1 4 -1 -2
8 -1 38 -1 -2
8 -1 4 -1 -2
93 -1 305 -1 -2
58 -1 106 -1 -2
8 -1 4 -1 -2
8 -1 38 -1 -2
3 -1 16 -1 -2
3 -1 2 -1 -2
3 -1 2 -1 -2
3 -1 2 -1 -2
3 -1 2 -1 -2
3 -1 16 -1 -2
3 -1 2 -1 -2
8 -1 4 -1 -2
8 -1 16 -1 -2
8 -1 20 -1 -2
8 -1 16 -1 -2
8 -1 20 -1 -2
8 -1 16 -1 -2
8 -1 305 -1 -2
32 -1 305 -1 -2
93 -1 83 -1 -2
308 -1 4 -1 -2
8 -1 38 -1 -2
8 -1 16 -1 -2
8 -1 20 -1 -2
30 -1 125 -1 -2
25 -1 164 -1 -2
225 -1 16 -1 -2
8 -1 305 -1 -2
8 -1 38 -1 -2
8 -1 164 -1 -2
8 -1 147 -1 -2
8 -1 305 -1 -2
254 -1 124 -1 -2
231 -1 4 -1 -2
71 -1 123 -1 -2
32 -1 16 -1 -2
32 -1 16 -1 -2
32 -1 16 -1 -2
32 -1 16 -1 -2
8 -1 305 -1 -2
8 -1 4 -1 -2
8 -1 305 -1 -2
8 -1 305 -1 -2
8 -1 4 -1 -2
8 -1 20 -1 -2
8 -1 4 -1 -2
8 -1 20 -1 -2
8 -1 4 -1 -2
8 -1 4 -1 -2
293 -1 55 -1 -2
93 -1 16 -1 -2
8 -1 16 -1 -2
8 -1 20 -1 -2
291 -1 16 -1 -2
291 -1 20 -1 -2
291 -1 4 -1 -2
8 -1 4 -1 -2
106 -1 106 -1 -2
8 -1 4 -1 -2
8 -1 305 -1 -2
133 -1 4 -1 -2
133 -1 16 -1 -2
8 -1 16 -1 -2
8 -1 164 -1 -2
8 -1 305 -1 -2
30 -1 162 -1 -2
204 -1 20 -1 -2
374 -1 63 -1 -2
374 -1 16 -1 -2
8 -1 162 -1 -2
93 -1 16 -1 -2
8 -1 4 -1 -2
8 -1 305 -1 -2
30 -1 16 -1 -2
136 -1 20 -1 -2
73 -1 2 -1 -2
73 -1 20 -1 -2
73 -1 2 -1 -2
27 -1 4 -1 -2
27 -1 4 -1 -2
27 -1 4 -1 -2
27 -1 4 -1 -2
44 -1 4 -1 -2
43 -1 20 -1 -2
43 -1 107 -1 -2
30 -1 20 -1 -2
375 -1 20 -1 -2
8 -1 305 -1 -2
44 -1 4 -1 -2
93 -1 16 -1 -2
93 -1 20 -1 -2
93 -1 91 -1 -2
8 -1 63 -1 -2
8 -1 16 -1 -2
161 -1 16 -1 -2
8 -1 16 -1 -2
8 -1 305 -1 -2
212 -1 106 -1 -2
8 -1 16 -1 -2
8 -1 4 -1 -2
8 -1 4 -1 -2
93 -1 16 -1 -2
190 -1 38 -1 -2
43 -1 16 -1 -2
8 -1 4 -1 -2
8 -1 305 -1 -2
8 -1 164 -1 -2
8 -1 164 -1 -2
122 -1 164 -1 -2
122 -1 305 -1 -2
8 -1 164 -1 -2
8 -1 4 -1 -2
8 -1 305 -1 -2
353 -1 20 -1 -2
313 -1 305 -1 -2
8 -1 16 -1 -2
8 -1 305 -1 -2
311 -1 123 -1 -2
8 -1 4 -1 -2
8 -1 305 -1 -2
8 -1 162 -1 -2
8 -1 4 -1 -2
93 -1 16 -1 -2
313 -1 83 -1 -2
313 -1 125 -1 -2
313 -1 140 -1 -2
8 -1 4 -1 -2
8 -1 4 -1 -2
8 -1 4 -1 -2
233 -1 20 -1 -2
142 -1 162 -1 -2
142 -1 20 -1 -2
142 -1 16 -1 -2
168 -1 16 -1 -2
168 -1 20 -1 -2
168 -1 91 -1 -2
376 -1 83 -1 -2
315 -1 216 -1 -2
93 -1 2 -1 -2
3 -1 107 -1 -2
228 -1 4 -1 -2
228 -1 2 -1 -2
8 -1 164 -1 -2
315 -1 216 -1 -2
93 -1 20 -1 -2
93 -1 2 -1 -2
3 -1 2 -1 -2
231 -1 135 -1 -2
231 -1 20 -1 -2
231 -1 123 -1 -2
81 -1 216 -1 -2
8 -1 4 -1 -2
8 -1 123 -1 -2
8 -1 4 -1 -2
8 -1 4 -1 -2
8 -1 147 -1 -2
8 -1 2 -1 -2
117 -1 16 -1 -2
117 -1 55 -1 -2
8 -1 2 -1 -2
26 -1 2 -1 -2
93 -1 16 -1 -2
93 -1 2 -1 -2
3 -1 16 -1 -2
93 -1 4 -1 -2
89 -1 4 -1 -2
377 -1 16 -1 -2
377 -1 2 -1 -2
244 -1 63 -1 -2
244 -1 125 -1 -2
244 -1 111 -1 -2
244 -1 2 -1 -2
324 -1 20 -1 -2
324 -1 2 -1 -2
378 -1 16 -1 -2
378 -1 55 -1 -2
379 -1 2 -1 -2
380 -1 20 -1 -2
380 -1 2 -1 -2
30 -1 10 -1 -2
30 -1 2 -1 -2
381 -1 135 -1 -2
381 -1 4 -1 -2
381 -1 2 -1 -2
382 -1 20 -1 -2
382 -1 2 -1 -2
303 -1 4 -1 -2
303 -1 20 -1 -2
303 -1 147 -1 -2
303 -1 2 -1 -2
383 -1 20 -1 -2
318 -1 55 -1 -2
318 -1 2 -1 -2
30 -1 2 -1 -2
384 -1 124 -1 -2
384 -1 38 -1 -2
384 -1 2 -1 -2
384 -1 107 -1 -2
93 -1 124 -1 -2
93 -1 20 -1 -2
93 -1 153 -1 -2
385 -1 20 -1 -2
385 -1 2 -1 -2
30 -1 125 -1 -2
30 -1 2 -1 -2
126 -1 16 -1 -2
8 -1 16 -1 -2
136 -1 20 -1 -2
160 -1 16 -1 -2
160 -1 91 -1 -2
56 -1 20 -1 -2
56 -1 2 -1 -2
136 136 -1 2 -1 -2
136 -1 4 -1 -2
136 -1 2 -1 -2
311 -1 20 -1 -2
298 -1 20 -1 -2
298 -1 2 -1 -2
93 -1 16 -1 -2
93 -1 2 -1 -2
386 -1 4 -1 -2
386 -1 147 -1 -2
386 -1 111 -1 -2
387 -1 20 -1 -2
388 -1 124 -1 -2
389 -1 10 -1 -2
389 -1 106 -1 -2
389 -1 91 -1 -2
389 -1 2 -1 -2
8 -1 4 -1 -2
8 -1 4 -1 -2
8 -1 83 -1 -2
93 -1 20 -1 -2
93 -1 2 -1 -2
67 -1 4 -1 -2
8 -1 4 -1 -2
8 -1 4 -1 -2
196 -1 4 -1 -2
196 -1 2 -1 -2
8 -1 4 -1 -2
8 -1 4 -1 -2
8 -1 20 -1 -2
8 -1 123 -1 -2
8 -1 20 -1 -2
93 -1 2 -1 -2
8 -1 2 -1 -2
239 -1 20 -1 -2
239 -1 91 -1 -2
239 -1 2 -1 -2
196 -1 20 -1 -2
8 298 -1 135 -1 -2
8 298 -1 4 -1 -2
8 298 -1 123 -1 -2
8 -1 20 -1 -2
8 -1 125 -1 -2
350 -1 16 -1 -2
390 -1 20 -1 -2
390 -1 2 -1 -2
8 -1 4 -1 -2
8 -1 4 -1 -2
8 -1 20 -1 -2
8 -1 2 -1 -2
391 -1 20 -1 -2
391 -1 2 -1 -2
183 -1 20 -1 -2
183 -1 55 -1 -2
183 -1 2 -1 -2
183 -1 107 -1 -2
26 -1 4 -1 -2
30 -1 20 -1 -2
30 -1 2 -1 -2
136 -1 2 -1 -2
8 -1 20 -1 -2
8 -1 91 -1 -2
8 -1 2 -1 -2
65 -1 4 -1 -2
8 -1 4 -1 -2
93 -1 16 -1 -2
93 -1 20 -1 -2
93 -1 2 -1 -2
298 -1 20 -1 -2
298 -1 2 -1 -2
38 -1 16 -1 -2
38 -1 2 -1 -2
56 -1 20 -1 -2
56 -1 2 -1 -2
102 -1 4 -1 -2
102 -1 2 -1 -2
58 -1 20 -1 -2
58 -1 10 -1 -2
58 -1 55 -1 -2
58 -1 2 -1 -2
56 -1 2 -1 -2
392 -1 2 -1 -2
8 8 -1 4 -1 -2
8 8 -1 2 -1 -2
8 -1 135 -1 -2
8 -1 4 -1 -2
8 -1 123 -1 -2
25 -1 4 -1 -2
25 -1 2 -1 -2
138 -1 16 -1 -2
138 -1 2 -1 -2
56 -1 20 -1 -2
56 -1 91 -1 -2
56 -1 2 -1 -2
30 -1 20 -1 -2
30 -1 125 -1 -2
30 -1 2 -1 -2
30 -1 107 -1 -2
26 -1 4 -1 -2
8 -1 216 -1 -2
155 -1 20 -1 -2
155 -1 2 -1 -2
166 -1 20 -1 -2
166 -1 107 -1 -2
68 -1 4 -1 -2
68 -1 147 -1 -2
393 -1 16 -1 -2
393 -1 4 -1 -2
393 -1 20 -1 -2
8 -1 135 -1 -2
8 -1 4 -1 -2
8 -1 125 -1 -2
8 -1 16 -1 -2
394 394 -1 16 -1 -2
394 394 -1 20 -1 -2
394 394 -1 91 -1 -2
395 -1 216 -1 -2
298 -1 124 -1 -2
298 -1 20 -1 -2
298 -1 2 -1 -2
8 -1 16 -1 -2
8 -1 2 -1 -2
396 -1 20 -1 -2
396 -1 2 -1 -2
298 -1 55 -1 -2
377 -1 63 -1 -2
377 -1 16 -1 -2
377 -1 20 -1 -2
377 -1 125 -1 -2
377 -1 2 -1 -2
8 -1 125 -1 -2
8 -1 20 -1 -2
8 -1 2 -1 -2
58 -1 20 -1 -2
58 -1 10 -1 -2
177 -1 124 -1 -2
177 -1 16 -1 -2
8 -1 2 -1 -2
8 -1 2 -1 -2
25 -1 4 -1 -2
8 -1 4 -1 -2
8 -1 16 -1 -2
397 -1 38 -1 -2
397 -1 106 -1 -2
397 -1 2 -1 -2
397 -1 107 -1 -2
31 -1 20 -1 -2
31 -1 106 -1 -2
31 -1 2 -1 -2
56 -1 4 -1 -2
73 -1 2 -1 -2
375 -1 140 -1 -2
375 -1 2 -1 -2
93 -1 2 -1 -2
93 -1 107 -1 -2
8 -1 124 -1 -2
8 -1 107 -1 -2
297 -1 20 -1 -2
297 -1 147 -1 -2
297 -1 91 -1 -2
297 -1 2 -1 -2
398 -1 4 -1 -2
398 -1 123 -1 -2
398 -1 2 -1 -2
25 -1 20 -1 -2
8 -1 4 -1 -2
8 -1 147 -1 -2
8 -1 63 -1 -2
8 -1 20 -1 -2
8 -1 2 -1 -2
106 -1 16 -1 -2
291 -1 216 -1 -2
317 -1 20 -1 -2
317 -1 2 -1 -2
251 -1 216 -1 -2
30 -1 16 -1 -2
30 -1 125 -1 -2
30 -1 2 -1 -2
62 -1 16 -1 -2
30 -1 16 -1 -2
30 -1 2 -1 -2
133 -1 20 -1 -2
133 -1 2 -1 -2
30 -1 16 -1 -2
30 -1 16 -1 -2
133 -1 2 -1 -2
399 -1 16 -1 -2
399 -1 2 -1 -2
8 -1 55 -1 -2
8 -1 107 -1 -2
136 -1 16 -1 -2
90 -1 147 -1 -2
90 -1 2 -1 -2
93 -1 20 -1 -2
8 -1 2 -1 -2
400 -1 10 -1 -2
400 -1 2 -1 -2
133 -1 91 -1 -2
167 -1 20 -1 -2
167 -1 2 -1 -2
167 -1 20 -1 -2
167 -1 2 -1 -2
30 -1 2 -1 -2
71 -1 2 -1 -2
103 -1 20 -1 -2
103 -1 2 -1 -2
26 -1 16 -1 -2
26 -1 2 -1 -2
136 -1 20 -1 -2
136 -1 91 -1 -2
136 -1 2 -1 -2
401 -1 2 -1 -2
342 -1 20 -1 -2
342 -1 2 -1 -2
7 -1 4 -1 -2
71 -1 4 -1 -2
71 -1 2 -1 -2
251 -1 4 -1 -2
251 -1 20 -1 -2
13 -1 4 -1 -2
13 -1 2 -1 -2
93 -1 4 -1 -2
14 -1 4 -1 -2
130 -1 55 -1 -2
130 -1 2 -1 -2
93 -1 107 -1 -2
30 -1 63 -1 -2
30 -1 4 -1 -2
30 -1 21 -1 -2
30 -1 2 -1 -2
93 -1 4 -1 -2
93 -1 16 -1 -2
93 -1 91 -1 -2
380 -1 16 -1 -2
380 -1 2 -1 -2
142 -1 16 -1 -2
142 -1 20 -1 -2
8 -1 16 -1 -2
8 -1 2 -1 -2
155 -1 4 -1 -2
155 -1 123 -1 -2
136 -1 20 -1 -2
136 -1 107 -1 -2
402 -1 4 -1 -2
402 -1 20 -1 -2
402 -1 123 -1 -2
93 -1 16 -1 -2
93 -1 4 -1 -2
93 -1 20 -1 -2
93 -1 125 -1 -2
93 -1 2 -1 -2
3 -1 2 -1 -2
93 -1 216 -1 -2
93 -1 2 -1 -2
7 -1 4 -1 -2
403 -1 4 -1 -2
403 -1 140 -1 -2
8 -1 147 -1 -2
25 -1 4 -1 -2
108 -1 4 -1 -2
404 -1 10 -1 -2
404 -1 2 -1 -2
405 -1 4 -1 -2
405 -1 123 -1 -2
405 -1 2 -1 -2
406 -1 4 -1 -2
8 -1 20 -1 -2
8 -1 2 -1 -2
8 -1 20 -1 -2
8 -1 2 -1 -2
252 -1 20 -1 -2
252 -1 2 -1 -2
35 -1 2 -1 -2
407 -1 20 -1 -2
407 -1 2 -1 -2
8 -1 4 -1 -2
8 -1 125 -1 -2
408 -1 20 -1 -2
8 -1 4 -1 -2
8 -1 2 -1 -2
203 -1 4 -1 -2
80 -1 20 -1 -2
80 -1 2 -1 -2
8 -1 2 -1 -2
376 -1 55 -1 -2
376 -1 2 -1 -2
56 -1 4 -1 -2
8 -1 38 -1 -2
8 -1 2 -1 -2
8 -1 107 -1 -2
293 -1 124 -1 -2
293 -1 55 -1 -2
293 -1 2 -1 -2
293 -1 107 -1 -2
8 -1 20 -1 -2
8 -1 2 -1 -2
8 -1 16 -1 -2
8 -1 2 -1 -2
8 -1 38 -1 -2
8 -1 2 -1 -2
8 -1 2 -1 -2
8 -1 153 -1 -2
8 -1 2 -1 -2
8 -1 153 -1 -2
8 -1 20 -1 -2
8 -1 2 -1 -2
8 -1 4 -1 -2
8 -1 16 -1 -2
8 -1 4 -1 -2
8 -1 4 -1 -2
8 -1 4 -1 -2
8 -1 4 -1 -2
8 -1 4 -1 -2
8 -1 4 -1 -2
8 -1 123 -1 -2
8 -1 21 -1 -2
8 -1 16 -1 -2
8 -1 20 -1 -2
8 -1 2 -1 -2
41 -1 16 -1 -2
41 -1 2 -1 -2
26 26 -1 16 -1 -2
26 26 -1 20 -1 -2
409 -1 4 -1 -2
410 -1 16 -1 -2
410 -1 2 -1 -2
42 -1 16 -1 -2
42 -1 55 -1 -2
42 -1 2 -1 -2
236 -1 20 -1 -2
236 -1 106 -1 -2
236 -1 2 -1 -2
30 -1 16 -1 -2
411 -1 16 -1 -2
411 -1 106 -1 -2
411 -1 107 -1 -2
8 -1 4 -1 -2
8 -1 20 -1 -2
8 -1 2 -1 -2
8 -1 20 -1 -2
8 -1 125 -1 -2
8 -1 2 -1 -2
8 -1 4 -1 -2
8 -1 2 -1 -2
8 -1 2 -1 -2
8 -1 20 -1 -2
8 -1 4 -1 -2
8 -1 20 -1 -2
8 -1 2 -1 -2
8 -1 16 -1 -2
8 -1 20 -1 -2
8 -1 63 -1 -2
8 -1 2 -1 -2
8 -1 20 -1 -2
8 -1 2 -1 -2
8 -1 4 -1 -2
8 -1 4 -1 -2
8 -1 20 -1 -2
8 -1 2 -1 -2
8 -1 107 -1 -2
8 -1 63 -1 -2
8 -1 2 -1 -2
8 -1 16 -1 -2
8 -1 2 -1 -2
8 -1 20 -1 -2
8 -1 107 -1 -2
8 -1 4 -1 -2
8 -1 4 -1 -2
8 -1 20 -1 -2
8 -1 91 -1 -2
8 -1 2 -1 -2
8 -1 2 -1 -2
8 -1 4 -1 -2
8 -1 4 -1 -2
303 -1 20 -1 -2
8 -1 16 -1 -2
8 -1 2 -1 -2
8 -1 2 -1 -2
8 -1 135 -1 -2
8 -1 4 -1 -2
8 -1 123 -1 -2
228 -1 20 -1 -2
228 -1 16 -1 -2
228 -1 2 -1 -2
373 -1 16 -1 -2
373 -1 20 -1 -2
373 -1 2 -1 -2
412 -1 20 -1 -2
136 -1 20 -1 -2
136 -1 2 -1 -2
8 -1 124 -1 -2
8 -1 83 -1 -2
8 -1 91 -1 -2
8 -1 4 -1 -2
26 -1 135 -1 -2
26 -1 2 -1 -2
65 -1 4 -1 -2
56 -1 16 -1 -2
56 -1 20 -1 -2
8 -1 20 -1 -2
8 -1 2 -1 -2
8 -1 20 -1 -2
8 -1 91 -1 -2
25 -1 4 -1 -2
25 -1 2 -1 -2
324 -1 16 -1 -2
324 -1 2 -1 -2
8 -1 16 -1 -2
8 -1 20 -1 -2
28 -1 4 -1 -2
217 -1 216 -1 -2
413 -1 4 -1 -2
8 -1 4 -1 -2
8 -1 4 -1 -2
8 -1 16 -1 -2
8 -1 20 -1 -2
8 -1 2 -1 -2
8 -1 20 -1 -2
136 -1 20 -1 -2
136 -1 2 -1 -2
315 -1 4 -1 -2
166 -1 107 -1 -2
44 -1 4 -1 -2
44 -1 107 -1 -2
76 -1 2 -1 -2
136 -1 20 -1 -2
136 -1 2 -1 -2
136 -1 135 -1 -2
136 -1 4 -1 -2
136 -1 20 -1 -2
136 -1 20 -1 -2
136 -1 2 -1 -2
136 -1 16 -1 -2
136 -1 20 -1 -2
136 -1 123 -1 -2
136 -1 2 -1 -2
136 -1 63 -1 -2
136 -1 2 -1 -2
136 -1 20 -1 -2
136 -1 2 -1 -2
276 -1 20 -1 -2
244 -1 20 -1 -2
244 -1 123 -1 -2
93 -1 63 -1 -2
93 -1 20 -1 -2
93 -1 125 -1 -2
93 -1 10 -1 -2
93 -1 2 -1 -2
93 -1 20 -1 -2
93 -1 55 -1 -2
8 -1 216 -1 -2
8 -1 2 -1 -2
231 -1 4 -1 -2
8 -1 16 -1 -2
8 -1 38 -1 -2
136 -1 83 -1 -2
136 -1 16 -1 -2
136 -1 20 -1 -2
136 -1 2 -1 -2
93 -1 20 -1 -2
161 -1 4 -1 -2
3 -1 4 -1 -2
154 -1 4 -1 -2
30 -1 16 -1 -2
40 -1 16 -1 -2
40 -1 4 -1 -2
40 -1 20 -1 -2
40 -1 123 -1 -2
172 -1 20 -1 -2
172 -1 91 -1 -2
172 -1 2 -1 -2
182 -1 124 -1 -2
182 -1 16 -1 -2
58 -1 16 -1 -2
58 -1 10 -1 -2
58 -1 2 -1 -2
8 -1 2 -1 -2
103 44 -1 4 -1 -2
8 -1 4 -1 -2
8 -1 2 -1 -2
8 -1 4 -1 -2
8 -1 4 -1 -2
8 -1 2 -1 -2
30 -1 16 -1 -2
30 -1 20 -1 -2
30 -1 2 -1 -2
154 -1 63 -1 -2
154 -1 16 -1 -2
154 -1 2 -1 -2
414 -1 16 -1 -2
414 -1 20 -1 -2
414 -1 10 -1 -2
414 -1 2 -1 -2
93 -1 4 -1 -2
276 -1 2 -1 -2
388 -1 20 -1 -2
388 -1 2 -1 -2
56 -1 4 -1 -2
92 -1 135 -1 -2
92 -1 4 -1 -2
92 -1 20 -1 -2
92 -1 21 -1 -2
415 -1 2 -1 -2
185 -1 4 -1 -2
25 -1 2 -1 -2
167 -1 135 -1 -2
167 -1 4 -1 -2
167 -1 125 -1 -2
167 -1 123 -1 -2
167 -1 94 -1 -2
133 -1 16 -1 -2
416 -1 216 -1 -2
3 -1 4 -1 -2
3 -1 21 -1 -2
8 -1 4 -1 -2
8 -1 2 -1 -2
417 -1 4 -1 -2
290 -1 140 -1 -2
290 -1 2 -1 -2
290 -1 107 -1 -2
8 -1 4 -1 -2
8 -1 20 -1 -2
271 -1 216 -1 -2
30 -1 135 -1 -2
30 -1 38 -1 -2
30 -1 20 -1 -2
372 -1 135 -1 -2
372 -1 20 -1 -2
372 -1 2 -1 -2
372 -1 107 -1 -2
418 -1 83 -1 -2
418 -1 20 -1 -2
418 -1 140 -1 -2
418 -1 2 -1 -2
8 -1 83 -1 -2
8 -1 4 -1 -2
28 -1 4 -1 -2
28 -1 21 -1 -2
419 -1 20 -1 -2
419 -1 2 -1 -2
225 -1 4 -1 -2
93 -1 4 -1 -2
8 -1 16 -1 -2
8 -1 38 -1 -2
420 -1 20 -1 -2
136 -1 20 -1 -2
136 -1 123 -1 -2
136 -1 21 -1 -2
136 -1 2 -1 -2
8 -1 4 -1 -2
421 -1 4 -1 -2
130 -1 4 -1 -2
8 -1 4 -1 -2
271 -1 4 -1 -2
8 -1 216 -1 -2
25 -1 4 -1 -2
422 -1 16 -1 -2
422 -1 20 -1 -2
422 -1 125 -1 -2
422 -1 2 -1 -2
93 -1 2 -1 -2
8 -1 4 -1 -2
8 -1 135 -1 -2
8 -1 4 -1 -2
8 -1 123 -1 -2
300 -1 216 -1 -2
8 -1 4 -1 -2
8 -1 106 -1 -2
8 -1 2 -1 -2
168 -1 16 -1 -2
93 -1 20 -1 -2
93 -1 2 -1 -2
8 -1 4 -1 -2
8 -1 2 -1 -2
8 -1 4 -1 -2
8 -1 20 -1 -2
8 -1 2 -1 -2
151 -1 124 -1 -2
151 -1 63 -1 -2
151 -1 10 -1 -2
151 -1 140 -1 -2
8 -1 4 -1 -2
8 -1 4 -1 -2
8 -1 147 -1 -2
8 -1 4 -1 -2
142 -1 63 -1 -2
142 -1 2 -1 -2
423 -1 124 -1 -2
423 -1 83 -1 -2
423 -1 16 -1 -2
423 -1 20 -1 -2
423 -1 2 -1 -2
8 -1 16 -1 -2
8 -1 2 -1 -2
86 -1 2 -1 -2
424 -1 4 -1 -2
142 -1 20 -1 -2
142 -1 10 -1 -2
142 -1 2 -1 -2
142 -1 107 -1 -2
8 -1 4 -1 -2
8 -1 4 -1 -2
8 -1 2 -1 -2
290 -1 4 -1 -2
313 -1 20 -1 -2
313 -1 2 -1 -2
235 -1 20 -1 -2
235 -1 2 -1 -2
258 -1 216 -1 -2
129 -1 83 -1 -2
129 -1 20 -1 -2
129 -1 91 -1 -2
136 -1 16 -1 -2
136 -1 20 -1 -2
25 -1 124 -1 -2
25 -1 20 -1 -2
25 -1 107 -1 -2
93 -1 4 -1 -2
93 -1 2 -1 -2
412 -1 124 -1 -2
412 -1 20 -1 -2
8 -1 38 -1 -2
8 -1 38 -1 -2
425 -1 83 -1 -2
425 -1 91 -1 -2
425 -1 2 -1 -2
425 -1 153 -1 -2
426 -1 2 -1 -2
302 -1 135 -1 -2
302 -1 4 -1 -2
89 -1 2 -1 -2
8 -1 2 -1 -2
8 -1 4 -1 -2
194 -1 16 -1 -2
194 -1 147 -1 -2
44 -1 20 -1 -2
44 -1 2 -1 -2
8 -1 63 -1 -2
8 -1 2 -1 -2
8 -1 4 -1 -2
8 -1 2 -1 -2
8 -1 4 -1 -2
8 -1 147 -1 -2
236 -1 135 -1 -2
236 -1 4 -1 -2
427 -1 16 -1 -2
427 -1 2 -1 -2
33 -1 63 -1 -2
33 -1 2 -1 -2
71 -1 111 -1 -2
71 -1 106 -1 -2
71 -1 2 -1 -2
294 -1 123 -1 -2
8 -1 16 -1 -2
8 -1 4 -1 -2
12 -1 16 -1 -2
12 -1 38 -1 -2
12 -1 2 -1 -2
428 -1 55 -1 -2
8 -1 124 -1 -2
8 -1 2 -1 -2
28 -1 2 -1 -2
236 429 -1 16 -1 -2
236 429 -1 4 -1 -2
236 429 -1 91 -1 -2
236 429 -1 2 -1 -2
159 -1 83 -1 -2
159 -1 16 -1 -2
159 -1 20 -1 -2
159 -1 125 -1 -2
159 -1 2 -1 -2
93 -1 10 -1 -2
93 -1 55 -1 -2
93 -1 107 -1 -2
8 -1 16 -1 -2
8 -1 10 -1 -2
8 -1 106 -1 -2
8 -1 2 -1 -2
8 -1 147 -1 -2
8 -1 2 -1 -2
252 -1 4 -1 -2
8 -1 20 -1 -2
430 -1 20 -1 -2
430 -1 55 -1 -2
430 -1 106 -1 -2
430 -1 2 -1 -2
236 429 -1 63 -1 -2
236 429 -1 135 -1 -2
236 429 -1 16 -1 -2
236 429 -1 91 -1 -2
236 429 -1 2 -1 -2
357 -1 20 -1 -2
357 -1 91 -1 -2
357 -1 2 -1 -2
239 -1 135 -1 -2
239 -1 4 -1 -2
239 -1 123 -1 -2
239 -1 2 -1 -2
412 -1 20 -1 -2
412 -1 55 -1 -2
412 -1 2 -1 -2
412 -1 107 -1 -2
8 -1 4 -1 -2
431 -1 20 -1 -2
431 -1 10 -1 -2
431 -1 106 -1 -2
431 -1 2 -1 -2
431 -1 107 -1 -2
214 -1 20 -1 -2
214 -1 106 -1 -2
214 -1 91 -1 -2
214 -1 2 -1 -2
214 -1 107 -1 -2
8 -1 55 -1 -2
8 -1 2 -1 -2
380 -1 135 -1 -2
380 -1 4 -1 -2
380 -1 125 -1 -2
380 -1 147 -1 -2
380 -1 2 -1 -2
373 -1 4 -1 -2
373 -1 2 -1 -2
357 -1 20 -1 -2
357 -1 2 -1 -2
384 -1 20 -1 -2
384 -1 2 -1 -2
89 -1 107 -1 -2
173 -1 123 -1 -2
173 -1 2 -1 -2
8 -1 20 -1 -2
8 -1 2 -1 -2
8 -1 16 -1 -2
8 -1 4 -1 -2
8 -1 123 -1 -2
8 -1 2 -1 -2
8 -1 4 -1 -2
270 -1 16 -1 -2
270 -1 10 -1 -2
270 -1 2 -1 -2
93 -1 20 -1 -2
8 -1 4 -1 -2
8 -1 2 -1 -2
432 -1 4 -1 -2
432 -1 20 -1 -2
432 -1 125 -1 -2
432 -1 2 -1 -2
433 -1 20 -1 -2
433 -1 2 -1 -2
317 -1 2 -1 -2
324 -1 20 -1 -2
324 -1 106 -1 -2
324 -1 107 -1 -2
434 -1 38 -1 -2
434 -1 4 -1 -2
434 -1 20 -1 -2
186 -1 16 -1 -2
186 -1 2 -1 -2
30 -1 4 -1 -2
8 -1 4 -1 -2
12 -1 4 -1 -2
3 -1 2 -1 -2
30 -1 2 -1 -2
172 -1 20 -1 -2
25 -1 20 -1 -2
25 -1 2 -1 -2
25 -1 107 -1 -2
30 -1 16 -1 -2
30 -1 16 -1 -2
133 -1 16 -1 -2
142 -1 107 -1 -2
40 -1 83 -1 -2
40 -1 2 -1 -2
435 126 -1 2 -1 -2
436 -1 2 -1 -2
31 -1 2 -1 -2
437 -1 2 -1 -2
189 -1 2 -1 -2
30 -1 16 -1 -2
438 -1 20 -1 -2
438 -1 2 -1 -2
30 -1 111 -1 -2
30 -1 2 -1 -2
30 133 -1 135 -1 -2
30 133 -1 4 -1 -2
25 -1 20 -1 -2
60 -1 16 -1 -2
60 -1 38 -1 -2
60 -1 2 -1 -2
92 -1 16 -1 -2
92 -1 91 -1 -2
92 -1 2 -1 -2
347 -1 4 -1 -2
298 -1 124 -1 -2
298 -1 63 -1 -2
298 -1 2 -1 -2
56 -1 4 -1 -2
8 -1 4 -1 -2
180 -1 124 -1 -2
180 -1 107 -1 -2
8 -1 20 -1 -2
166 -1 16 -1 -2
166 -1 2 -1 -2
8 -1 216 -1 -2
439 -1 20 -1 -2
439 -1 2 -1 -2
271 -1 216 -1 -2
152 -1 2 -1 -2
200 -1 16 -1 -2
200 -1 2 -1 -2
8 -1 20 -1 -2
168 -1 20 -1 -2
160 -1 4 -1 -2
199 -1 38 -1 -2
199 -1 2 -1 -2
440 -1 20 -1 -2
440 -1 2 -1 -2
8 -1 4 -1 -2
8 -1 2 -1 -2
8 -1 4 -1 -2
8 -1 2 -1 -2
441 -1 125 -1 -2
441 -1 2 -1 -2
8 -1 16 -1 -2
8 -1 38 -1 -2
8 -1 2 -1 -2
8 -1 216 -1 -2
8 -1 216 -1 -2
8 -1 216 -1 -2
8 291 249 -1 216 -1 -2
442 -1 216 -1 -2
38 -1 38 -1 -2
38 -1 4 -1 -2
38 -1 123 -1 -2
38 -1 107 -1 -2
56 -1 20 -1 -2
56 -1 2 -1 -2
38 -1 38 -1 -2
38 -1 107 -1 -2
44 -1 20 -1 -2
65 -1 4 -1 -2
154 -1 4 -1 -2
225 -1 4 -1 -2
71 -1 16 -1 -2
71 -1 20 -1 -2
71 -1 125 -1 -2
71 -1 2 -1 -2
44 -1 16 -1 -2
44 -1 2 -1 -2
108 -1 16 -1 -2
108 -1 2 -1 -2
252 -1 2 -1 -2
154 -1 4 -1 -2
28 -1 4 -1 -2
28 -1 140 -1 -2
28 -1 2 -1 -2
43 -1 63 -1 -2
43 -1 10 -1 -2
43 -1 111 -1 -2
43 -1 2 -1 -2
183 -1 4 -1 -2
183 -1 2 -1 -2
93 -1 4 -1 -2
136 -1 135 -1 -2
3 -1 63 -1 -2
3 -1 2 -1 -2
24 -1 20 -1 -2
24 -1 2 -1 -2
24 -1 20 -1 -2
73 -1 20 -1 -2
73 -1 2 -1 -2
30 -1 4 -1 -2
14 -1 4 -1 -2
131 -1 2 -1 -2
101 -1 20 -1 -2
44 -1 2 -1 -2
44 -1 2 -1 -2
72 -1 83 -1 -2
72 -1 4 -1 -2
72 -1 2 -1 -2
136 -1 20 -1 -2
136 -1 106 -1 -2
136 -1 91 -1 -2
136 -1 2 -1 -2
443 -1 4 -1 -2
27 -1 2 -1 -2
44 -1 4 -1 -2
44 -1 20 -1 -2
44 -1 91 -1 -2
44 -1 2 -1 -2
346 -1 16 -1 -2
346 -1 2 -1 -2
71 -1 20 -1 -2
44 -1 20 -1 -2
103 -1 124 -1 -2
103 -1 16 -1 -2
103 -1 2 -1 -2
44 -1 20 -1 -2
14 -1 16 -1 -2
14 -1 55 -1 -2
14 -1 2 -1 -2
342 -1 2 -1 -2
203 -1 16 -1 -2
80 -1 4 -1 -2
80 -1 146 -1 -2
18 -1 4 -1 -2
3 -1 20 -1 -2
3 -1 2 -1 -2
3 -1 38 -1 -2
3 -1 106 -1 -2
3 -1 2 -1 -2
3 -1 4 -1 -2
102 -1 20 -1 -2
154 -1 2 -1 -2
154 -1 20 -1 -2
44 -1 2 -1 -2
12 -1 55 -1 -2
12 -1 2 -1 -2
93 -1 4 -1 -2
93 -1 4 -1 -2
43 -1 16 -1 -2
43 -1 20 -1 -2
43 -1 124 -1 -2
43 -1 2 -1 -2
71 -1 20 -1 -2
71 -1 2 -1 -2
372 -1 4 -1 -2
30 -1 147 -1 -2
159 -1 4 -1 -2
159 -1 20 -1 -2
444 -1 20 -1 -2
444 -1 10 -1 -2
444 -1 91 -1 -2
444 -1 2 -1 -2
228 -1 20 -1 -2
8 -1 20 -1 -2
8 -1 63 -1 -2
8 -1 125 -1 -2
8 -1 63 -1 -2
8 -1 125 -1 -2
145 -1 2 -1 -2
67 -1 135 -1 -2
41 -1 20 -1 -2
41 -1 2 -1 -2
30 -1 20 -1 -2
30 -1 2 -1 -2
38 -1 16 -1 -2
38 -1 2 -1 -2
38 -1 20 -1 -2
38 -1 106 -1 -2
38 -1 91 -1 -2
38 -1 2 -1 -2
64 -1 107 -1 -2
230 -1 4 -1 -2
28 -1 20 -1 -2
44 -1 20 -1 -2
445 -1 16 -1 -2
445 -1 91 -1 -2
445 -1 2 -1 -2
30 -1 16 -1 -2
30 -1 20 -1 -2
30 -1 140 -1 -2
56 -1 16 -1 -2
56 -1 2 -1 -2
61 -1 4 -1 -2
61 -1 94 -1 -2
64 -1 16 -1 -2
64 -1 20 -1 -2
18 -1 20 -1 -2
71 -1 20 -1 -2
71 -1 106 -1 -2
1 -1 135 -1 -2
1 -1 4 -1 -2
1 -1 2 -1 -2
1 -1 146 -1 -2
3 -1 4 -1 -2
446 -1 20 -1 -2
446 -1 2 -1 -2
66 -1 20 -1 -2
66 -1 2 -1 -2
284 -1 38 -1 -2
284 -1 20 -1 -2
284 -1 2 -1 -2
284 -1 107 -1 -2
284 -1 63 -1 -2
284 -1 2 -1 -2
284 -1 16 -1 -2
284 -1 2 -1 -2
284 -1 16 -1 -2
284 -1 2 -1 -2
56 -1 135 -1 -2
56 -1 20 -1 -2
56 -1 2 -1 -2
6 -1 20 -1 -2
6 -1 125 -1 -2
6 -1 123 -1 -2
30 -1 16 -1 -2
30 -1 10 -1 -2
56 -1 4 -1 -2
242 -1 4 -1 -2
154 -1 4 -1 -2
154 -1 2 -1 -2
293 -1 16 -1 -2
293 -1 2 -1 -2
447 -1 20 -1 -2
447 -1 2 -1 -2
158 -1 4 -1 -2
136 -1 20 -1 -2
136 -1 107 -1 -2
8 -1 20 -1 -2
30 -1 20 -1 -2
30 -1 147 -1 -2
30 -1 2 -1 -2
335 -1 20 -1 -2
335 -1 2 -1 -2
258 -1 4 -1 -2
56 -1 4 -1 -2
448 -1 2 -1 -2
449 -1 2 -1 -2
133 -1 2 -1 -2
133 -1 2 -1 -2
28 -1 20 -1 -2
28 -1 2 -1 -2
450 -1 16 -1 -2
450 -1 2 -1 -2
142 -1 124 -1 -2
451 -1 4 -1 -2
33 -1 20 -1 -2
33 -1 2 -1 -2
8 -1 16 -1 -2
8 -1 111 -1 -2
452 -1 4 -1 -2
161 -1 20 -1 -2
161 -1 107 -1 -2
453 -1 63 -1 -2
453 -1 16 -1 -2
453 -1 111 -1 -2
453 -1 91 -1 -2
453 -1 2 -1 -2
93 -1 147 -1 -2
93 -1 2 -1 -2
454 -1 20 -1 -2
454 -1 10 -1 -2
454 -1 123 -1 -2
454 -1 2 -1 -2
324 -1 20 -1 -2
324 -1 2 -1 -2
8 -1 16 -1 -2
8 -1 16 -1 -2
8 -1 16 -1 -2
3 -1 2 -1 -2
71 -1 4 -1 -2
155 -1 4 -1 -2
25 -1 16 -1 -2
25 -1 20 -1 -2
8 -1 216 -1 -2
8 -1 4 -1 -2
136 -1 4 -1 -2
8 -1 4 -1 -2
455 -1 20 -1 -2
455 -1 147 -1 -2
455 -1 2 -1 -2
455 -1 107 -1 -2
167 456 -1 4 -1 -2
167 456 -1 123 -1 -2
8 -1 16 -1 -2
142 -1 16 -1 -2
142 -1 125 -1 -2
142 -1 10 -1 -2
8 -1 216 -1 -2
93 -1 4 -1 -2
8 -1 38 -1 -2
8 -1 38 -1 -2
8 -1 38 -1 -2
8 -1 38 -1 -2
8 -1 38 -1 -2
8 -1 38 -1 -2
8 -1 38 -1 -2
8 -1 38 -1 -2
8 -1 147 -1 -2
8 -1 2 -1 -2
228 -1 16 -1 -2
228 -1 2 -1 -2
454 -1 83 -1 -2
8 -1 135 -1 -2
8 -1 4 -1 -2
8 -1 20 -1 -2
144 -1 20 -1 -2
144 -1 2 -1 -2
8 -1 4 -1 -2
8 8 -1 4 -1 -2
457 -1 20 -1 -2
8 -1 4 -1 -2
30 -1 16 -1 -2
8 -1 4 -1 -2
44 -1 16 -1 -2
44 -1 20 -1 -2
44 -1 125 -1 -2
44 -1 147 -1 -2
44 -1 2 -1 -2
309 -1 20 -1 -2
309 -1 2 -1 -2
228 -1 16 -1 -2
228 -1 20 -1 -2
228 -1 2 -1 -2
142 -1 20 -1 -2
361 -1 4 -1 -2
168 -1 16 -1 -2
168 -1 91 -1 -2
168 -1 20 -1 -2
8 -1 216 -1 -2
25 -1 20 -1 -2
25 -1 106 -1 -2
93 -1 20 -1 -2
93 -1 2 -1 -2
8 -1 4 -1 -2
8 -1 4 -1 -2
8 -1 2 -1 -2
8 -1 4 -1 -2
8 -1 4 -1 -2
134 -1 20 -1 -2
134 -1 125 -1 -2
134 -1 2 -1 -2
25 -1 4 -1 -2
30 -1 20 -1 -2
30 -1 125 -1 -2
30 -1 2 -1 -2
93 -1 20 -1 -2
177 -1 124 -1 -2
58 -1 106 -1 -2
58 -1 91 -1 -2
58 -1 2 -1 -2
58 -1 107 -1 -2
8 -1 135 -1 -2
8 -1 4 -1 -2
8 -1 125 -1 -2
25 -1 16 -1 -2
350 -1 216 -1 -2
152 -1 2 -1 -2
458 -1 20 -1 -2
225 -1 147 -1 -2
8 -1 20 -1 -2
8 -1 147 -1 -2
8 -1 91 -1 -2
317 -1 63 -1 -2
317 -1 16 -1 -2
317 -1 20 -1 -2
317 -1 2 -1 -2
459 408 -1 20 -1 -2
459 408 -1 55 -1 -2
459 408 -1 91 -1 -2
459 408 -1 2 -1 -2
459 408 -1 107 -1 -2
236 183 -1 20 -1 -2
236 183 -1 106 -1 -2
236 183 -1 2 -1 -2
8 -1 4 -1 -2
8 -1 16 -1 -2
8 -1 91 -1 -2
8 -1 16 -1 -2
8 -1 147 -1 -2
8 -1 2 -1 -2
204 -1 16 -1 -2
204 -1 106 -1 -2
204 -1 140 -1 -2
204 -1 107 -1 -2
336 -1 4 -1 -2
336 -1 123 -1 -2
188 -1 63 -1 -2
188 -1 2 -1 -2
8 -1 4 -1 -2
8 -1 4 -1 -2
233 -1 2 -1 -2
70 -1 16 -1 -2
70 -1 2 -1 -2
8 -1 4 -1 -2
324 -1 4 -1 -2
324 -1 2 -1 -2
93 -1 16 -1 -2
93 -1 2 -1 -2
8 -1 4 -1 -2
8 -1 147 -1 -2
8 -1 216 -1 -2
142 -1 216 -1 -2
271 -1 216 -1 -2
460 -1 16 -1 -2
460 -1 20 -1 -2
460 -1 91 -1 -2
460 -1 2 -1 -2
93 -1 20 -1 -2
93 -1 2 -1 -2
142 -1 20 -1 -2
142 -1 2 -1 -2
93 -1 20 -1 -2
250 -1 16 -1 -2
250 -1 20 -1 -2
250 -1 2 -1 -2
250 -1 94 -1 -2
297 -1 20 -1 -2
297 -1 2 -1 -2
93 -1 20 -1 -2
93 -1 2 -1 -2
93 -1 20 -1 -2
93 -1 2 -1 -2
93 -1 38 -1 -2
93 -1 20 -1 -2
93 -1 2 -1 -2
133 -1 16 -1 -2
461 -1 20 -1 -2
461 -1 123 -1 -2
461 -1 2 -1 -2
461 -1 94 -1 -2
8 -1 16 -1 -2
8 -1 38 -1 -2
462 -1 4 -1 -2
93 -1 16 -1 -2
93 -1 20 -1 -2
65 -1 4 -1 -2
463 -1 4 -1 -2
463 -1 2 -1 -2
136 -1 4 -1 -2
136 -1 2 -1 -2
8 -1 20 -1 -2
8 -1 4 -1 -2
251 -1 216 -1 -2
136 -1 83 -1 -2
136 -1 4 -1 -2
136 -1 125 -1 -2
136 -1 147 -1 -2
136 -1 2 -1 -2
38 -1 107 -1 -2
8 -1 4 -1 -2
8 -1 2 -1 -2
464 -1 4 -1 -2
464 -1 20 -1 -2
464 -1 94 -1 -2
30 -1 16 -1 -2
30 -1 20 -1 -2
8 -1 20 -1 -2
8 -1 2 -1 -2
52 315 -1 216 -1 -2
52 315 -1 216 -1 -2
212 -1 216 -1 -2
93 -1 2 -1 -2
8 -1 4 -1 -2
8 -1 2 -1 -2
8 -1 4 -1 -2
8 -1 2 -1 -2
8 -1 4 -1 -2
8 -1 2 -1 -2
8 -1 4 -1 -2
8 -1 2 -1 -2
465 -1 16 -1 -2
465 -1 20 -1 -2
465 -1 91 -1 -2
30 -1 16 -1 -2
30 -1 16 -1 -2
44 -1 4 -1 -2
44 -1 2 -1 -2
47 -1 216 -1 -2
93 -1 20 -1 -2
93 -1 2 -1 -2
166 -1 38 -1 -2
166 -1 55 -1 -2
166 -1 107 -1 -2
93 -1 125 -1 -2
93 -1 2 -1 -2
136 -1 20 -1 -2
136 -1 2 -1 -2
44 -1 106 -1 -2
44 -1 140 -1 -2
44 -1 2 -1 -2
44 -1 107 -1 -2
8 -1 111 -1 -2
466 -1 20 -1 -2
466 -1 2 -1 -2
217 -1 216 -1 -2
225 -1 216 -1 -2
321 -1 16 -1 -2
321 -1 20 -1 -2
321 -1 2 -1 -2
467 -1 20 -1 -2
467 -1 147 -1 -2
467 -1 2 -1 -2
8 -1 63 -1 -2
8 -1 2 -1 -2
212 -1 20 -1 -2
272 -1 4 -1 -2
93 -1 135 -1 -2
93 -1 20 -1 -2
93 -1 10 -1 -2
161 -1 20 -1 -2
161 -1 2 -1 -2
67 -1 4 -1 -2
228 -1 4 -1 -2
93 -1 4 -1 -2
8 -1 216 -1 -2
8 -1 216 -1 -2
67 -1 4 -1 -2
93 -1 4 -1 -2
185 -1 2 -1 -2
41 -1 10 -1 -2
41 -1 91 -1 -2
41 -1 2 -1 -2
30 -1 2 -1 -2
30 -1 4 -1 -2
133 -1 4 -1 -2
133 -1 2 -1 -2
25 25 -1 4 -1 -2
15 -1 4 -1 -2
25 -1 4 -1 -2
25 -1 94 -1 -2
93 -1 16 -1 -2
93 -1 2 -1 -2
344 -1 20 -1 -2
384 -1 16 -1 -2
384 -1 4 -1 -2
384 -1 20 -1 -2
384 -1 125 -1 -2
8 -1 4 -1 -2
30 -1 16 -1 -2
8 -1 4 -1 -2
201 -1 4 -1 -2
201 -1 2 -1 -2
168 -1 4 -1 -2
81 -1 16 -1 -2
71 -1 4 -1 -2
71 -1 2 -1 -2
133 -1 20 -1 -2
133 -1 2 -1 -2
8 -1 125 -1 -2
30 -1 83 -1 -2
30 -1 10 -1 -2
30 -1 106 -1 -2
30 -1 2 -1 -2
468 -1 2 -1 -2
30 -1 4 -1 -2
56 -1 124 -1 -2
56 -1 20 -1 -2
56 -1 107 -1 -2
8 -1 4 -1 -2
129 -1 4 -1 -2
129 -1 20 -1 -2
129 -1 2 -1 -2
72 -1 20 -1 -2
8 -1 216 -1 -2
93 -1 55 -1 -2
93 -1 147 -1 -2
93 -1 2 -1 -2
65 -1 16 -1 -2
65 -1 38 -1 -2
65 -1 20 -1 -2
80 -1 16 -1 -2
80 -1 20 -1 -2
80 -1 2 -1 -2
469 -1 20 -1 -2
469 -1 91 -1 -2
8 -1 16 -1 -2
8 -1 16 -1 -2
8 -1 16 -1 -2
8 8 -1 16 -1 -2
8 -1 16 -1 -2
8 -1 38 -1 -2
298 -1 55 -1 -2
298 -1 55 -1 -2
298 -1 55 -1 -2
298 -1 55 -1 -2
298 -1 55 -1 -2
298 -1 55 -1 -2
470 -1 83 -1 -2
470 -1 16 -1 -2
470 -1 55 -1 -2
470 -1 2 -1 -2
136 -1 20 -1 -2
8 -1 83 -1 -2
8 -1 16 -1 -2
8 -1 125 -1 -2
8 -1 20 -1 -2
8 -1 2 -1 -2
471 -1 4 -1 -2
8 -1 147 -1 -2
306 -1 147 -1 -2
8 -1 20 -1 -2
8 -1 125 -1 -2
8 -1 111 -1 -2
8 -1 2 -1 -2
112 -1 4 -1 -2
112 -1 125 -1 -2
8 -1 135 -1 -2
8 -1 4 -1 -2
340 -1 124 -1 -2
412 8 -1 55 -1 -2
412 8 -1 2 -1 -2
412 8 -1 107 -1 -2
8 -1 4 -1 -2
5 -1 16 -1 -2
5 -1 4 -1 -2
30 -1 2 -1 -2
472 -1 111 -1 -2
472 -1 106 -1 -2
472 -1 140 -1 -2
93 -1 20 -1 -2
93 -1 106 -1 -2
93 -1 107 -1 -2
136 -1 4 -1 -2
473 -1 4 -1 -2
473 -1 2 -1 -2
338 -1 2 -1 -2
8 -1 4 -1 -2
8 -1 123 -1 -2
154 -1 4 -1 -2
302 -1 20 -1 -2
8 -1 20 -1 -2
8 -1 2 -1 -2
8 -1 4 -1 -2
8 -1 20 -1 -2
8 -1 38 -1 -2
231 -1 2 -1 -2
231 -1 153 -1 -2
474 -1 147 -1 -2
474 -1 2 -1 -2
330 -1 147 -1 -2
330 -1 2 -1 -2
8 -1 125 -1 -2
8 -1 10 -1 -2
30 -1 216 -1 -2
130 -1 55 -1 -2
130 -1 106 -1 -2
130 -1 2 -1 -2
93 -1 4 -1 -2
151 -1 83 -1 -2
93 -1 4 -1 -2
469 -1 63 -1 -2
469 -1 16 -1 -2
469 -1 2 -1 -2
375 -1 4 -1 -2
142 -1 16 -1 -2
142 -1 20 -1 -2
168 -1 16 -1 -2
168 -1 20 -1 -2
8 -1 2 -1 -2
93 -1 20 -1 -2
8 -1 106 -1 -2
8 -1 2 -1 -2
8 8 -1 4 -1 -2
8 -1 20 -1 -2
8 -1 91 -1 -2
8 -1 2 -1 -2
335 -1 125 -1 -2
8 -1 147 -1 -2
8 -1 2 -1 -2
8 -1 4 -1 -2
8 -1 38 -1 -2
8 -1 20 -1 -2
8 -1 91 -1 -2
8 -1 2 -1 -2
8 -1 216 -1 -2
93 -1 4 -1 -2
475 -1 55 -1 -2
475 -1 2 -1 -2
475 -1 107 -1 -2
280 -1 2 -1 -2
71 -1 20 -1 -2
71 -1 2 -1 -2
81 -1 83 -1 -2
81 -1 63 -1 -2
81 -1 2 -1 -2
348 -1 4 -1 -2
8 -1 2 -1 -2
8 -1 20 -1 -2
8 -1 2 -1 -2
8 -1 107 -1 -2
28 -1 123 -1 -2
28 -1 2 -1 -2
75 -1 2 -1 -2
8 -1 4 -1 -2
314 -1 4 -1 -2
314 -1 4 -1 -2
42 -1 55 -1 -2
42 -1 2 -1 -2
476 -1 20 -1 -2
476 -1 2 -1 -2
477 -1 20 -1 -2
477 -1 2 -1 -2
8 -1 63 -1 -2
8 -1 125 -1 -2
8 -1 111 -1 -2
25 -1 16 -1 -2
25 -1 20 -1 -2
25 -1 2 -1 -2
8 -1 20 -1 -2
8 -1 16 -1 -2
8 -1 20 -1 -2
478 -1 20 -1 -2
430 -1 55 -1 -2
430 -1 2 -1 -2
430 -1 107 -1 -2
93 136 -1 4 -1 -2
93 136 -1 20 -1 -2
93 136 -1 21 -1 -2
14 -1 16 -1 -2
14 -1 4 -1 -2
14 -1 20 -1 -2
14 -1 125 -1 -2
14 -1 2 -1 -2
136 -1 2 -1 -2
8 -1 4 -1 -2
8 -1 16 -1 -2
8 -1 20 -1 -2
8 -1 2 -1 -2
8 -1 107 -1 -2
330 -1 106 -1 -2
330 -1 2 -1 -2
330 -1 107 -1 -2
479 480 -1 63 -1 -2
479 480 -1 2 -1 -2
304 -1 123 -1 -2
304 -1 140 -1 -2
347 -1 63 -1 -2
347 -1 16 -1 -2
347 -1 4 -1 -2
347 -1 2 -1 -2
459 -1 4 -1 -2
459 -1 20 -1 -2
459 -1 2 -1 -2
134 -1 16 -1 -2
412 -1 4 -1 -2
412 -1 20 -1 -2
412 -1 106 -1 -2
412 -1 2 -1 -2
317 -1 55 -1 -2
317 -1 106 -1 -2
317 -1 2 -1 -2
317 -1 107 -1 -2
298 -1 20 -1 -2
298 -1 125 -1 -2
298 -1 2 -1 -2
298 -1 124 -1 -2
298 -1 10 -1 -2
298 -1 55 -1 -2
298 -1 2 -1 -2
298 -1 4 -1 -2
298 -1 123 -1 -2
298 -1 21 -1 -2
298 -1 94 -1 -2
318 -1 124 -1 -2
318 -1 38 -1 -2
318 -1 20 -1 -2
318 -1 106 -1 -2
318 -1 107 -1 -2
318 -1 153 -1 -2
159 -1 20 -1 -2
159 -1 2 -1 -2
481 -1 4 -1 -2
482 -1 20 -1 -2
482 -1 140 -1 -2
482 -1 2 -1 -2
482 -1 107 -1 -2
390 -1 124 -1 -2
390 -1 63 -1 -2
390 -1 10 -1 -2
390 -1 111 -1 -2
390 -1 2 -1 -2
475 -1 16 -1 -2
475 -1 20 -1 -2
475 -1 2 -1 -2
483 -1 20 -1 -2
483 -1 2 -1 -2
484 -1 4 -1 -2
199 -1 16 -1 -2
199 -1 2 -1 -2
380 -1 20 -1 -2
380 -1 2 -1 -2
324 -1 16 -1 -2
324 -1 106 -1 -2
324 -1 2 -1 -2
324 -1 16 -1 -2
324 -1 20 -1 -2
429 -1 20 -1 -2
429 -1 55 -1 -2
429 -1 2 -1 -2
429 -1 107 -1 -2
366 -1 4 -1 -2
366 -1 123 -1 -2
8 -1 140 -1 -2
8 -1 2 -1 -2
106 -1 4 -1 -2
485 -1 16 -1 -2
485 -1 2 -1 -2
486 -1 16 -1 -2
486 -1 2 -1 -2
233 -1 4 -1 -2
233 -1 2 -1 -2
487 -1 20 -1 -2
487 -1 2 -1 -2
438 -1 4 -1 -2
438 -1 20 -1 -2
438 -1 147 -1 -2
438 -1 111 -1 -2
318 -1 20 -1 -2
318 -1 2 -1 -2
66 -1 4 -1 -2
66 -1 123 -1 -2
66 -1 94 -1 -2
429 -1 20 -1 -2
429 -1 147 -1 -2
429 -1 2 -1 -2
459 -1 16 -1 -2
459 -1 20 -1 -2
459 -1 2 -1 -2
8 -1 4 -1 -2
204 -1 124 -1 -2
8 -1 4 -1 -2
82 -1 4 -1 -2
168 -1 20 -1 -2
68 -1 20 -1 -2
298 -1 20 -1 -2
298 -1 2 -1 -2
8 -1 16 -1 -2
93 -1 20 -1 -2
93 -1 4 -1 -2
93 -1 20 -1 -2
488 -1 125 -1 -2
318 -1 16 -1 -2
318 -1 20 -1 -2
318 -1 55 -1 -2
318 -1 2 -1 -2
318 -1 16 -1 -2
318 -1 20 -1 -2
318 -1 2 -1 -2
25 -1 38 -1 -2
25 -1 16 -1 -2
25 -1 2 -1 -2
136 -1 4 -1 -2
25 -1 20 -1 -2
136 -1 20 -1 -2
30 -1 4 -1 -2
30 -1 16 -1 -2
30 -1 2 -1 -2
71 -1 4 -1 -2
71 -1 123 -1 -2
71 -1 21 -1 -2
71 -1 20 -1 -2
133 -1 16 -1 -2
30 -1 20 -1 -2
30 -1 20 -1 -2
489 -1 4 -1 -2
489 -1 123 -1 -2
489 -1 147 -1 -2
489 -1 2 -1 -2
489 -1 94 -1 -2
231 -1 2 -1 -2
136 -1 2 -1 -2
93 -1 20 -1 -2
93 -1 2 -1 -2
276 -1 4 -1 -2
199 -1 2 -1 -2
490 -1 4 -1 -2
490 -1 21 -1 -2
490 -1 94 -1 -2
221 -1 4 -1 -2
221 -1 20 -1 -2
221 -1 123 -1 -2
221 -1 94 -1 -2
8 -1 4 -1 -2
25 -1 16 -1 -2
71 -1 2 -1 -2
71 -1 2 -1 -2
93 -1 135 -1 -2
93 -1 4 -1 -2
38 -1 16 -1 -2
38 -1 2 -1 -2
67 -1 16 -1 -2
67 -1 38 -1 -2
67 -1 20 -1 -2
491 -1 4 -1 -2
56 -1 4 -1 -2
56 -1 2 -1 -2
93 -1 63 -1 -2
93 -1 4 -1 -2
93 -1 123 -1 -2
93 -1 21 -1 -2
93 -1 20 -1 -2
348 -1 16 -1 -2
93 -1 2 -1 -2
93 -1 153 -1 -2
65 492 -1 20 -1 -2
276 -1 4 -1 -2
276 -1 20 -1 -2
276 -1 2 -1 -2
14 -1 2 -1 -2
136 -1 83 -1 -2
136 -1 16 -1 -2
136 -1 106 -1 -2
93 -1 10 -1 -2
93 -1 2 -1 -2
93 -1 20 -1 -2
93 -1 2 -1 -2
93 -1 94 -1 -2
93 -1 16 -1 -2
93 -1 140 -1 -2
93 -1 2 -1 -2
93 -1 135 -1 -2
93 -1 16 -1 -2
93 -1 20 -1 -2
493 -1 125 -1 -2
493 -1 10 -1 -2
493 -1 2 -1 -2
93 -1 135 -1 -2
93 -1 4 -1 -2
93 -1 20 -1 -2
93 -1 125 -1 -2
8 -1 4 -1 -2
8 -1 4 -1 -2
8 -1 123 -1 -2
35 -1 55 -1 -2
35 -1 106 -1 -2
35 -1 2 -1 -2
35 -1 107 -1 -2
145 -1 2 -1 -2
494 -1 63 -1 -2
494 -1 20 -1 -2
494 -1 2 -1 -2
8 -1 16 -1 -2
244 -1 135 -1 -2
244 -1 4 -1 -2
244 -1 2 -1 -2
150 -1 20 -1 -2
150 -1 2 -1 -2
235 -1 20 -1 -2
235 -1 2 -1 -2
136 -1 20 -1 -2
93 -1 16 -1 -2
93 -1 2 -1 -2
8 -1 16 -1 -2
8 -1 38 -1 -2
8 -1 216 -1 -2
8 -1 216 -1 -2
8 -1 216 -1 -2
8 -1 216 -1 -2
24 -1 16 -1 -2
24 -1 20 -1 -2
24 -1 10 -1 -2
24 -1 2 -1 -2
8 -1 91 -1 -2
233 -1 16 -1 -2
93 -1 4 -1 -2
8 -1 216 -1 -2
93 -1 124 -1 -2
93 -1 2 -1 -2
93 -1 147 -1 -2
93 -1 2 -1 -2
93 -1 20 -1 -2
93 -1 2 -1 -2
8 -1 16 -1 -2
8 -1 4 -1 -2
8 -1 4 -1 -2
8 -1 2 -1 -2
117 -1 2 -1 -2
8 -1 20 -1 -2
126 -1 63 -1 -2
126 -1 55 -1 -2
126 -1 2 -1 -2
8 -1 4 -1 -2
8 -1 4 -1 -2
8 -1 4 -1 -2
251 -1 4 -1 -2
142 -1 20 -1 -2
142 -1 2 -1 -2
8 -1 140 -1 -2
8 -1 2 -1 -2
8 -1 16 -1 -2
495 -1 20 -1 -2
495 -1 2 -1 -2
496 -1 20 -1 -2
496 -1 2 -1 -2
298 -1 20 -1 -2
298 -1 125 -1 -2
298 -1 2 -1 -2
497 -1 4 -1 -2
497 -1 146 -1 -2
8 -1 4 -1 -2
8 -1 4 -1 -2
8 -1 20 -1 -2
8 -1 91 -1 -2
8 -1 2 -1 -2
8 -1 4 -1 -2
8 -1 91 -1 -2
8 -1 4 -1 -2
8 -1 63 -1 -2
8 -1 16 -1 -2
8 -1 2 -1 -2
340 -1 16 -1 -2
340 -1 2 -1 -2
498 499 -1 20 -1 -2
498 499 -1 91 -1 -2
298 -1 4 -1 -2
298 -1 123 -1 -2
298 -1 2 -1 -2
317 -1 20 -1 -2
317 -1 2 -1 -2
472 -1 4 -1 -2
472 -1 2 -1 -2
490 -1 20 -1 -2
490 -1 2 -1 -2
231 -1 20 -1 -2
231 -1 2 -1 -2
231 -1 107 -1 -2
231 -1 94 -1 -2
183 -1 4 -1 -2
183 -1 2 -1 -2
8 -1 4 -1 -2
8 -1 20 -1 -2
8 -1 2 -1 -2
8 -1 4 -1 -2
8 -1 4 -1 -2
8 -1 2 -1 -2
8 -1 4 -1 -2
8 -1 4 -1 -2
8 -1 2 -1 -2
225 -1 4 -1 -2
225 -1 2 -1 -2
8 -1 4 -1 -2
8 -1 4 -1 -2
8 -1 4 -1 -2
8 -1 106 -1 -2
8 -1 140 -1 -2
8 -1 20 -1 -2
8 -1 10 -1 -2
8 -1 55 -1 -2
8 -1 91 -1 -2
8 -1 16 -1 -2
8 -1 16 -1 -2
8 -1 4 -1 -2
353 -1 4 -1 -2
353 -1 146 -1 -2
8 -1 2 -1 -2
8 -1 4 -1 -2
8 -1 107 -1 -2
168 -1 16 -1 -2
168 -1 91 -1 -2
93 -1 2 -1 -2
93 -1 4 -1 -2
93 -1 20 -1 -2
93 -1 125 -1 -2
93 -1 2 -1 -2
183 -1 20 -1 -2
183 -1 106 -1 -2
183 -1 2 -1 -2
183 -1 107 -1 -2
500 -1 135 -1 -2
500 -1 4 -1 -2
500 -1 125 -1 -2
500 -1 123 -1 -2
168 -1 63 -1 -2
168 -1 2 -1 -2
168 -1 20 -1 -2
160 -1 16 -1 -2
236 -1 106 -1 -2
8 -1 55 -1 -2
501 -1 38 -1 -2
501 -1 20 -1 -2
501 -1 2 -1 -2
138 -1 124 -1 -2
138 -1 38 -1 -2
138 -1 20 -1 -2
138 -1 106 -1 -2
138 -1 2 -1 -2
138 -1 107 -1 -2
85 -1 2 -1 -2
259 -1 4 -1 -2
8 -1 135 -1 -2
8 -1 38 -1 -2
8 -1 4 -1 -2
8 -1 123 -1 -2
8 -1 38 -1 -2
129 -1 123 -1 -2
8 -1 4 -1 -2
8 -1 4 -1 -2
8 -1 4 -1 -2
8 -1 4 -1 -2
339 502 -1 10 -1 -2
339 502 -1 106 -1 -2
339 502 -1 2 -1 -2
503 503 503 -1 2 -1 -2
469 -1 20 -1 -2
469 -1 10 -1 -2
469 -1 106 -1 -2
469 -1 91 -1 -2
469 -1 2 -1 -2
8 -1 20 -1 -2
145 -1 38 -1 -2
145 -1 2 -1 -2
145 -1 107 -1 -2
504 -1 20 -1 -2
504 -1 2 -1 -2
504 -1 107 -1 -2
501 -1 16 -1 -2
501 -1 20 -1 -2
151 -1 16 -1 -2
151 -1 4 -1 -2
151 -1 20 -1 -2
151 -1 91 -1 -2
291 -1 63 -1 -2
291 -1 10 -1 -2
291 -1 140 -1 -2
291 -1 2 -1 -2
505 -1 16 -1 -2
505 -1 2 -1 -2
506 -1 2 -1 -2
507 -1 4 -1 -2
508 -1 135 -1 -2
508 -1 4 -1 -2
509 -1 63 -1 -2
509 -1 10 -1 -2
509 -1 140 -1 -2
509 -1 2 -1 -2
510 -1 4 -1 -2
510 -1 147 -1 -2
467 -1 20 -1 -2
467 -1 125 -1 -2
467 -1 2 -1 -2
8 -1 16 -1 -2
8 -1 2 -1 -2
30 -1 20 -1 -2
30 -1 2 -1 -2
3 -1 2 -1 -2
81 -1 4 -1 -2
81 -1 125 -1 -2
30 -1 2 -1 -2
30 -1 107 -1 -2
133 -1 16 -1 -2
133 -1 2 -1 -2
8 -1 4 -1 -2
8 -1 4 -1 -2
200 -1 20 -1 -2
