2 ==> 12, 13, 15, 16
2, 9 ==> 11, 12, 14, 15, 16, 20, 21
2, 10 ==> 12, 13, 15, 16
2, 9, 10 ==> 3, 12, 13, 20, 21
9 ==> 3, 13, 15, 16
2, 10 ==> 12, 13, 15, 21
2, 10 ==> 12, 13, 15, 20
2 ==> 3, 13, 14, 15, 16, 20, 21
10 ==> 3, 11, 12, 15, 16
2 ==> 3, 11, 13, 14, 20, 21
167 ==> 15
167 ==> 14
167 ==> 11
2 ==> 12, 13, 14, 15, 20, 21
167 ==> 12
2 ==> 12, 13, 15, 20
2 ==> 12, 13, 15, 21
9, 10 ==> 16, 20, 21
9 ==> 3, 13, 15, 20
9 ==> 3, 13, 15, 21
2, 9 ==> 11, 12, 13, 14, 15, 20, 21
10 ==> 3, 11, 12, 15, 21
2, 9, 10 ==> 3, 13, 16, 20
2 ==> 12, 14, 15, 16, 20, 21
2, 9, 10 ==> 3, 13, 16, 21
2, 10 ==> 13, 15
2, 10 ==> 13, 14
2, 10 ==> 11, 13, 14, 15, 20
2, 10 ==> 11, 13, 14, 15, 21
10 ==> 3, 11, 12, 15, 20
10 ==> 3, 11, 12, 14, 16, 21
10 ==> 3, 11, 12, 16, 20, 21
2, 10 ==> 13, 16
10 ==> 3, 11, 12, 14, 16, 20
2, 9 ==> 3, 11, 14, 15, 16
2 ==> 3, 13, 15, 16, 20, 21
2 ==> 11, 13, 14, 20, 21
10 ==> 3, 12, 13, 15, 16, 21
10 ==> 3, 12, 13, 15, 16, 20
2, 9 ==> 3, 11, 14, 21
9 ==> 3, 14, 16, 20, 21
2, 9 ==> 3, 11, 14, 20
2, 10 ==> 13, 20
2 ==> 3, 12, 14, 15, 20, 21
2, 10 ==> 13, 21
2, 9 ==> 3, 11, 14, 15, 20
2 ==> 11, 12, 14, 15, 16, 21
2, 9 ==> 3, 11, 14, 15, 21
2 ==> 13, 15, 16, 20, 21
2 ==> 11, 12, 14, 15, 16, 20
9 ==> 3, 12, 13, 20, 21
2, 9, 10 ==> 11, 12, 14, 21
2, 9, 10 ==> 11, 12, 14, 20
2 ==> 12, 14, 15, 20, 21
2, 9, 10 ==> 11, 12, 14, 16
2, 9, 10 ==> 11, 12, 14, 15
10 ==> 20, 21
2, 10 ==> 3, 14, 15, 20, 21
10 ==> 12, 13, 14, 15
10 ==> 12, 13, 14, 16
10 ==> 3, 11, 16, 20
2, 10 ==> 11, 12, 13, 15, 16, 20
2, 10 ==> 11, 13, 16, 20
2, 10 ==> 11, 13, 16, 21
2, 10 ==> 11, 12, 13, 15, 16, 21
107 ==> 12
2, 9 ==> 3, 11, 13, 15, 20, 21
107 ==> 11
2 ==> 3, 15, 16, 20
2 ==> 3, 15, 16, 21
107 ==> 15
107 ==> 14
9, 10 ==> 12, 14, 20, 21
10 ==> 3, 11, 16, 21
107, 167 ==> 12, 119
10 ==> 3
10 ==> 12, 13, 14, 21
9 ==> 3, 11, 14, 15, 16
10 ==> 12, 13, 14, 20
9 ==> 3, 11, 14, 15, 20
2, 107, 168 ==> 119
9, 10 ==> 3, 15, 20, 21
2, 10 ==> 11, 12, 14, 16, 21
2 ==> 3, 11, 20, 21
2, 10 ==> 11, 12, 14, 16, 20
10 ==> 3, 11, 13, 14, 15, 20
2, 10 ==> 11, 15, 20, 21
10 ==> 3, 11, 13, 14, 15, 21
2, 10 ==> 3, 14, 21
2, 9 ==> 12, 15, 20, 21
10 ==> 12, 14, 15, 16, 21
2, 9, 10 ==> 15, 16
10 ==> 12, 14, 15, 16, 20
2, 9 ==> 3, 13, 20
2, 9 ==> 3, 13, 21
10 ==> 3, 11, 13, 14, 15, 16
10 ==> 3, 12, 15, 16, 20
2, 167 ==> 12, 15
10 ==> 3, 12, 15, 16, 21
2, 167 ==> 12, 14
2, 9, 10 ==> 3, 14, 16, 20, 21
2, 10 ==> 3, 14, 15
2, 9 ==> 3, 13, 14
2, 10 ==> 3, 14, 16
2, 9 ==> 3, 13, 15
2, 9 ==> 3, 13, 16
2, 9 ==> 12, 14, 15, 16, 21
2, 9 ==> 12, 14, 15, 16, 20
2, 10 ==> 3, 14, 20
9, 10 ==> 11, 12, 13, 15, 16, 20, 21
9, 10 ==> 12, 14, 15, 20, 21
2, 9, 10 ==> 11, 15, 16, 20
9 ==> 3, 12, 14, 16, 20, 21
2, 9, 10 ==> 11, 13, 15, 16, 20, 21
9, 10 ==> 12, 13, 14, 15, 16, 20, 21
9, 10 ==> 14, 15, 16, 21
9, 10 ==> 14, 15, 16, 20
9, 10 ==> 3, 12, 13, 15, 20, 21
2, 9, 10 ==> 11, 13, 15, 16, 21
2, 9, 10 ==> 11, 13, 15, 16, 20
9 ==> 15, 16, 20, 21
2, 10 ==> 11, 12, 16, 20, 21
2, 9, 10 ==> 3, 11, 15, 16, 20, 21
9, 10 ==> 3, 11, 12, 14, 20, 21
2, 9, 10 ==> 3, 12, 13, 21
2, 9 ==> 12, 13, 16, 20
2, 9, 10 ==> 3, 12, 13, 20
9, 10 ==> 3, 20
2, 9 ==> 12, 13, 16, 21
9, 10 ==> 3, 21
2, 9 ==> 3
2, 9, 10 ==> 3, 13, 14, 15, 16, 20
2, 9 ==> 11, 12, 13
2, 9, 10 ==> 3, 13, 14, 15, 16, 21
2, 9 ==> 11, 12, 14
2, 9 ==> 11, 12, 15
2, 9 ==> 11, 12, 16
2, 9, 10 ==> 3, 12, 13, 14
2, 9, 10 ==> 3, 12, 13, 16
2, 9, 10 ==> 3, 12, 13, 15
2, 10, 167 ==> 11, 12
2, 9, 10 ==> 3, 12, 13, 14, 16, 21
2, 9, 10 ==> 3, 12, 13, 14, 16, 20
2, 4 ==> 3
10 ==> 11, 20
2, 10 ==> 3, 12, 13, 14, 20, 21
2, 9 ==> 3, 12, 14, 15, 16, 20, 21
10 ==> 11, 21
2 ==> 3, 11, 12, 14, 15, 20, 21
9 ==> 12, 14, 16
9, 10 ==> 3, 11, 12, 14, 15, 20
9 ==> 12, 14, 15
2, 9, 10 ==> 12, 15, 16, 20, 21
2, 10 ==> 3, 11, 13, 15, 20
2, 10 ==> 3, 11, 13, 15, 21
2, 9 ==> 3, 12, 13, 20, 21
10 ==> 3, 13, 20, 21
9, 10 ==> 3, 11, 12, 14, 15, 21
10 ==> 11, 16
9, 10 ==> 3, 11, 14, 15, 16, 21
10 ==> 11, 12
10 ==> 11, 13
9, 10 ==> 3, 11, 14, 15, 16, 20
10 ==> 11, 14
10 ==> 11, 15
2, 10 ==> 3, 11, 14, 16, 20, 21
167 ==> 12, 14, 15
9 ==> 3, 11, 13, 15, 20, 21
2, 9 ==> 3, 14, 16, 20, 21
9 ==> 12, 14, 20
9, 10 ==> 3, 11, 12, 14, 15, 16
2, 9, 10 ==> 11, 15, 16, 21
9 ==> 12, 14, 21
10 ==> 11, 13, 14, 15, 20, 21
2, 10 ==> 12, 13, 15, 16, 21
2, 9 ==> 3, 12, 14, 16, 20, 21
2 ==> 11, 14, 16
2, 9, 10 ==> 3, 12, 13, 16, 20, 21
2, 10 ==> 12, 13, 15, 16, 20
9 ==> 15, 16, 21
9 ==> 15, 16, 20
2, 9, 10 ==> 3, 11, 13, 14, 16, 20, 21
9, 10 ==> 11, 13, 14, 20, 21
2 ==> 11, 14, 21
9, 10 ==> 3, 12, 21
9, 10 ==> 3, 12, 20
2 ==> 11, 14, 20
2, 9 ==> 11, 12, 14, 21
2, 9 ==> 11, 12, 14, 20
9, 10 ==> 3, 12, 13, 14
9, 10 ==> 3, 12, 13, 20, 21
9 ==> 11, 14, 16, 21
2 ==> 11, 12, 13, 20
2 ==> 11, 12, 13, 21
9 ==> 11, 14, 16, 20
2 ==> 11, 12, 13, 16
2, 10 ==> 3, 11, 13, 15, 16
9, 10 ==> 14, 16, 21
9, 10 ==> 14, 16, 20
2 ==> 11, 12, 13, 14
2 ==> 11, 12, 13, 15
9 ==> 3, 12, 13, 14, 15, 20, 21
9, 10 ==> 3, 12, 13, 15
2, 9 ==> 11, 12, 14, 15
10 ==> 3, 11, 12, 13, 15, 16, 20, 21
9, 10 ==> 3, 12, 13, 16
2, 9 ==> 11, 12, 14, 16
9 ==> 3, 11, 12, 13, 14, 16, 20, 21
9, 10 ==> 3, 12, 13, 20
9, 10 ==> 3, 12, 13, 21
168 ==> 14, 15, 119
2, 9 ==> 3, 11, 14, 15
2, 9 ==> 3, 11, 14, 16
2, 9, 10 ==> 13, 14, 20, 21
9, 10 ==> 3, 12, 14
9, 10 ==> 3, 14, 16, 20, 21
9, 10 ==> 11, 12, 14, 15, 16, 20
9, 10 ==> 3, 12, 13
9, 10 ==> 3, 12, 16
9, 10 ==> 11, 12, 14, 15, 16, 21
2 ==> 12, 13, 14
2 ==> 12, 13, 15
9, 10 ==> 3, 12, 15
2 ==> 12, 13, 16
2, 9 ==> 12, 13, 15, 16, 20, 21
2, 9, 10 ==> 12, 14, 16
9 ==> 11, 12, 16, 20, 21
2, 9, 10 ==> 12, 14, 15
9, 10 ==> 3, 11
9, 10 ==> 3, 13
2, 9 ==> 3, 11, 12, 14, 15, 16, 21
9, 10 ==> 3, 12
9, 10 ==> 3, 15
2, 107 ==> 14, 15
9, 10 ==> 3, 14
2, 9 ==> 11, 12, 20
9, 10 ==> 3, 16
2, 9 ==> 11, 12, 21
2 ==> 12, 13, 20
2 ==> 12, 13, 21
10 ==> 14, 15, 20, 21
2 ==> 3, 11, 13, 14, 15, 16, 20, 21
2, 9 ==> 3, 11, 12, 14, 15, 16, 20
2, 9, 10 ==> 12, 14, 21
2, 9, 10 ==> 12, 14, 20
2 ==> 11, 14, 15
10 ==> 11, 12, 13, 14, 16
10 ==> 11, 12, 13, 14, 15
9 ==> 11, 13, 14, 15, 16
2, 9, 10 ==> 3, 11, 12, 14, 15, 21
2, 9 ==> 3, 13, 15, 16, 20
2 ==> 3, 12, 13, 15, 16, 21
2, 9, 10 ==> 3, 11, 12, 14, 15, 20
2 ==> 3, 12, 13, 15, 16, 20
2, 9 ==> 3, 13, 15, 16, 21
2 ==> 14, 16, 20, 21
2, 9 ==> 13, 14, 20, 21
168 ==> 11, 12
9 ==> 3, 11, 12, 14, 16, 20
2, 10 ==> 3, 11, 13, 15, 16, 21
9 ==> 3, 11, 12, 14, 16, 21
2, 10 ==> 3, 11, 13, 15, 16, 20
9, 10 ==> 15, 16, 20, 21
9 ==> 3, 12, 13, 15, 16, 20
9 ==> 3, 12, 13, 15, 16, 21
2, 10 ==> 13, 14, 15, 16, 20, 21
9 ==> 3, 11, 16, 21
9 ==> 11, 13, 14, 15, 21
9 ==> 3, 11, 16, 20
2, 9 ==> 11, 12, 13, 14, 21
9 ==> 11, 13, 14, 15, 20
2, 9 ==> 11, 12, 13, 14, 20
2, 10 ==> 12, 13, 14, 15, 16, 20, 21
2, 10 ==> 3
10 ==> 11, 12, 13, 14, 21
2, 167 ==> 11, 12, 15
2, 167 ==> 11, 12, 14
10 ==> 11, 12, 13, 14, 20
9, 10 ==> 3, 11, 12, 14, 16, 20, 21
2, 9 ==> 11, 12, 15, 16, 21
2, 10 ==> 13, 15, 16, 20, 21
2, 9 ==> 11, 12, 15, 16, 20
2, 10 ==> 12, 13, 20, 21
2, 9 ==> 11, 12, 13, 14, 16
2, 9, 10 ==> 3, 12, 13, 15, 20
2, 9, 10 ==> 3, 12, 13, 15, 21
2, 9 ==> 11, 12, 13, 14, 15
9, 10 ==> 11, 12, 15, 20, 21
2, 9, 10 ==> 11, 12, 13, 16, 20, 21
9 ==> 12, 13, 15, 16, 21
9 ==> 12, 13, 15, 16, 20
2, 10 ==> 3, 13, 15, 16, 20
9 ==> 3, 11, 12, 14, 15, 16, 21
9 ==> 3, 11, 12, 14, 15, 16, 20
2, 10 ==> 3, 13, 20, 21
9 ==> 3, 11, 13, 14, 15, 16
2, 9, 10 ==> 3, 12, 13, 15, 16
9, 10 ==> 11, 12, 13, 16
9, 10 ==> 11, 12, 13, 14
9, 10 ==> 11, 12, 13, 15
10 ==> 11, 12, 15, 16, 20
9, 10 ==> 3, 11, 12, 13, 14, 16, 20, 21
2, 10 ==> 3, 13, 15, 16, 21
10 ==> 11, 12, 15, 16, 21
9, 10 ==> 3, 11, 12, 16, 21
9, 10 ==> 3, 11, 12, 16, 20
10 ==> 3, 12, 14, 15, 20, 21
9 ==> 3, 11, 13, 14, 15, 20
2 ==> 11, 12, 14, 16, 20
2 ==> 11, 12, 15, 20, 21
2, 9, 10 ==> 12, 13, 16, 21
9 ==> 11, 12, 14, 16, 20, 21
2, 9, 10 ==> 12, 13, 16, 20
9 ==> 3, 11, 13, 14, 15, 21
10 ==> 11, 16, 20
9 ==> 11, 12, 14, 15, 16, 20
10 ==> 11, 16, 21
9 ==> 11, 12, 14, 15, 16, 21
2 ==> 11, 12, 14, 16, 21
2 ==> 3, 11, 12, 13, 15, 16, 21
2 ==> 3, 11, 12, 13, 15, 16, 20
10 ==> 11, 12, 13, 14, 20, 21
2, 9, 10 ==> 11, 12, 13, 14, 16
2, 9, 10 ==> 11, 12, 13, 14, 15
9 ==> 12, 14, 16, 20, 21
10 ==> 3, 11, 13, 15, 16, 20, 21
2, 9 ==> 3, 11, 14, 20, 21
2, 9 ==> 3, 11, 12, 15, 16, 20, 21
2, 10 ==> 11, 13, 14, 20, 21
2, 9, 10 ==> 3, 11, 12, 15, 20, 21
9, 10 ==> 12, 13, 16, 20, 21
2, 10 ==> 3, 13, 16, 20, 21
10 ==> 3, 11, 12, 20, 21
2, 10 ==> 11, 12, 14, 15, 20, 21
2 ==> 13
2, 9, 10 ==> 3, 11, 13, 16, 21
2 ==> 14
2, 9, 10 ==> 3, 11, 13, 16, 20
2 ==> 11
2 ==> 12
2 ==> 15
2, 9 ==> 3, 11, 12, 15, 16, 21
2, 9 ==> 3, 11, 12, 15, 16, 20
2 ==> 16
2, 10 ==> 3, 12, 13, 15, 16, 20, 21
9, 10 ==> 11, 14, 16, 21
9, 10 ==> 11, 14, 16, 20
2, 9 ==> 11, 13, 14, 16, 20, 21
9 ==> 11, 16, 20, 21
9, 10 ==> 12, 13, 15, 16, 20
9, 10 ==> 12, 13, 15, 16, 21
9, 10 ==> 12, 14, 15, 16, 20, 21
2, 9, 10 ==> 3, 11, 12, 14, 15, 16
2, 9, 10 ==> 11, 12, 13, 14, 21
2, 9, 10 ==> 11, 12, 13, 14, 20
2, 9 ==> 12, 13, 14, 15, 16, 20
2, 9, 10 ==> 3, 11, 12, 13, 15, 20, 21
2, 9 ==> 12, 13, 14, 15, 16, 21
2 ==> 20
2 ==> 21
9 ==> 13, 15
9 ==> 11, 12, 14, 16
9 ==> 13, 14
9 ==> 11, 12, 14, 15
9 ==> 13, 16
9, 10 ==> 3, 11, 12, 14, 15, 16, 20
9, 10 ==> 3, 11, 12, 14, 15, 16, 21
9, 10 ==> 3, 13, 14, 16, 20, 21
2, 10 ==> 3, 14, 15, 16, 20, 21
10 ==> 14, 20, 21
2, 9, 10 ==> 3, 11, 12, 13, 14, 16, 20, 21
9 ==> 13, 21
9 ==> 13, 20
2, 9, 10 ==> 3, 14, 15, 16
9 ==> 3, 13, 15, 16, 21
9 ==> 3, 13, 15, 16, 20
2, 10 ==> 3, 13, 14, 15, 20, 21
9 ==> 3, 11, 12, 14, 16, 20, 21
2, 10 ==> 3, 11, 12, 13, 15, 20, 21
2 ==> 13, 16, 21
2 ==> 13, 16, 20
9, 10 ==> 11, 12, 13, 14, 15, 16, 21
2, 9 ==> 3, 14, 16, 20
2, 9 ==> 3, 14, 16, 21
2 ==> 3, 11, 13, 15, 16, 20, 21
2, 10 ==> 3, 11, 13, 14, 16, 20, 21
9, 10 ==> 11, 12, 13, 14, 15, 16, 20
2, 9 ==> 14, 16
2, 9 ==> 14, 15
2, 9, 10 ==> 3, 14, 15, 20
2, 9, 10 ==> 14, 16, 20
167 ==> 15, 119
2, 9, 10 ==> 3, 14, 15, 21
2, 9, 10 ==> 14, 16, 21
2, 9 ==> 13, 20, 21
10 ==> 13, 14, 16, 20
9 ==> 12, 13, 16, 20
10 ==> 13, 14, 16, 21
2, 9 ==> 3, 12, 13, 14, 15, 20, 21
9 ==> 12, 13, 16, 21
9 ==> 3, 11, 13, 16, 20
2 ==> 3, 11, 12, 13, 16, 20
2 ==> 3, 11, 12, 13, 16, 21
2, 9, 10 ==> 11, 12, 13, 14, 16, 20, 21
107 ==> 14, 15, 119
2, 9 ==> 11, 13, 14, 16, 21
9 ==> 11, 13, 15, 20, 21
10 ==> 15, 20
2, 9 ==> 11, 13, 14, 16, 20
2, 9, 10 ==> 20, 21
10 ==> 13, 15, 20
10 ==> 15, 21
2 ==> 3, 11, 12, 13, 16, 20, 21
10 ==> 13, 15, 21
2 ==> 11, 13, 16, 21
2 ==> 11, 13, 16, 20
2 ==> 3, 11, 13, 14, 15, 20
2 ==> 3, 11, 13, 14, 15, 21
10 ==> 15, 16
10 ==> 3, 13, 15, 16, 20, 21
2 ==> 3, 11, 13, 15, 21
2 ==> 3, 11, 13, 15, 20
9 ==> 3, 11, 13, 16, 21
2, 10 ==> 13, 16, 20
2, 10 ==> 13, 16, 21
9, 10 ==> 3, 11, 14, 15, 21
9, 10 ==> 3, 11, 14, 15, 20
2, 10 ==> 3, 11, 12, 14, 15, 16, 20, 21
2, 9 ==> 11, 12, 13, 14, 15, 21
2, 10 ==> 3, 12, 16, 21
2, 10 ==> 3, 12, 16, 20
2, 9, 10 ==> 3, 15, 20, 21
2 ==> 3, 13, 16, 20, 21
2, 9 ==> 11, 12, 13, 14, 15, 20
9 ==> 3, 11, 14, 20, 21
2, 9 ==> 12, 15, 16
2, 9 ==> 14, 21
2, 9 ==> 14, 20
2 ==> 3, 11, 13, 15, 16
9, 10 ==> 3, 11, 15, 16, 20, 21
9 ==> 21
2, 10 ==> 12, 14, 15, 20, 21
2, 9 ==> 12, 15, 21
2, 9 ==> 12, 15, 20
10 ==> 11, 13, 20, 21
10 ==> 11, 13, 14, 16, 20
9 ==> 20
10 ==> 11, 13, 14, 16, 21
2, 9 ==> 11, 12, 13, 14, 15, 16
2 ==> 3, 12, 14, 16
10 ==> 3, 11, 12, 13, 15, 16, 21
10 ==> 3, 11, 12, 13, 15, 16, 20
9, 10 ==> 11, 12, 14, 16, 21
2 ==> 3, 12, 14, 15
9, 10 ==> 11, 12, 14, 16, 20
9 ==> 12
9 ==> 13
9 ==> 11
9 ==> 16
9 ==> 14
9 ==> 15
2, 9 ==> 11, 12, 13, 15, 20, 21
107, 167, 168 ==> 119
9, 10 ==> 13, 15, 16, 20, 21
9 ==> 11, 12, 14, 21
9 ==> 11, 12, 14, 20
2 ==> 3, 12, 14, 21
2 ==> 3, 12, 14, 20
2 ==> 3, 11, 13, 14, 15, 16
9, 10 ==> 3, 11, 14, 15, 16
10 ==> 13, 15, 16
9, 10 ==> 12, 13, 14, 15, 20, 21
9, 10 ==> 12, 14, 20
9, 10 ==> 12, 14, 21
2, 9, 10 ==> 11, 13, 16, 20, 21
2, 9, 10 ==> 11, 14, 16, 20, 21
2, 9, 10 ==> 3, 11, 12, 13, 14, 15, 16, 20
2, 10 ==> 3, 11, 12, 16
2, 9, 10 ==> 3, 11, 12, 13, 14, 15, 16, 21
2, 9, 10 ==> 14, 15, 16, 20, 21
167, 168 ==> 14, 15, 119
2, 10 ==> 3, 11, 12, 14
9, 10 ==> 12, 13, 15, 16
9, 10 ==> 3, 13, 14, 15, 16, 21
2, 10 ==> 3, 11, 12, 15
9, 10 ==> 3, 13, 14, 15, 16, 20
9 ==> 11, 15, 16
2, 10 ==> 3, 11, 12, 13
10 ==> 12, 15, 16, 20
9, 10 ==> 3, 12, 13, 14, 16, 21
10 ==> 12, 15, 16, 21
9, 10 ==> 3, 12, 13, 14, 16, 20
2, 107, 167, 168 ==> 11, 12
2, 9 ==> 11, 12, 13, 14, 20, 21
9 ==> 11, 15, 21
9 ==> 11, 15, 20
2, 10 ==> 3, 11, 12, 21
2, 10 ==> 3, 11, 12, 20
2 ==> 11, 12, 14, 15, 16, 20, 21
9 ==> 3, 11, 13, 14, 20, 21
2, 9, 10 ==> 15, 16, 20, 21
2, 9 ==> 11, 14, 15, 16, 20, 21
2, 9, 10 ==> 11, 16, 20, 21
2, 9, 10 ==> 12, 16, 20, 21
167 ==> 12, 15
167 ==> 12, 14
2, 10 ==> 3, 12, 15, 16, 20, 21
2, 9, 10 ==> 3, 12, 14, 15, 20, 21
9 ==> 11, 12, 13, 15, 16, 20, 21
9 ==> 12, 14, 20, 21
9 ==> 3, 11, 12, 15
9 ==> 3, 11, 12, 14
9 ==> 3, 11, 12, 13
2, 9, 10 ==> 11, 12, 13, 14, 15, 16, 20, 21
9 ==> 12, 14, 15, 20, 21
9, 10 ==> 3, 12, 13, 16, 20, 21
10 ==> 11, 12, 15, 16
9 ==> 3, 11, 12, 16
2, 10 ==> 3, 11, 12, 13, 14, 16, 20
10 ==> 11, 12, 15, 16, 20, 21
9, 10 ==> 11, 13, 16, 21
2, 9, 10 ==> 3, 11, 13, 14, 20, 21
9, 10 ==> 11, 13, 16, 20
2, 10 ==> 3, 11, 12, 13, 14, 16, 21
2, 9 ==> 11, 14, 16, 21
2, 9 ==> 11, 14, 16, 20
9 ==> 3, 11, 12, 21
10 ==> 11, 12, 15, 20
9 ==> 3, 11, 12, 20
10 ==> 11, 12, 15, 21
2, 9, 10 ==> 3, 12, 13, 15, 20, 21
2, 10 ==> 3, 11, 13, 14, 15, 16, 20
2, 10 ==> 3, 11, 13, 14, 15, 16, 21
2 ==> 11, 14, 20, 21
2, 9 ==> 3, 11, 13, 14, 16, 21
9, 10 ==> 3, 14, 16, 20
2, 9 ==> 3, 11, 13, 14, 16, 20
10 ==> 3, 12, 20, 21
2, 9 ==> 3, 11, 12, 13, 21
2, 9 ==> 3, 11, 12, 13, 20
2, 9 ==> 3, 11, 13, 16, 21
2, 10 ==> 14, 20, 21
2, 9 ==> 3, 11, 13, 16, 20
2, 9, 10 ==> 3, 11, 14, 21
2, 9 ==> 3, 12, 13, 15, 16, 20
2, 9 ==> 3, 12, 13, 15, 16, 21
2, 9, 10 ==> 3, 11, 14, 20
2 ==> 11, 12, 15, 16, 20, 21
2, 9, 10 ==> 12, 14, 15, 16, 21
10 ==> 11, 12, 14
10 ==> 11, 12, 13
167 ==> 119
2, 9, 10 ==> 12, 14, 15, 16, 20
9, 10 ==> 3, 11, 13, 15, 16
2, 9, 10 ==> 3, 11, 12, 13, 14, 16, 20
2, 9, 10 ==> 3, 11, 12, 13, 14, 16, 21
10 ==> 11, 12, 16
10 ==> 11, 12, 15
2 ==> 11, 12, 13, 14, 15, 20, 21
2 ==> 3, 11, 16
2, 9 ==> 3, 14, 15, 20, 21
10 ==> 11, 12, 21
10 ==> 11, 12, 20
9 ==> 14, 16, 20
9 ==> 14, 16, 21
2, 9 ==> 12, 14, 15, 16
2, 9, 10 ==> 11, 12, 13, 15, 16, 20
2, 9, 10 ==> 11, 12, 13, 15, 16, 21
9 ==> 3, 13, 15, 16, 20, 21
9, 10 ==> 11, 15, 20, 21
2 ==> 3, 11, 12
9, 10 ==> 3, 11, 13, 15, 20
2, 107, 167 ==> 11, 12
2 ==> 3, 11, 13
2 ==> 3, 11, 14
2 ==> 3, 11, 15
9, 10 ==> 3, 11, 13, 15, 21
168 ==> 15
9, 10 ==> 12, 13, 15, 20
2, 9 ==> 12, 14, 15, 20
168 ==> 14
2, 9 ==> 12, 14, 15, 21
168 ==> 12
9, 10 ==> 12, 13, 15, 21
2, 9, 10 ==> 13, 14, 15, 20, 21
2, 9, 10 ==> 11, 20
2, 9, 10 ==> 11, 12, 13, 20, 21
2, 9, 10 ==> 11, 21
2, 10 ==> 12, 14, 16, 20, 21
2, 9, 10 ==> 3, 11, 14, 16
168 ==> 11
2, 9, 10 ==> 3, 11, 14, 15
9 ==> 3, 12, 16, 20
9 ==> 3, 12, 16, 21
9, 10 ==> 3, 14, 16, 21
2, 10 ==> 11, 12, 15, 20, 21
2 ==> 14, 15, 16, 21
2, 9, 10 ==> 3, 11, 12, 16, 20
2 ==> 14, 15, 16, 20
9, 10 ==> 3, 11, 12, 13, 15, 16, 21
2, 9, 10 ==> 3, 11, 12, 16, 21
10 ==> 3, 12, 14, 16, 21
2, 9 ==> 3, 12, 13, 20
10 ==> 3, 12, 14, 16, 20
2, 10 ==> 3, 11, 12, 13, 15, 20
2, 9 ==> 3, 12, 13, 21
2, 10 ==> 3, 11, 12, 13, 15, 16
2 ==> 3, 12, 14, 16, 20, 21
2 ==> 3, 12, 13, 14, 20
2 ==> 3, 12, 13, 16, 20, 21
9, 10 ==> 11, 15, 16, 20, 21
9, 10 ==> 3, 11, 12, 13, 14
2 ==> 3, 12, 13, 14, 21
9, 10 ==> 3, 11, 12, 13, 15
2, 9, 10 ==> 11, 15, 16
9, 10 ==> 3, 11, 12, 13, 16
2, 10 ==> 3, 11, 14, 20, 21
2, 10 ==> 11, 13, 15, 16, 20, 21
2, 9, 10 ==> 13, 14, 15, 21
2, 10 ==> 3, 11, 12, 13, 15, 21
2, 9, 10 ==> 11, 15, 20
2, 9, 10 ==> 11, 15, 21
2 ==> 12, 13, 14, 16, 20
2 ==> 3, 12, 13, 14, 15
2 ==> 3, 12, 13, 14, 16
2 ==> 12, 13, 14, 16, 21
9, 10 ==> 3, 11, 12, 13, 14, 15, 16, 20
9, 10 ==> 3, 11, 12, 13, 14, 15, 16, 21
10 ==> 11, 12, 13, 14, 15, 20
2, 10 ==> 12, 13, 14
2, 10 ==> 12, 13, 16
2, 9, 10 ==> 13, 14, 15, 20
2, 10 ==> 12, 13, 15
2 ==> 3, 13, 14, 15, 16, 20
2, 10 ==> 13, 14, 15, 16, 20
2, 9 ==> 3, 11, 12, 16, 20, 21
2, 9 ==> 3, 11, 13, 16, 20, 21
2, 10 ==> 13, 14, 15, 16, 21
2, 9, 10 ==> 13, 14, 15, 16
107 ==> 14, 15
2 ==> 3, 13, 14, 15, 16, 21
9, 10 ==> 3, 11, 13, 15
10 ==> 11, 12, 13, 14, 15, 21
9, 10 ==> 3, 11, 13, 14
2, 9 ==> 3, 11, 12, 13, 15
2 ==> 3, 15, 20
2, 9 ==> 3, 11, 12, 13, 14
2 ==> 3, 15, 21
9, 10 ==> 3, 11, 13, 16
2, 10 ==> 3, 11, 14, 15, 16
9, 10 ==> 3, 11, 12, 13, 20
2, 10 ==> 12, 13, 21
2, 9 ==> 3, 11, 12, 13, 16
2, 10 ==> 12, 13, 20
9, 10 ==> 3, 11, 12, 13, 21
2, 10 ==> 3, 11, 12, 13, 14, 15, 20, 21
10, 167 ==> 14, 15
9, 10 ==> 3, 11, 13, 21
9, 10 ==> 3, 11, 13, 20
9 ==> 3, 14, 20, 21
2 ==> 12, 14, 20, 21
2 ==> 11, 21
2 ==> 11, 20
2, 10 ==> 11, 12, 14, 16, 20, 21
2, 9 ==> 3, 12, 13, 14, 16
2, 9 ==> 3, 12, 13, 14, 15
10 ==> 3, 13, 15, 21
10 ==> 3, 13, 15, 20
9 ==> 11, 12, 13, 15, 16, 21
9, 10 ==> 3, 11, 12, 13, 15, 21
9, 10 ==> 3, 11, 12, 13, 15, 20
2, 10 ==> 3, 11, 14, 15, 21
9 ==> 11, 12, 13, 15, 16, 20
2, 10 ==> 3, 11, 14, 15, 20
2, 10 ==> 3, 11, 20
2, 10 ==> 3, 11, 21
9, 10 ==> 3, 12, 13, 14, 21
9, 10 ==> 3, 12, 13, 14, 20
10 ==> 11, 12, 13, 14, 15, 16
9, 10 ==> 3, 11, 12, 13, 15, 16
2 ==> 12, 13, 16, 20, 21
2, 10 ==> 3, 11, 15
2, 10 ==> 3, 11, 16
2, 10 ==> 3, 11, 13
2, 10 ==> 3, 11, 14
10 ==> 3, 14
10 ==> 3, 13
2, 10 ==> 3, 11, 12
10 ==> 3, 12
10 ==> 3, 11
9, 10 ==> 3, 12, 13, 14, 16
9, 10 ==> 3, 12, 13, 14, 15
10 ==> 3, 16
2 ==> 11, 12, 16, 20, 21
10 ==> 3, 15
10 ==> 3, 11, 13, 15, 16
9 ==> 3, 14, 15, 16
9, 10 ==> 15, 20, 21
2, 9 ==> 3, 12, 13, 16
9 ==> 3, 14, 15, 20
2 ==> 11, 16
2 ==> 11, 15
10 ==> 3, 21
10 ==> 3, 20
9 ==> 3, 14, 15, 21
2 ==> 3, 14, 15, 20, 21
2 ==> 11, 14
2 ==> 11, 13
2 ==> 11, 12
2, 9 ==> 3, 12, 13, 15
2, 9 ==> 3, 12, 13, 14
10 ==> 3, 13, 15, 16
9 ==> 3, 11, 12, 14, 15, 16, 20, 21
9, 10 ==> 3, 11, 12, 13, 15, 16, 20
10 ==> 3, 11, 13, 15, 20
10 ==> 3, 11, 13, 15, 21
9 ==> 12, 14, 15, 20
9 ==> 12, 14, 15, 21
9 ==> 12, 13, 14, 15, 20, 21
2, 9, 10 ==> 11, 13, 14, 15, 16, 20
2, 9, 10 ==> 11, 13, 14, 15, 16, 21
9 ==> 13, 14, 15
9 ==> 13, 14, 16
9 ==> 3, 12, 13, 15, 21
2, 9, 10 ==> 12, 13, 14, 15, 16
2, 167, 168 ==> 12
9 ==> 13, 14, 20
9 ==> 13, 14, 21
10 ==> 12, 13, 14, 16, 20, 21
2 ==> 15, 16
2, 10 ==> 3, 11, 12, 13, 14, 16, 20, 21
9 ==> 3, 13, 20, 21
2, 10 ==> 15, 16, 20, 21
2, 9, 10 ==> 11, 12, 13, 14, 15, 20, 21
2, 167, 168 ==> 11
2 ==> 15, 20
2 ==> 15, 21
9, 10 ==> 11, 13, 15, 20, 21
10 ==> 13, 20, 21
167, 168 ==> 11, 12
2 ==> 12, 13, 20, 21
9, 10 ==> 13, 14
9, 10 ==> 13, 15
9, 10 ==> 12, 13, 20, 21
9, 10 ==> 13, 16
2 ==> 11, 14, 16, 21
2 ==> 11, 14, 16, 20
9, 10 ==> 13, 16, 21
2, 9, 10 ==> 3, 11, 12, 13, 14, 15, 20, 21
2 ==> 3, 11, 12, 15, 21
2 ==> 3, 11, 12, 15, 20
9, 10 ==> 13, 16, 20
2 ==> 14, 15, 16
2, 9, 10 ==> 3, 16, 20, 21
10 ==> 3, 13, 14, 15, 16, 20
2, 9 ==> 13, 14, 16
10 ==> 3, 13, 14, 15, 16, 21
2, 9 ==> 13, 14, 15
9, 10 ==> 13, 20
9, 10 ==> 13, 21
9 ==> 3, 11, 12, 13, 15, 16, 21
9 ==> 3, 11, 12, 13, 15, 16, 20
2, 10 ==> 3, 11, 13, 14, 15, 20, 21
2 ==> 3, 11, 12, 15, 16
2, 9, 10 ==> 12, 13, 14, 15, 20
2, 9, 10 ==> 12, 13, 14, 15, 21
2 ==> 14, 15, 20
2 ==> 14, 15, 21
2, 9 ==> 13, 14, 21
2 ==> 12, 13, 15, 16, 20
2, 9 ==> 13, 14, 20
2 ==> 12, 13, 15, 16, 21
2 ==> 3, 11, 14, 15
2, 9 ==> 14
2, 9 ==> 15
10 ==> 3, 11, 12, 13, 14, 16, 20
2 ==> 3, 11, 14, 16
9 ==> 3, 13, 20
2, 9 ==> 12
10 ==> 3, 11, 12, 13, 14, 16, 21
2, 9 ==> 13
9 ==> 3, 13, 21
10 ==> 3, 13, 14, 15, 20
2, 9 ==> 16
2, 10 ==> 3, 12, 13, 15, 20, 21
2, 9 ==> 3, 15, 16, 20
2, 9 ==> 3, 16, 20, 21
2, 9 ==> 3, 15, 16, 21
10 ==> 3, 13, 14, 15, 21
2, 9, 10 ==> 3, 11, 13, 15, 16, 20, 21
2, 10 ==> 3, 11, 12, 16, 21
2, 10 ==> 3, 11, 12, 16, 20
2, 9 ==> 14, 20, 21
4 ==> 3
2 ==> 3, 15, 16
10 ==> 3, 13, 14
2 ==> 3, 11, 12, 14, 15, 21
10 ==> 3, 13, 15
2 ==> 3, 11, 12, 14, 15, 20
10 ==> 3, 13, 16
2, 9 ==> 11
10 ==> 3, 11, 12, 13
2, 9, 10 ==> 3, 13, 21
2 ==> 3, 11, 14, 20
2 ==> 3, 11, 14, 21
10 ==> 11, 14, 15, 16, 20, 21
10 ==> 3, 13, 14, 15, 16
9, 10 ==> 11, 12, 13, 15, 16, 21
2, 107 ==> 11, 12
9, 10 ==> 11, 12, 13, 15, 16, 20
10 ==> 11, 12, 13, 14, 15, 20, 21
9 ==> 3, 11, 12, 16, 20, 21
9, 10 ==> 3, 12, 13, 14, 15, 20, 21
10 ==> 3, 13, 20
2, 9 ==> 21
10 ==> 3, 13, 21
10 ==> 3, 11, 12, 16
10 ==> 3, 11, 12, 15
2, 9 ==> 20
10 ==> 3, 11, 12, 14
2, 9, 10 ==> 3, 13, 16
2, 9, 10 ==> 3, 13, 14
2, 9, 10 ==> 3, 13, 15
10 ==> 3, 11, 12, 21
10 ==> 3, 11, 12, 20
9, 10 ==> 3, 13, 14, 15, 20, 21
9 ==> 11, 13, 16, 20, 21
2, 10 ==> 11, 14, 15, 16
2, 9 ==> 11, 13, 14, 20
2, 9 ==> 11, 13, 14, 21
2, 10 ==> 11, 14, 15, 20
168 ==> 14, 119
2, 10 ==> 11, 14, 15, 21
2, 10 ==> 11, 13, 20
2, 9, 10 ==> 3, 13, 20
2, 10 ==> 11, 13, 21
2, 10 ==> 3, 20, 21
2 ==> 3, 11, 12, 14, 15, 16
2, 10 ==> 3, 11, 13, 20, 21
2, 10 ==> 3, 11, 16, 21
2, 10 ==> 3, 11, 16, 20
9 ==> 3, 13, 14
9 ==> 3, 13, 15
9 ==> 3, 13, 16
2, 9 ==> 11, 13, 14, 15
9 ==> 3, 12, 13, 15, 16
2, 9 ==> 11, 13, 14, 16
2, 9, 10 ==> 3, 12, 13, 15, 16, 20, 21
10 ==> 12, 13, 14, 15, 16, 21
2, 10 ==> 11, 13, 16
10 ==> 12, 13, 14, 15, 16, 20
9 ==> 3, 12, 13, 15, 20
2, 10 ==> 11, 13, 14
2, 10 ==> 11, 13, 15
9 ==> 12, 14, 15, 16
10 ==> 11, 12, 20, 21
9, 10 ==> 11, 12, 16, 20, 21
2, 9, 10 ==> 11, 15
2, 9, 10 ==> 11, 16
2, 9, 10 ==> 11, 12
2, 9, 10 ==> 11, 13
2, 9, 10 ==> 3, 11, 14, 15, 21
2, 9, 10 ==> 11, 14
2, 9, 10 ==> 3, 11, 14, 15, 20
168 ==> 11, 119
10 ==> 11, 13, 15, 16
2, 9, 10 ==> 11, 12, 14, 15, 20, 21
2, 10 ==> 3, 13, 14, 16, 20
2, 10 ==> 3, 13, 14, 16, 21
2, 9, 10 ==> 3, 11, 12, 13, 15, 16
2, 9, 10 ==> 15, 20
2, 9, 10 ==> 15, 21
9, 10 ==> 12, 14, 15, 20
9, 10 ==> 12, 14, 15, 21
2, 9, 10 ==> 3, 11, 14, 15, 16
10 ==> 14, 15, 16
9, 10 ==> 3, 11, 12, 13, 14, 15, 20, 21
10 ==> 11, 13, 15, 20
9, 10 ==> 11, 12, 13, 14, 15, 16, 20, 21
10 ==> 11, 13, 15, 21
10 ==> 12, 15, 16, 20, 21
10 ==> 12, 16, 20
10 ==> 3, 12, 13, 14, 16
9, 10 ==> 11, 15, 20
10 ==> 3, 12, 13, 14, 15
9, 10 ==> 11, 15, 21
9, 10 ==> 3, 13, 16, 21
9, 10 ==> 3, 13, 16, 20
9 ==> 3, 11, 14, 15, 21
10 ==> 14, 15, 21
10 ==> 14, 15, 20
2, 10 ==> 14, 16, 21
2, 10 ==> 3, 12, 13, 15, 21
10 ==> 12, 16, 21
2, 10 ==> 3, 12, 13, 15, 20
2, 9, 10 ==> 11, 14, 15, 20, 21
2, 10 ==> 14, 16, 20
10 ==> 3, 12, 13, 14, 21
10 ==> 3, 12, 13, 14, 20
2, 10 ==> 3, 11, 12, 13, 14, 15, 16, 20
2, 10 ==> 3, 11, 12, 13, 14, 15, 16, 21
2, 10 ==> 11, 12, 13, 16, 21
9 ==> 12, 13, 14, 15, 16, 20, 21
2, 10 ==> 11, 12, 13, 16, 20
9 ==> 3, 11, 12, 15, 16, 21
9 ==> 3, 11, 12, 15, 16, 20
2, 9, 10 ==> 12, 15, 20, 21
10 ==> 3, 11, 12, 13, 16, 21
10 ==> 3, 11, 12, 13, 16, 20
2 ==> 11, 12, 13, 14, 16, 20, 21
2, 9 ==> 12, 15, 16, 20, 21
2 ==> 11, 13, 15, 20, 21
10 ==> 3, 12, 13, 14, 15, 16, 20, 21
2 ==> 11, 12, 13, 14, 15, 16, 20
2 ==> 11, 12, 13, 14, 15, 16, 21
9, 10 ==> 12, 13, 14, 16, 20
9, 10 ==> 11, 15, 16
9 ==> 3, 11, 12, 16, 20
9 ==> 3, 11, 12, 16, 21
2, 9, 10 ==> 3, 11, 12, 13, 14, 20, 21
10 ==> 3, 13, 14, 15, 16, 20, 21
10 ==> 3, 12, 14, 15, 16, 21
2, 9, 10 ==> 12, 14, 16, 21
9, 10 ==> 12, 13, 14, 16, 21
2 ==> 3, 11, 12, 13, 14, 16, 21
2 ==> 11, 15, 20, 21
2 ==> 3, 11, 12, 13, 14, 16, 20
2, 9, 10 ==> 12, 14, 16, 20
2, 9, 10 ==> 3, 11, 12, 13, 15, 20
9, 10 ==> 3, 14, 20, 21
2, 9, 10 ==> 3, 11, 12, 13, 15, 21
9 ==> 11, 12, 14, 15, 20, 21
10 ==> 3, 12, 14, 16, 20, 21
9, 10 ==> 3, 16, 21
9, 10 ==> 3, 16, 20
2, 9 ==> 3, 11, 15, 20, 21
10 ==> 3, 11, 15, 16, 21
10 ==> 3, 11, 15, 16, 20
9, 10 ==> 12, 14, 15, 16
2, 10 ==> 11, 12, 16, 20
2, 10 ==> 3, 13, 15, 16
2, 10 ==> 11, 12, 16, 21
2, 10 ==> 11, 13, 14, 15, 16
9 ==> 3
2, 10 ==> 15, 20, 21
2, 9, 10 ==> 3, 15, 16, 20, 21
2, 10 ==> 3, 11, 12, 13, 16, 20, 21
9, 10 ==> 3, 11, 12, 14, 15, 20, 21
2 ==> 3, 12, 20, 21
2, 10 ==> 3, 13, 15, 21
2, 10 ==> 3, 13, 15, 20
9, 10 ==> 12, 13, 15, 20, 21
2, 9, 10 ==> 3, 12, 13, 14, 15, 16, 20, 21
2 ==> 11, 12, 13, 14, 15, 16, 20, 21
10 ==> 3, 11, 12, 13, 14, 15, 16, 20, 21
2, 9, 10 ==> 13, 16, 21
2, 9, 10 ==> 13, 16, 20
10 ==> 3, 11, 15, 16
10 ==> 12, 13
2, 9 ==> 11, 13, 14, 15, 16
10 ==> 12, 14
10 ==> 12, 15
10 ==> 12, 16
2, 9 ==> 3, 14, 15
9, 10 ==> 11, 14, 15, 16, 21
9, 10 ==> 11, 14, 15, 16, 20
2, 9 ==> 3, 14, 16
10 ==> 3, 11, 15, 16, 20, 21
2, 9 ==> 14, 15, 20
2, 9 ==> 3, 14, 21
2, 9 ==> 14, 15, 21
2, 9 ==> 3, 14, 20
9 ==> 11, 12, 13, 14, 16
9 ==> 11, 12, 13, 14, 15
9 ==> 11, 12, 13, 14, 20
9 ==> 11, 12, 13, 14, 21
10 ==> 3, 11, 13, 14, 16, 20
10 ==> 3, 11, 13, 14, 16, 21
9 ==> 11, 13, 14, 21
9 ==> 11, 13, 14, 20
2, 9 ==> 14, 15, 16
10 ==> 12, 20
10 ==> 12, 21
2, 9, 10 ==> 11, 12, 13, 14, 15, 16, 21
2, 9 ==> 3, 12, 14, 15, 16
2, 9, 10 ==> 11, 12, 13, 14, 15, 16, 20
10 ==> 3, 12, 14, 15, 16, 20
2 ==> 3, 13, 14, 16, 20, 21
2, 9 ==> 3, 11, 13, 14, 15, 20, 21
9 ==> 3, 13, 16, 20, 21
9 ==> 3, 11, 13, 15, 16, 20, 21
10 ==> 11, 12, 13, 14, 15, 16, 20, 21
2, 9 ==> 3, 12, 14, 15, 21
2, 9 ==> 3, 12, 14, 15, 20
2, 10 ==> 3, 11, 12, 14, 15, 16
2 ==> 13, 14, 16, 20, 21
2, 10 ==> 3, 13, 15, 20, 21
2 ==> 11, 12, 13, 15, 16, 20
2 ==> 3, 11, 12, 13
2 ==> 11, 12, 13, 15, 16, 21
2 ==> 3, 11, 12, 14
2, 9 ==> 11, 15, 16
9 ==> 3, 11, 12, 14, 15, 20, 21
2 ==> 3, 11, 12, 15
2, 10 ==> 3, 11, 15, 20, 21
2 ==> 3, 11, 12, 16
2, 9 ==> 11, 15, 21
2, 9 ==> 3, 11, 14, 15, 16, 20, 21
9 ==> 3, 15, 16, 20, 21
2, 9 ==> 11, 15, 20
10 ==> 3, 11, 15, 20
2 ==> 3, 11, 12, 20
2 ==> 3, 11, 12, 21
10 ==> 3, 11, 15, 21
2, 10 ==> 12, 13, 16, 21
2 ==> 12, 16, 20
2 ==> 12, 16, 21
2, 10 ==> 3, 11, 12, 14, 15, 20
2, 10 ==> 3, 11, 12, 14, 15, 21
2, 9 ==> 11, 13, 14, 15, 20
2, 9 ==> 11, 13, 14, 15, 21
2, 9 ==> 11, 12, 14, 16, 21
2, 9 ==> 11, 12, 14, 16, 20
9, 10 ==> 11, 12, 14, 20, 21
2, 10 ==> 12, 14, 15, 16, 21
2, 10 ==> 12, 14, 15, 16, 20
10 ==> 3, 11, 12, 14, 15
10 ==> 3, 11, 12, 14, 16
2 ==> 12, 13, 16, 20
2 ==> 12, 13, 16, 21
10 ==> 3, 11, 12, 14, 20
10 ==> 3, 11, 12, 14, 21
2, 10 ==> 3, 12, 13, 15, 16
2, 9, 10 ==> 3, 12, 13, 14, 15, 20
2, 9, 10 ==> 3, 12, 13, 14, 15, 21
2, 9 ==> 3, 12, 13, 14, 15, 16, 20, 21
2 ==> 3, 13, 14, 15, 20
9, 10 ==> 13, 14, 15, 16, 20, 21
2, 167 ==> 12, 14, 15
2 ==> 3, 13, 14, 15, 21
2, 9 ==> 12, 13, 14, 16, 20, 21
2 ==> 3
10 ==> 11, 12, 13, 20, 21
9 ==> 3, 13, 14, 20
2, 9, 10 ==> 16, 20
9 ==> 3, 13, 14, 21
10 ==> 15, 20, 21
2, 9, 10 ==> 16, 21
2 ==> 3, 13, 14, 15, 16
9 ==> 3, 11, 14, 16, 21
9 ==> 11, 13, 14, 16
9 ==> 3, 11, 14, 16, 20
9 ==> 11, 13, 14, 15
9 ==> 3, 13, 14, 16
9 ==> 3, 13, 14, 15
9, 10 ==> 3, 11, 21
9, 10 ==> 3, 11, 20
2, 9, 10 ==> 11, 12, 20, 21
2 ==> 3, 12, 14, 15, 16, 20, 21
2, 9 ==> 3, 13, 16, 20, 21
9 ==> 13, 14, 15, 16, 20, 21
2, 9 ==> 3, 11, 15, 16
2, 9, 10 ==> 3, 12, 14, 15, 21
9 ==> 13, 14, 15, 16, 20
9 ==> 13, 14, 15, 16, 21
2, 9, 10 ==> 3, 12, 14, 15, 20
9 ==> 3, 12, 15, 16, 20, 21
2, 9, 10 ==> 11, 13, 14, 16, 20, 21
2, 10 ==> 11, 16, 21
2, 10 ==> 11, 16, 20
9, 10 ==> 14, 15, 20
107, 167 ==> 11, 12, 119
2 ==> 3, 12, 13, 14, 15, 20, 21
9, 10 ==> 14, 15, 21
10 ==> 14, 16, 20, 21
9, 10 ==> 11, 15, 16, 20
9, 10 ==> 11, 15, 16, 21
9, 10 ==> 3, 11, 13
2, 9 ==> 13, 14, 15, 20, 21
9, 10 ==> 3, 11, 12
2 ==> 11, 12, 13, 14, 20, 21
2, 10 ==> 12, 21
2, 10 ==> 12, 20
9 ==> 12, 16, 20, 21
2, 10 ==> 3, 11, 12, 14, 15, 20, 21
9, 10 ==> 3, 12, 14, 21
10 ==> 12, 13, 20
2, 10 ==> 3, 11, 13, 14, 15
9, 10 ==> 3, 11, 16
9, 10 ==> 3, 12, 14, 20
10 ==> 12, 13, 21
2, 10 ==> 11, 15, 16, 20, 21
9, 10 ==> 3, 11, 15
9, 10 ==> 3, 11, 14
2, 107, 168 ==> 11, 12
10 ==> 11, 12, 14, 15, 16, 20
10 ==> 11, 12, 14, 15, 16, 21
2, 9, 10 ==> 3, 12, 14, 15, 16
2, 10 ==> 3, 11, 13, 14, 16
9, 10 ==> 3, 12, 14, 16
9, 10 ==> 3, 13, 14, 16, 21
9 ==> 3, 20, 21
9, 10 ==> 3, 12, 14, 15
9, 10 ==> 3, 13, 14, 16, 20
2 ==> 3, 13, 14, 20, 21
9 ==> 11, 15, 16, 20, 21
2, 10 ==> 12, 16
2, 9, 10 ==> 3, 11, 13, 14, 15, 20, 21
2, 10 ==> 12, 15
2, 10 ==> 12, 14
2, 10 ==> 12, 13
2, 9, 10 ==> 11, 13, 15, 20, 21
2, 10 ==> 3, 13, 20
2, 10 ==> 3, 13, 21
168 ==> 15, 119
2, 167 ==> 11, 15
2, 167 ==> 11, 14
2, 167 ==> 11, 12
9, 10 ==> 3, 11, 13, 14, 15, 21
10 ==> 12, 13, 14
9, 10 ==> 3, 11, 13, 14, 15, 20
10 ==> 12, 13, 15
2, 9 ==> 11, 12, 16, 20, 21
2, 9 ==> 3, 11, 20, 21
10 ==> 12, 13, 16
2, 9, 10 ==> 3, 12, 13, 14, 15, 16
2, 10 ==> 3, 13, 14
2, 9, 10 ==> 3, 11, 14, 15, 16, 20, 21
2, 9 ==> 11, 12, 15, 16
2, 10 ==> 3, 13, 15
2, 9 ==> 14, 15, 16, 20, 21
2, 10 ==> 3, 13, 16
9, 10 ==> 3, 11, 13, 15, 16, 21
9, 10 ==> 3, 11, 13, 15, 16, 20
2, 9 ==> 11, 12, 15, 20
2, 9 ==> 11, 12, 15, 21
2, 10 ==> 3, 11, 13, 16, 20, 21
2, 10 ==> 11, 13, 14, 15, 16, 20, 21
9, 10 ==> 3, 12, 13, 14, 15, 16, 20, 21
9, 10 ==> 3, 11, 13, 14, 15, 16
2, 9, 10 ==> 3, 12, 13, 15, 16, 21
2, 9, 10 ==> 12, 20, 21
2, 9, 10 ==> 3, 12, 13, 15, 16, 20
9 ==> 12, 20, 21
2, 10 ==> 11, 12, 14, 15, 16, 20
107 ==> 11, 119
2, 10 ==> 11, 12, 14, 15, 16, 21
9, 10 ==> 3, 13, 14, 15, 16, 20, 21
2 ==> 15, 16, 21
2, 9 ==> 14, 15, 16, 20
2, 9 ==> 14, 15, 16, 21
9 ==> 12, 13, 16, 20, 21
2, 9 ==> 3, 11, 12, 15, 20, 21
2, 9 ==> 3, 11, 12, 13, 14, 15, 16, 20, 21
2 ==> 15, 16, 20
2 ==> 11, 20, 21
9 ==> 3, 15, 20, 21
9, 10 ==> 3, 15, 16, 21
9, 10 ==> 3, 15, 16, 20
10 ==> 3, 11, 14, 20, 21
9 ==> 3, 11, 12, 13, 16, 20
10 ==> 12, 13, 15, 16, 20
9 ==> 3, 11, 12, 13, 16, 21
2 ==> 11, 12, 15, 16, 21
10 ==> 12, 13, 15, 16, 21
2 ==> 11, 12, 15, 16, 20
10 ==> 11, 12, 13, 15, 20, 21
2, 9, 10 ==> 11, 12, 13, 15
2, 9, 10 ==> 11, 12, 13, 14
10 ==> 3, 13, 15, 16, 20
10 ==> 3, 13, 15, 16, 21
2, 9, 10 ==> 3, 11, 12, 16, 20, 21
2, 9 ==> 3, 11, 15, 21
2, 9 ==> 3, 11, 15, 20
2 ==> 3, 11, 12, 15, 16, 20
2, 9, 10 ==> 11, 12, 13, 16
2, 9, 10 ==> 3, 13, 16, 20, 21
9 ==> 11, 14, 15, 16
9, 10 ==> 14, 15, 16
2, 10 ==> 14, 15, 20, 21
2 ==> 3, 11, 12, 15, 16, 21
2, 10 ==> 3, 11, 12, 14, 20, 21
2, 9, 10 ==> 11, 12, 13, 21
2, 9, 10 ==> 11, 12, 13, 20
2, 9 ==> 11, 12, 20, 21
2 ==> 11, 15, 20
2 ==> 11, 15, 21
2, 10 ==> 11, 16, 20, 21
2 ==> 13, 16, 20, 21
9, 10 ==> 11, 12, 14, 20
2, 9, 10 ==> 11, 12, 13, 15, 16
9, 10 ==> 11, 12, 14, 21
2 ==> 3, 12, 14, 15, 16, 21
2 ==> 3, 12, 14, 15, 16, 20
9 ==> 11, 14, 15, 20
9 ==> 11, 14, 15, 21
2, 9 ==> 12, 14, 20, 21
10 ==> 3, 12, 15, 20, 21
2, 9 ==> 15, 16, 21
2, 10 ==> 3, 11, 14, 15, 16, 21
2, 10 ==> 3, 11, 14, 15, 16, 20
2, 9 ==> 15, 16, 20
9, 10 ==> 12, 16, 20, 21
2 ==> 11, 15, 16
2 ==> 12, 13, 14, 15, 16, 20
10 ==> 3, 14, 15, 20, 21
2 ==> 12, 13, 14, 15, 16, 21
2 ==> 11, 16, 20, 21
2, 10 ==> 3, 11, 12, 13, 15, 16, 20, 21
2, 9 ==> 3, 13, 14, 15, 16, 20, 21
9 ==> 3, 11, 13, 14, 16, 20
9 ==> 3, 11, 13, 14, 16, 21
10 ==> 12, 13, 15, 16, 20, 21
9, 10 ==> 3, 11, 12, 13, 14, 16, 20
9, 10 ==> 3, 11, 12, 13, 14, 16, 21
9, 10 ==> 11, 12, 14, 15, 16
2, 9, 10 ==> 3, 11, 13, 15, 16
9 ==> 3, 11, 12, 13, 14, 15, 16, 20, 21
2, 10 ==> 13, 14, 16, 20, 21
2, 9, 10 ==> 12, 15, 16
10 ==> 3, 12, 16, 20
10 ==> 3, 12, 16, 21
2, 9, 10 ==> 11, 12, 13, 15, 20
2, 10 ==> 3, 12, 15, 16, 20
2, 9, 10 ==> 11, 12, 13, 15, 21
2, 10 ==> 3, 12, 15, 16, 21
2 ==> 3, 12, 13, 20, 21
2, 9, 10 ==> 12, 15, 20
2, 9, 10 ==> 3, 11, 13, 15, 21
2, 9, 10 ==> 3, 11, 13, 15, 20
2 ==> 11, 13, 15, 16, 20, 21
10 ==> 16, 21
9, 10 ==> 11, 12, 14, 15, 20
9, 10 ==> 11, 12, 14, 15, 21
10 ==> 16, 20
2, 9, 10 ==> 12, 15, 21
2, 10 ==> 3, 11, 12, 13, 14, 15
2, 10 ==> 3, 11, 12, 13, 14, 16
2 ==> 3, 11, 12, 13, 14, 15, 16, 20, 21
9, 10 ==> 3, 20, 21
10 ==> 3, 11, 14, 15, 16
10 ==> 11, 12, 13, 21
10 ==> 11, 12, 13, 20
2, 10 ==> 3, 11, 12, 13, 14, 20
2, 10 ==> 3, 11, 12, 13, 14, 21
9, 10 ==> 3, 11, 13, 20, 21
10 ==> 12, 13, 14, 15, 21
9, 10 ==> 3, 15, 16, 20, 21
10 ==> 12, 13, 14, 15, 20
9, 10 ==> 11, 20, 21
10 ==> 11, 12, 13, 16
10 ==> 11, 12, 13, 15
10 ==> 11, 12, 13, 14
2, 9 ==> 3, 12, 16, 21
2, 9 ==> 3, 12, 16, 20
10 ==> 3, 11, 14, 15, 20
10 ==> 3, 11, 14, 15, 21
10 ==> 12, 13, 14, 15, 16
9 ==> 12, 15, 16
10 ==> 3, 12, 13, 16, 20, 21
10 ==> 13, 14, 15, 20
10 ==> 13, 14, 15, 21
2, 9, 10 ==> 3, 12, 13, 14, 15
2 ==> 12, 14, 15, 16
2, 9, 10 ==> 3, 12, 13, 14, 16
2, 10 ==> 3, 11, 13, 14, 21
2, 9 ==> 3, 12, 14, 15, 20, 21
2, 10 ==> 3, 11, 13, 14, 20
9, 10 ==> 11, 14, 15, 16
10 ==> 11, 15, 20, 21
2, 9 ==> 15, 16
168 ==> 11, 12, 119
10 ==> 11, 14, 15, 16
10 ==> 11, 13, 14, 16, 20, 21
9, 10 ==> 11, 12, 14, 15
9, 10 ==> 11, 12, 14, 16
9 ==> 12, 15, 21
2, 9 ==> 11, 20, 21
9 ==> 12, 15, 20
2 ==> 12, 14, 15, 20
2 ==> 12, 14, 15, 21
10 ==> 13, 14, 15, 16
10 ==> 11, 14, 15, 20
2, 9, 10 ==> 3, 12, 13, 14, 21
10 ==> 11, 14, 15, 21
2, 9, 10 ==> 3, 12, 13, 14, 20
9 ==> 3, 12, 13, 16, 20, 21
2, 9 ==> 3, 11, 16, 20, 21
2, 10 ==> 12, 13, 14, 15, 20, 21
2, 10 ==> 13, 15, 16, 21
2, 10 ==> 13, 15, 16, 20
9, 10 ==> 11, 13, 16, 20, 21
10 ==> 13, 14, 15
10 ==> 13, 14, 16
9, 10 ==> 3, 13, 20, 21
167 ==> 11, 119
2, 10 ==> 11, 12, 13, 14, 16, 20, 21
10 ==> 12, 16, 20, 21
2, 10 ==> 3, 12, 15, 16
9 ==> 3, 12, 15, 20, 21
2, 10 ==> 16, 20, 21
2, 9 ==> 12, 14, 16
9, 10 ==> 11, 14, 15, 20
9, 10 ==> 3, 11, 13, 14, 20, 21
2, 9, 10 ==> 3, 11, 12, 13, 20, 21
9, 10 ==> 11, 14, 15, 21
2, 9 ==> 12, 14, 20
2, 9 ==> 12, 14, 21
2, 9 ==> 15, 20
2, 10 ==> 3, 12, 15, 20
2, 9, 10 ==> 3, 12, 13, 14, 20, 21
2, 10 ==> 11, 13, 14, 16, 20, 21
2 ==> 3, 11, 20
2 ==> 3, 11, 21
2, 10 ==> 3, 12, 15, 21
2, 9 ==> 15, 21
9, 10 ==> 11, 12, 15, 16, 20, 21
2, 9, 10 ==> 11, 15, 20, 21
10 ==> 12, 14, 16, 20, 21
2 ==> 3, 12, 15, 16
2, 9 ==> 11, 14, 16, 20, 21
9 ==> 3, 12, 14, 15, 20
9 ==> 3, 12, 14, 15, 21
2, 9 ==> 3, 13, 14, 15, 16, 20
2, 9 ==> 3, 13, 14, 15, 16, 21
2, 9 ==> 3, 11, 15, 16, 20, 21
10 ==> 11, 13, 15, 20, 21
9 ==> 11, 12, 15, 21
9 ==> 11, 12, 15, 20
2 ==> 3, 12, 15, 21
2 ==> 3, 12, 15, 20
10 ==> 13, 14, 20
10 ==> 13, 14, 21
2, 9 ==> 12, 16, 20, 21
10 ==> 3, 15, 16, 20
9 ==> 14, 21
10 ==> 3, 15, 16, 21
2, 10 ==> 11, 14, 20, 21
9 ==> 14, 20
9 ==> 14, 16
10 ==> 11, 12, 13, 15, 20
9 ==> 14, 15
10 ==> 11, 12, 13, 15, 21
2 ==> 3, 11, 12, 13, 15, 16
2 ==> 13, 15, 16
167 ==> 14, 15
9 ==> 11, 13, 14, 16, 20
9 ==> 11, 13, 14, 16, 21
10 ==> 11, 12, 13, 15, 16
2, 9 ==> 11, 12, 13, 14, 15, 16, 21
2, 9 ==> 11, 12, 13, 14, 15, 16, 20
9 ==> 3, 12, 14, 15, 16
107 ==> 11, 12, 119
2 ==> 13, 15, 21
2 ==> 13, 15, 20
2 ==> 3, 12, 14, 16, 21
2 ==> 3, 12, 14, 16, 20
10 ==> 3, 11, 20, 21
2, 9, 10 ==> 14, 15, 16
9 ==> 12, 13, 14, 16, 20, 21
2, 10 ==> 12, 13, 15, 16, 20, 21
2, 9 ==> 12, 14, 15
2 ==> 3, 11, 12, 13, 15, 20
2 ==> 3, 11, 12, 13, 15, 21
2, 9, 10 ==> 3, 12, 13, 14, 16, 20, 21
2 ==> 3, 11, 13, 15, 20, 21
10 ==> 12, 13, 14, 15, 20, 21
9 ==> 14, 15, 16, 20
9, 10 ==> 3, 11, 15, 20, 21
9 ==> 3, 11, 13, 15, 16
9 ==> 14, 15, 16, 21
9, 10 ==> 3, 12, 13, 14, 16, 20, 21
2, 9, 10 ==> 14, 15, 20
9 ==> 3, 11, 13, 15, 20
2, 9, 10 ==> 3, 14, 16, 20
9 ==> 3, 11, 13, 15, 21
2, 9, 10 ==> 3, 14, 16, 21
2, 9, 10 ==> 14, 15, 21
2, 10 ==> 16, 21
2, 10 ==> 16, 20
10 ==> 3, 11, 12, 15, 20, 21
2 ==> 3, 11, 13, 16, 21
2 ==> 3, 11, 13, 16, 20
9, 10 ==> 3, 14, 15, 16
167 ==> 12, 119
9, 10 ==> 3, 14, 15, 21
2 ==> 20, 21
9, 10 ==> 3, 14, 15, 20
9, 10 ==> 11, 13, 15, 16
9 ==> 13, 15, 16, 20, 21
9, 10 ==> 12, 14, 15
9, 10 ==> 12, 14, 16
10 ==> 13, 15, 16, 21
10 ==> 13, 15, 16, 20
2 ==> 3, 11, 12, 13, 14, 15, 16, 20
2 ==> 3, 11, 12, 13, 14, 15, 16, 21
9 ==> 3, 12, 13, 14, 15, 16, 20
2, 9 ==> 11, 13, 14, 15, 20, 21
167, 168 ==> 14, 15
2, 9 ==> 12, 20, 21
10 ==> 11, 13, 14
10 ==> 11, 13, 15
10 ==> 11, 13, 16
9 ==> 3, 12, 13, 14, 15, 16, 21
2, 9, 10 ==> 3, 11, 12, 13, 16, 20, 21
2, 9, 10 ==> 13, 14, 16, 20
2, 10 ==> 3, 12, 14, 16, 20, 21
2, 9, 10 ==> 13, 14, 16, 21
2, 9, 10 ==> 11, 12, 14, 16, 20
10 ==> 11, 13, 21
9 ==> 14, 15, 20
9 ==> 14, 15, 21
2, 9, 10 ==> 11, 12, 14, 16, 21
10 ==> 11, 13, 20
9 ==> 3, 11, 12, 13, 14, 15, 21
9 ==> 3, 11, 12, 13, 14, 15, 20
9 ==> 12, 13, 15, 20, 21
9 ==> 3, 11, 12, 13, 14, 15, 16
10 ==> 11, 12, 13, 16, 20, 21
9, 10 ==> 3, 12, 15, 16, 20, 21
2, 9, 10 ==> 3, 11, 12, 14, 20, 21
107, 167 ==> 11
107, 167 ==> 12
107, 167 ==> 14
107, 167 ==> 14, 15, 119
2, 9, 10 ==> 3, 13, 15, 16, 20, 21
10 ==> 3, 11, 13, 20, 21
2, 9, 10 ==> 12, 13, 14, 15, 16, 20, 21
9 ==> 14, 15, 16
2 ==> 13, 14, 20, 21
2, 9 ==> 15, 16, 20, 21
2, 9, 10 ==> 11, 14, 15
2 ==> 3, 12, 13, 15, 20
2 ==> 3, 12, 13, 15, 21
2, 9, 10 ==> 11, 14, 16
107, 167 ==> 15
2, 9 ==> 11, 14, 15, 20, 21
9, 10 ==> 12, 13, 14, 16
9, 10 ==> 12, 13, 14, 15
2, 9, 10 ==> 11, 14, 21
2, 9, 10 ==> 11, 14, 20
2 ==> 3, 12, 13, 15, 16
2, 9, 10 ==> 11, 14, 15, 16, 20, 21
2, 10 ==> 12, 16, 21
2, 9, 10 ==> 11, 13, 20, 21
10 ==> 11, 12, 14, 15
2, 10 ==> 12, 16, 20
9 ==> 3, 11, 13, 21
9 ==> 3, 11, 13, 20
10 ==> 11, 12, 14, 16
9 ==> 11, 15, 16, 21
9 ==> 11, 15, 16, 20
107 ==> 11, 12
2, 10 ==> 3, 11, 12, 13, 14, 15, 16
167 ==> 11, 14, 15
9, 10 ==> 15, 16, 20
9, 10 ==> 15, 16, 21
2, 9 ==> 11, 13
10 ==> 11, 12, 14, 20
2, 9 ==> 11, 12
2, 9 ==> 11, 15
2, 9 ==> 11, 14
10 ==> 11, 12, 14, 21
2, 9 ==> 3, 12, 13, 14, 16, 20, 21
2, 9 ==> 11, 16
9 ==> 3, 11, 13, 14
2, 10 ==> 3, 11, 12, 14, 16, 20, 21
9 ==> 3, 11, 13, 16
9 ==> 3, 11, 13, 15
10 ==> 3, 11, 12, 13, 14, 15, 16, 20
10 ==> 3, 11, 12, 13, 14, 15, 16, 21
2 ==> 11, 12, 16, 20
2 ==> 11, 12, 16, 21
2, 10 ==> 3, 11, 12, 13, 14, 15, 21
167 ==> 11, 15
2, 10 ==> 3, 11, 12, 13, 14, 15, 20
9 ==> 3, 11, 12, 13, 14, 15, 20, 21
9, 10 ==> 3, 14, 15, 20, 21
2 ==> 3, 13, 15, 20, 21
167 ==> 11, 14
167 ==> 11, 12
2, 9 ==> 11, 20
10 ==> 3, 13, 16, 20
10 ==> 3, 13, 16, 21
2, 9 ==> 11, 21
2, 9, 10 ==> 3, 11, 15, 20
2, 167 ==> 11, 14, 15
2, 9, 10 ==> 3, 11, 15, 21
2, 10 ==> 3, 12, 13, 14, 15, 16
10 ==> 3, 14, 15
2 ==> 3, 13, 16, 21
2 ==> 3, 13, 16, 20
2, 9 ==> 12, 13, 14, 15, 20, 21
10 ==> 3, 13, 14, 16, 21
10 ==> 3, 13, 14, 16, 20
9 ==> 3, 11, 15, 16, 20
10 ==> 13, 14, 15, 16, 20
9 ==> 3, 11, 15, 16, 21
2, 10 ==> 3, 12, 13, 14, 15, 21
2, 10 ==> 3, 12, 13, 14, 15, 20
10 ==> 3, 14, 21
9, 10 ==> 11, 12, 20, 21
2, 10 ==> 3, 12, 14, 16, 21
2, 10 ==> 3, 12, 14, 16, 20
10 ==> 3, 14, 20
2 ==> 3, 14, 15
2 ==> 3, 14, 16
10 ==> 3, 12, 15, 21
2, 10 ==> 13, 14, 15, 20
9 ==> 3, 14, 15, 16, 20
2, 10 ==> 13, 14, 15, 21
9 ==> 3, 14, 15, 16, 21
10 ==> 3, 12, 15, 20
10 ==> 3, 14, 16
9, 10 ==> 11, 12, 13, 20, 21
2, 9, 10 ==> 11, 20, 21
10 ==> 3, 11, 13, 14, 16
2 ==> 3, 12, 13, 14, 16, 20
2 ==> 3, 12, 13, 14, 16, 21
10 ==> 3, 11, 13, 14, 15
10 ==> 3, 12, 15, 16
2, 9, 10 ==> 3, 14, 15, 16, 21
2, 9, 10 ==> 3, 14, 15, 16, 20
10 ==> 3, 12, 16, 20, 21
2, 167 ==> 14
2, 167 ==> 15
2, 167 ==> 11
2, 167 ==> 12
2, 9, 10 ==> 3, 12, 14, 20, 21
9 ==> 11, 12, 13, 14, 16, 21
9 ==> 11, 12, 13, 14, 16, 20
2, 10 ==> 3, 12, 13, 14, 15, 16, 21
2, 10 ==> 3, 12, 13, 14, 15, 16, 20
10 ==> 3, 11, 13, 14, 20
2, 9, 10 ==> 3, 11, 15, 16
10 ==> 3, 11, 13, 14, 21
9 ==> 3, 11, 13, 15, 16, 20
9, 10 ==> 12, 13, 14, 21
2, 9 ==> 3, 12, 13, 14, 20, 21
2, 9, 10 ==> 3, 12, 16, 20
9, 10 ==> 12, 13, 14, 20
2, 9 ==> 11, 12, 13, 15, 16, 20, 21
9 ==> 11, 14, 15, 16, 20, 21
2, 9, 10 ==> 3, 12, 16, 21
9 ==> 3, 11, 13, 15, 16, 21
9, 10 ==> 3, 11, 12, 14, 16
9, 10 ==> 3, 11, 12, 14, 15
2, 9, 10 ==> 3, 11, 12, 15, 16
10 ==> 16, 20, 21
9, 10 ==> 11, 12, 13, 14, 15
9, 10 ==> 11, 12, 13, 14, 16
10 ==> 3, 11, 12, 14, 15, 20, 21
9, 10 ==> 3, 11, 20, 21
9, 10 ==> 3, 11, 14, 15, 16, 20, 21
9 ==> 11, 14, 16
9 ==> 11, 14, 15
2 ==> 11, 12, 14, 16, 20, 21
2 ==> 11, 12, 13, 14, 15, 16
9, 10 ==> 11, 12, 13, 14, 20
9, 10 ==> 11, 12, 13, 14, 21
10 ==> 11, 12, 14, 15, 16, 20, 21
2, 9, 10 ==> 3, 11, 12, 15, 20
2, 9, 10 ==> 3, 11, 12, 15, 21
9 ==> 11, 14, 21
9 ==> 11, 14, 20
2 ==> 11, 12, 13, 14, 15, 20
2, 9 ==> 12, 13, 16, 20, 21
2 ==> 11, 12, 13, 14, 15, 21
2 ==> 11, 13, 14, 15, 16, 20, 21
2, 10 ==> 11, 12, 13, 15, 20, 21
2, 9 ==> 3, 13, 15, 20, 21
2 ==> 3, 14, 20
2 ==> 3, 14, 21
10 ==> 13, 14, 15, 16, 21
2, 9 ==> 3, 12, 13, 15, 21
2, 9 ==> 3, 12, 13, 15, 20
9, 10 ==> 3, 11, 12, 14, 21
9, 10 ==> 3, 11, 12, 13, 16, 20
9, 10 ==> 3, 11, 14, 20
9, 10 ==> 3, 11, 12, 13, 16, 21
9, 10 ==> 3, 11, 14, 21
2 ==> 3, 20, 21
9, 10 ==> 3, 11, 14, 15
2, 10 ==> 12, 13, 16, 20, 21
9, 10 ==> 3, 11, 14, 16
9, 10 ==> 3, 11, 12, 14, 20
2, 9 ==> 3, 12, 13, 15, 16
9 ==> 3, 12, 14, 15, 16, 20
9 ==> 3, 14, 21
9 ==> 3, 16, 20, 21
2, 9 ==> 3, 12, 15, 16, 20
10 ==> 12, 14, 15, 20, 21
9 ==> 3, 12, 14, 15, 16, 21
2, 9 ==> 3, 12, 15, 16, 21
9 ==> 3, 14, 20
9, 10 ==> 11, 14, 15, 16, 20, 21
10 ==> 3, 11, 12, 13, 14, 15, 20
9 ==> 12, 14, 15, 16, 20, 21
10 ==> 3, 11, 12, 13, 14, 15, 21
2, 9 ==> 12, 13, 14, 15
2 ==> 11, 13, 14, 15, 16
2, 9 ==> 12, 13, 14, 16
2, 9, 10 ==> 11, 12, 13, 14, 16, 21
2, 9, 10 ==> 11, 12, 13, 14, 16, 20
2 ==> 3, 11, 15, 16
9, 10 ==> 13, 15, 16
2, 9 ==> 3, 13, 15, 16, 20, 21
2 ==> 3, 11, 12, 14, 16, 21
2 ==> 3, 11, 12, 14, 16, 20
2, 9 ==> 12, 13, 14, 20
2, 9 ==> 12, 13, 14, 21
9, 10 ==> 3, 11, 12, 15, 16, 20, 21
2, 9, 10 ==> 3, 14, 20
2, 9, 10 ==> 3, 14, 21
2 ==> 3, 11, 15, 20
2, 10 ==> 14, 16, 20, 21
2 ==> 3, 11, 15, 21
2, 9, 10 ==> 3, 11, 12, 13, 14, 15, 16, 20, 21
2, 9 ==> 3, 11, 12, 13, 14, 15
2, 9 ==> 3, 11, 12, 13, 14, 16
2, 9 ==> 11, 13, 15, 16, 20
2, 9 ==> 11, 13, 15, 16, 21
2, 10 ==> 12, 13, 15, 20, 21
9 ==> 11, 20, 21
2, 9, 10 ==> 3, 14, 15
2, 9, 10 ==> 3, 14, 16
2 ==> 3, 14, 16, 20
2 ==> 3, 14, 16, 21
2 ==> 3, 12, 13, 14, 16, 20, 21
2, 10 ==> 11, 12, 13, 14
2, 9 ==> 3, 11, 12, 16, 21
2, 9 ==> 3, 11, 12, 16, 20
2, 10 ==> 3, 11, 15, 16
2 ==> 11, 12, 14, 15, 20, 21
2, 10 ==> 3, 11, 12, 13, 14, 20, 21
2, 10 ==> 11, 12, 13, 16
9, 10 ==> 3, 11, 12, 13, 15, 16, 20, 21
2, 10 ==> 11, 12, 13, 15
9 ==> 3, 14, 16
2, 9, 10 ==> 11, 12, 15, 16, 20, 21
9 ==> 3, 14, 15
2, 10 ==> 3, 11, 15, 20
2, 10 ==> 3, 11, 15, 21
2, 10 ==> 11, 12, 13, 21
2, 9, 10 ==> 12, 13
2, 10 ==> 11, 12, 13, 20
2 ==> 12, 14, 15, 16, 21
2, 9, 10 ==> 12, 16
2 ==> 12, 14, 15, 16, 20
2, 9, 10 ==> 12, 14
2, 9 ==> 3, 11, 12, 13, 14, 20
2, 9 ==> 3, 11, 12, 13, 14, 21
2, 9, 10 ==> 12, 15
9 ==> 3, 12, 13, 14, 21
9 ==> 3, 12, 13, 14, 20
2, 9 ==> 3, 13, 14, 20, 21
2, 9, 10 ==> 12, 20
2, 9, 10 ==> 11, 13, 14, 20, 21
9 ==> 11, 12, 15, 20, 21
2, 9 ==> 11, 12, 13, 16, 20, 21
2, 10 ==> 11, 12, 13, 16, 20, 21
2, 9, 10 ==> 3, 12, 14, 16, 20, 21
2, 9 ==> 11, 15, 16, 21
2, 9 ==> 11, 15, 16, 20
2, 9, 10 ==> 12, 21
9 ==> 3, 12, 13, 14, 16
2, 9 ==> 11, 13, 15, 16
9 ==> 12, 15, 20, 21
9 ==> 3, 12, 13, 14, 15
2, 9, 10 ==> 15, 16, 20
2, 9, 10 ==> 15, 16, 21
2, 9, 10 ==> 11, 13, 14, 20
2, 9 ==> 11, 13, 15, 20
2, 10 ==> 3, 11, 16, 20, 21
2, 9, 10 ==> 11, 13, 14, 21
9 ==> 3, 11, 12, 13, 14, 20, 21
2, 9 ==> 3, 11, 12, 13, 15, 16, 20, 21
9, 10 ==> 3, 11, 13, 14, 21
9, 10 ==> 3, 11, 13, 14, 20
9, 10 ==> 3, 11, 12, 14, 16, 20
9, 10 ==> 3, 11, 12, 14, 16, 21
9, 10 ==> 13, 14, 15, 16, 20
9, 10 ==> 13, 14, 15, 16, 21
9, 10 ==> 3, 11, 14, 16, 20, 21
9, 10 ==> 11, 14, 21
2, 10 ==> 3, 11, 12, 13, 20, 21
2, 9, 10 ==> 11, 13, 14, 16
2, 9, 10 ==> 11, 13, 14, 15
2, 9 ==> 11, 13, 15, 21
9, 10 ==> 12, 13, 14, 16, 20, 21
2, 9, 10 ==> 12, 14, 15, 16, 20, 21
2, 10 ==> 13, 14, 15, 16
9, 10 ==> 3, 11, 13, 14, 16
9, 10 ==> 13, 15, 20
9, 10 ==> 3, 11, 13, 14, 15
9, 10 ==> 13, 15, 21
2, 9 ==> 3, 11, 14, 15, 16, 21
2, 9 ==> 3, 11, 14, 15, 16, 20
10 ==> 3, 11, 12, 14, 16, 20, 21
2 ==> 14, 15, 16, 20, 21
2, 9 ==> 3, 11, 12, 14, 20, 21
9 ==> 3, 12, 14, 20, 21
2, 9, 10 ==> 13, 14, 15, 16, 20, 21
2, 9, 10 ==> 12, 13, 14, 16, 20
2, 9, 10 ==> 12, 13, 14, 16, 21
2, 9 ==> 13, 15, 21
2 ==> 14, 16, 21
2 ==> 14, 16, 20
2, 9 ==> 13, 15, 20
9, 10 ==> 3, 13, 15, 16, 20
9, 10 ==> 3, 13, 15, 16, 21
2 ==> 3, 12, 15, 16, 20
2 ==> 3, 12, 15, 16, 21
10 ==> 3, 11, 12, 13, 14, 15, 16
2, 9 ==> 13, 15, 16
2 ==> 11, 13, 14, 15, 16, 21
2 ==> 11, 13, 14, 15, 16, 20
2, 9, 10 ==> 13, 15, 16, 20
2, 9, 10 ==> 13, 15, 16, 21
9, 10 ==> 12, 13, 14, 15, 16
2, 9, 10 ==> 3, 11, 12, 13, 15, 16, 20, 21
2 ==> 12, 15, 16, 21
2 ==> 12, 15, 16, 20
2, 9, 10 ==> 11, 12, 15, 16, 20
2, 10 ==> 3, 11, 12, 13, 15
2, 10 ==> 3, 11, 12, 13, 14
2, 9, 10 ==> 11, 12, 15, 16, 21
2, 10 ==> 3, 11, 12, 13, 16
9 ==> 3, 11, 12, 15, 16
9 ==> 12, 13, 14, 20, 21
9, 10 ==> 12, 13, 14, 15, 21
9, 10 ==> 12, 13, 14, 15, 20
2 ==> 14, 21
2 ==> 14, 20
9 ==> 3, 11, 12, 15, 21
2 ==> 11, 12, 13, 16, 20
2 ==> 11, 12, 13, 16, 21
2, 10 ==> 3, 11, 13, 15, 16, 20, 21
9 ==> 3, 11, 12, 15, 20
2 ==> 3, 11, 13, 14, 16, 20, 21
10 ==> 11, 13, 14, 15, 16, 20, 21
9, 10 ==> 11, 14, 20
2, 10 ==> 11, 12, 20
2, 10 ==> 11, 12, 21
9, 10 ==> 3, 11, 14, 20, 21
9, 10 ==> 11, 14, 16
9, 10 ==> 3, 15, 16
9, 10 ==> 11, 14, 15
2, 10 ==> 3, 12, 13, 14, 15, 16, 20, 21
2 ==> 14, 16
2 ==> 14, 15
2, 10 ==> 3, 13, 16, 21
2, 10 ==> 11, 12, 15
2, 10 ==> 11, 12, 16
2, 10 ==> 11, 12, 13
2, 10 ==> 11, 12, 14
2, 10 ==> 3, 13, 14, 15, 16
2, 10 ==> 3, 13, 16, 20
10 ==> 11, 14, 20, 21
9 ==> 3, 11, 14, 15, 20, 21
2, 9, 10 ==> 11, 12, 13, 15, 16, 20, 21
9, 10 ==> 3, 15, 21
9, 10 ==> 3, 15, 20
10 ==> 11, 13, 14, 15
9 ==> 3, 12, 13, 20
9 ==> 13, 15, 16
2, 9, 10 ==> 11, 14, 20, 21
9, 10 ==> 3, 12, 14, 15, 16, 20, 21
10 ==> 11, 13, 14, 16
2, 9 ==> 20, 21
2 ==> 3, 11, 12, 14, 15, 16, 21
2, 10 ==> 12, 13, 16, 20
2 ==> 3, 11, 12, 14, 15, 16, 20
9 ==> 11, 12, 15, 16, 20, 21
9 ==> 3, 12, 13, 21
10 ==> 3, 12, 13, 15, 20, 21
2, 10 ==> 3, 13, 14, 15, 20
2, 10 ==> 11, 12, 13, 14, 15, 16, 20, 21
2, 10 ==> 3, 13, 14, 15, 21
10 ==> 3, 11, 13, 14, 15, 16, 21
10 ==> 3, 11, 13, 14, 15, 16, 20
2, 9, 10 ==> 3, 11, 14, 16, 20
2, 9, 10 ==> 3, 11, 14, 16, 21
2, 10 ==> 3, 13, 14, 15, 16, 21
2, 10 ==> 3, 13, 14, 15, 16, 20
9 ==> 13, 15, 21
9 ==> 3, 12, 13, 15
10 ==> 11, 13, 14, 20
9 ==> 3, 12, 13, 14
10 ==> 11, 13, 14, 21
9 ==> 3, 12, 13, 16
9 ==> 13, 15, 20
2, 107, 167 ==> 14, 15
9 ==> 11, 12, 13, 14, 15, 16, 20
9 ==> 11, 12, 13, 14, 15, 16, 21
9, 10 ==> 12, 14, 16, 20, 21
2, 10 ==> 11, 13, 14, 16, 21
2, 10 ==> 11, 13, 14, 16, 20
10 ==> 11, 13, 16, 20, 21
2, 10 ==> 3, 14, 16, 20, 21
2, 107, 167, 168 ==> 119
9, 10 ==> 3, 14, 15, 16, 20, 21
9, 10 ==> 16, 20
2 ==> 3, 11, 12, 16, 21
9, 10 ==> 16, 21
2, 9, 10 ==> 3, 11, 12, 13, 14, 20
9, 10 ==> 3, 13, 15, 16
2 ==> 3, 11, 12, 16, 20
9 ==> 11, 12, 20, 21
2, 9, 10 ==> 3, 11, 12, 13, 14, 15
2, 9, 10 ==> 3, 11, 12, 13, 14, 16
9, 10 ==> 3, 13, 15, 20
9, 10 ==> 3, 13, 15, 21
2 ==> 11, 14, 16, 20, 21
2, 9, 10 ==> 3, 11, 14, 15, 16, 21
2, 9, 10 ==> 3, 11, 14, 15, 16, 20
9, 10 ==> 12, 15, 20, 21
9, 10 ==> 12, 20, 21
9 ==> 3, 13, 14, 16, 20, 21
2 ==> 3, 12, 15, 16, 20, 21
2 ==> 11, 13, 14, 15, 21
2, 10 ==> 3, 11, 12, 13, 20
9, 10 ==> 11, 13, 15, 20
2, 10 ==> 3, 11, 12, 13, 21
9, 10 ==> 11, 13, 15, 21
2, 9 ==> 3, 13, 16, 20
2, 9 ==> 3, 13, 16, 21
2 ==> 11, 13, 14, 15, 20
9, 10 ==> 11, 13, 15, 16, 20
2, 9 ==> 11, 12, 14, 15, 16
9, 10 ==> 11, 13, 15, 16, 21
9, 10 ==> 13, 20, 21
2, 9 ==> 11, 14, 16
2, 9 ==> 11, 14, 15
9, 10 ==> 3, 11, 13, 14, 15, 16, 20, 21
10 ==> 3, 14, 15, 16, 20, 21
2, 9, 10 ==> 12, 13, 14, 16, 20, 21
9 ==> 11, 13, 14, 16, 20, 21
10 ==> 3, 11, 14, 16, 20, 21
9 ==> 3, 12, 13, 14, 15, 21
9 ==> 3, 12, 13, 14, 15, 20
2, 9, 10 ==> 3, 11, 12, 13, 14, 21
9 ==> 12, 13, 14, 21
10 ==> 11, 12, 13, 14, 15, 16, 21
10 ==> 11, 12, 13, 14, 15, 16, 20
9 ==> 12, 13, 14, 20
2, 9 ==> 3, 13, 14, 15, 16
10 ==> 3, 12, 13, 14, 20, 21
9, 10 ==> 3, 12, 20, 21
2, 9, 10 ==> 3, 12, 14, 15, 16, 20, 21
10 ==> 11, 12, 14, 15, 20
10 ==> 11, 12, 14, 15, 21
10 ==> 3, 11, 13, 14, 15, 20, 21
10 ==> 11, 12, 14, 15, 16
9 ==> 3, 11, 13, 14, 16, 20, 21
2, 10 ==> 3, 11, 13, 14, 15, 16
9 ==> 3, 12, 16, 20, 21
2, 10 ==> 11, 12, 13, 14, 15, 20, 21
9 ==> 3, 11, 12, 13, 15, 20
2, 9 ==> 3, 13, 14, 15, 21
10 ==> 3, 11, 12, 13, 14, 20, 21
2, 9 ==> 3, 13, 14, 15, 20
9 ==> 3, 11, 12, 13, 15, 21
10 ==> 3, 13, 14, 15, 20, 21
10 ==> 3, 11, 14, 15, 16, 20, 21
2, 10 ==> 3, 12, 15, 20, 21
2, 10 ==> 11, 14, 15, 16, 20, 21
9 ==> 3, 11, 12, 13, 15, 20, 21
2 ==> 3, 14, 20, 21
10 ==> 3, 11, 12, 13, 20, 21
2, 10 ==> 11, 13, 14, 15, 20, 21
2, 10 ==> 3, 11, 13, 14, 15, 21
2, 10 ==> 3, 11, 13, 14, 15, 20
2, 10 ==> 11, 12, 13, 14, 20, 21
2, 9 ==> 11, 12, 14, 15, 20
2, 9 ==> 11, 12, 14, 15, 21
10 ==> 13, 14
10 ==> 13, 15
10 ==> 13, 16
9 ==> 12, 13, 14, 15, 20
9 ==> 12, 13, 14, 15, 21
2 ==> 11, 12, 16
2 ==> 11, 13, 14, 16
2 ==> 11, 12, 14
2 ==> 11, 13, 14, 15
2 ==> 11, 12, 15
2 ==> 11, 12, 13
2, 9, 10 ==> 13, 15, 16
2, 9, 10 ==> 3, 12, 14, 16, 20
2, 9, 10 ==> 3, 12, 14, 16, 21
2, 10 ==> 13, 14, 16
2, 10 ==> 13, 14, 15
2, 168 ==> 119
10 ==> 13, 21
2, 10 ==> 11, 12, 14, 15, 16, 20, 21
9 ==> 12, 13, 14, 15, 16
9, 10 ==> 11, 13, 14, 16, 20, 21
2 ==> 11, 13, 14, 20
10 ==> 13, 20
2, 9, 10 ==> 13, 15, 21
2, 9, 10 ==> 13, 15, 20
2 ==> 11, 13, 14, 21
2, 10 ==> 13, 14, 21
2, 9, 10 ==> 3, 12, 13, 14, 15, 20, 21
2, 10 ==> 13, 14, 20
9 ==> 3, 13, 14, 15, 16
2 ==> 11, 13, 15, 16, 21
2 ==> 12, 15, 21
2, 9 ==> 14, 15, 20, 21
2 ==> 11, 13, 15, 16, 20
2 ==> 3, 12, 16, 21
2 ==> 3, 12, 16, 20
2, 9 ==> 11, 14, 21
2, 10 ==> 3, 11, 12, 14, 16, 21
2, 9 ==> 11, 14, 20
10 ==> 3, 14, 16, 21
9 ==> 3, 12, 13, 14, 15, 16
2 ==> 12, 15, 20
10 ==> 3, 14, 16, 20
2, 10 ==> 3, 11, 12, 14, 16, 20
9 ==> 11, 13, 15, 21
2, 9 ==> 3, 11, 12, 20
2, 9 ==> 3, 12, 14, 16, 20
9 ==> 11, 13, 15, 20
9 ==> 12, 13, 15, 16, 20, 21
2, 9 ==> 3, 12, 14, 16, 21
10 ==> 3, 12, 14, 20, 21
2, 9 ==> 3, 11, 12, 16
10 ==> 3, 14, 15, 16, 20
2, 9 ==> 3, 11, 12, 14
10 ==> 3, 14, 15, 16, 21
2, 9 ==> 3, 11, 12, 15
2 ==> 3, 16
2 ==> 3, 15
2 ==> 3, 14
2, 9 ==> 3, 11, 12, 13
2 ==> 3, 13
2 ==> 3, 12
2, 9, 10 ==> 3, 12, 16, 20, 21
2 ==> 3, 11, 13, 21
2 ==> 3, 11
2 ==> 12, 15, 16
9 ==> 11, 12, 13, 15, 20, 21
2 ==> 3, 11, 13, 20
9, 10 ==> 3, 12, 13, 15, 16, 20, 21
2, 10 ==> 3, 12, 13, 16, 21
2, 10 ==> 3, 12, 13, 16, 20
2, 9, 10 ==> 3, 11, 12, 14, 15, 16, 20
2, 9, 10 ==> 3, 11, 12, 14, 15, 16, 21
2 ==> 11, 12, 21
2 ==> 11, 12, 20
2 ==> 3, 21
2 ==> 3, 20
9, 10 ==> 3, 11, 12, 13, 15, 20, 21
2 ==> 3, 11, 13, 14
2 ==> 3, 11, 13, 15, 16, 20
10 ==> 13, 14, 15, 16, 20, 21
2 ==> 3, 11, 13, 15, 16, 21
2, 10 ==> 13, 15, 20, 21
2 ==> 3, 11, 13, 15
2, 10 ==> 20, 21
2 ==> 3, 11, 13, 16
2, 9, 10 ==> 3, 13, 14, 15, 21
2, 9, 10 ==> 3, 13, 14, 15, 20
10 ==> 11, 12, 13, 15, 16, 21
10 ==> 11, 12, 13, 15, 16, 20
10 ==> 11, 16, 20, 21
2, 9 ==> 16, 20, 21
2, 10 ==> 13, 14, 15, 20, 21
2, 10 ==> 11, 12, 20, 21
2, 9, 10 ==> 3, 13, 14, 20
2, 9, 10 ==> 3, 13, 14, 21
9, 10 ==> 12, 20
9, 10 ==> 12, 21
9, 10 ==> 12, 16
10 ==> 15, 16, 20, 21
2, 9, 10 ==> 3, 15, 16
9, 10 ==> 3, 13, 14, 20, 21
2, 10 ==> 14, 15, 16, 20, 21
9 ==> 11, 13, 15, 16
9 ==> 13, 14, 15, 20, 21
9, 10 ==> 12, 13
9, 10 ==> 12, 14
9, 10 ==> 12, 15
2, 9, 10 ==> 3, 13, 14, 15, 16
2, 9, 10 ==> 3, 15, 21
2, 9, 10 ==> 3, 15, 20
2, 10 ==> 12, 13, 14, 15, 16, 21
2, 9, 10 ==> 11, 12, 15, 20, 21
2, 10 ==> 12, 13, 14, 15, 16, 20
10 ==> 11, 14, 16, 21
10 ==> 11, 14, 16, 20
2, 9, 10 ==> 3, 11, 13, 14, 15, 16, 20, 21
9 ==> 3, 13, 14, 15, 20
9 ==> 3, 13, 14, 15, 21
2, 9 ==> 11, 15, 16, 20, 21
2, 107, 167 ==> 14
2, 107, 167 ==> 15
2, 10 ==> 3, 12, 13, 14, 15, 20, 21
2, 107, 167 ==> 11
2, 9 ==> 3, 11, 16, 21
2, 107, 167 ==> 12
2, 9 ==> 3, 11, 16, 20
2, 9, 10 ==> 3, 13, 14, 15
2, 9, 10 ==> 3, 13, 14, 16
2, 9, 10 ==> 14, 15, 20, 21
2, 9, 10 ==> 3, 12, 20, 21
2, 10 ==> 3, 12, 14, 15, 16, 20, 21
9 ==> 3, 12, 13, 15, 16, 20, 21
9, 10 ==> 3, 13, 14, 15, 20
9, 10 ==> 3, 13, 14, 15, 21
2, 10 ==> 3, 12, 14, 15, 20, 21
9, 10 ==> 11, 12, 13, 15, 20, 21
10 ==> 3, 12, 13, 14, 15, 16, 21
10 ==> 3, 12, 13, 14, 15, 16, 20
2, 10 ==> 11, 15, 16
9 ==> 3, 12, 13, 14, 20, 21
2, 10 ==> 11, 20
2, 9 ==> 3, 11, 12, 13, 14, 16, 20, 21
10 ==> 11, 15, 16, 20, 21
2, 9, 10 ==> 12, 14, 15, 20, 21
9, 10 ==> 3, 11, 13, 14, 16, 21
2 ==> 3, 15, 16, 20, 21
9, 10 ==> 3, 11, 13, 14, 16, 20
9 ==> 3, 11, 12, 13, 15, 16
2, 10 ==> 11, 15, 21
9, 10 ==> 3, 11, 13, 16, 20, 21
2, 10 ==> 11, 21
2 ==> 3, 11, 16, 20, 21
2, 10 ==> 11, 15, 20
2, 9, 10 ==> 3, 11, 13, 14, 16
2, 9, 10 ==> 3, 11, 13, 14, 15
2, 10 ==> 11, 12, 13, 14, 15, 16
2 ==> 3, 14, 15, 20
2, 9 ==> 3, 12, 13, 14, 15, 16
2 ==> 3, 14, 15, 21
2, 10 ==> 3, 12, 16
9, 10 ==> 3, 11, 13, 14, 16, 20, 21
2, 10 ==> 3, 12, 13
2, 10 ==> 3, 12, 14
2, 9 ==> 3, 11, 16
2, 10 ==> 3, 12, 15
2, 9 ==> 3, 11, 15
2, 9 ==> 3, 11, 14
2, 10 ==> 3, 12, 20
2, 9 ==> 3, 11, 13
2, 10 ==> 3, 12, 21
2, 9 ==> 3, 11, 12
2, 9 ==> 14, 16, 21
2, 10 ==> 11, 13
2, 9 ==> 14, 16, 20
2, 10 ==> 11, 12
2, 10 ==> 11, 15
10 ==> 11, 13, 15, 16, 20, 21
2, 10 ==> 11, 14
2 ==> 13, 15, 20, 21
2, 10 ==> 11, 16
2, 9 ==> 3, 12, 13, 14, 15, 21
2, 9 ==> 3, 12, 13, 14, 15, 20
10 ==> 3, 11, 12, 13, 14, 15, 20, 21
2 ==> 3, 14, 15, 16
2, 9 ==> 13, 14, 16, 20, 21
2, 9, 10 ==> 11, 12, 13, 16, 21
2, 9, 10 ==> 11, 12, 13, 16, 20
9, 10 ==> 3, 13, 14, 15, 16
2, 107, 167, 168 ==> 11
2, 107, 167, 168 ==> 12
2, 9 ==> 3, 11, 21
2 ==> 11, 12, 20, 21
2, 9 ==> 3, 11, 20
2, 10 ==> 11, 12, 13, 14, 15, 20
2, 9, 10 ==> 3, 11, 13, 14, 21
2, 9, 10 ==> 3, 11, 13, 14, 20
2, 10 ==> 11, 12, 13, 14, 15, 21
9 ==> 15, 20
10 ==> 12, 13, 15, 20, 21
2, 9 ==> 3, 11, 15, 16, 20
10 ==> 11, 12, 14, 20, 21
2, 9 ==> 3, 11, 13, 14, 15, 16, 21
2, 9 ==> 3, 11, 13, 14, 15, 16, 20
2, 9 ==> 3, 11, 15, 16, 21
10 ==> 3, 11, 15, 20, 21
2, 9 ==> 3, 11, 12, 13, 14, 16, 20
2, 9 ==> 3, 11, 12, 13, 14, 16, 21
2, 10 ==> 3, 14, 16, 20
2, 10 ==> 3, 14, 16, 21
9 ==> 15, 16
10 ==> 13, 14, 16, 20, 21
2, 9 ==> 3, 12, 15, 21
2, 9 ==> 3, 12, 15, 20
2, 9 ==> 3, 13, 14, 16, 20, 21
9 ==> 15, 21
2, 9, 10 ==> 13, 20, 21
2, 9 ==> 12, 13, 14, 15, 16, 20, 21
2, 9 ==> 11, 14, 15, 16, 20
2 ==> 12, 14, 16, 20
10 ==> 3, 20, 21
2, 9 ==> 11, 14, 15, 16, 21
9 ==> 12, 16, 20
9 ==> 12, 16, 21
2 ==> 12, 14, 16, 21
9, 10 ==> 11, 13, 20, 21
10 ==> 11, 14, 15, 16, 20
9 ==> 3, 14, 16, 21
9 ==> 3, 14, 16, 20
2, 9 ==> 3, 11, 13, 14, 21
10 ==> 11, 14, 15, 16, 21
2, 9 ==> 3, 11, 13, 14, 20
2 ==> 12, 20, 21
9, 10 ==> 3, 12, 15, 16
2 ==> 11, 14, 15, 20, 21
9, 10 ==> 3, 11, 12, 21
9, 10 ==> 3, 11, 12, 20
2, 9 ==> 3, 11, 13, 14, 16
2, 9 ==> 3, 11, 13, 14, 15
2, 9, 10 ==> 3, 13, 15, 20, 21
9, 10 ==> 3, 12, 15, 20
9, 10 ==> 3, 12, 15, 21
2, 10 ==> 3, 11, 12, 14, 15, 16, 21
2, 9, 10 ==> 3, 11, 14, 15, 20, 21
2, 10 ==> 3, 11, 12, 14, 15, 16, 20
2 ==> 3, 14, 15, 16, 20, 21
9, 10 ==> 3, 11, 12, 14
9, 10 ==> 3, 11, 12, 13
9, 10 ==> 3, 11, 12, 16
9, 10 ==> 3, 11, 12, 15
9 ==> 3, 13, 14, 15, 20, 21
9, 10 ==> 12, 15, 16, 20, 21
2, 10 ==> 3, 15, 16, 20, 21
2 ==> 11, 16, 21
9, 10 ==> 11, 12, 15, 21
2 ==> 11, 16, 20
2, 9, 10 ==> 13, 15, 16, 20, 21
9 ==> 14, 15, 16, 20, 21
9 ==> 3, 11, 14, 16, 20, 21
9, 10 ==> 11, 12, 15, 20
2, 9 ==> 16, 21
2, 9 ==> 16, 20
2, 9 ==> 3, 13, 20, 21
2, 9, 10 ==> 12, 16, 21
2, 9, 10 ==> 12, 16, 20
9, 10 ==> 3, 11, 12, 13, 14, 15, 21
2, 10 ==> 3, 12, 14, 21
2, 9 ==> 3, 12, 15, 16
2, 9 ==> 3, 20, 21
2, 10 ==> 3, 12, 14, 20
9, 10 ==> 3, 11, 12, 13, 14, 15, 20
10 ==> 3, 11, 12, 14, 15, 16, 20, 21
9, 10 ==> 3, 12, 14, 15, 16, 20
9, 10 ==> 3, 12, 14, 15, 16, 21
9, 10 ==> 3, 11, 12, 13, 14, 15, 16
9, 10 ==> 13, 14, 16, 21
9, 10 ==> 13, 14, 16, 20
2, 10 ==> 3, 12, 14, 16
2, 10 ==> 3, 12, 14, 15
2, 10 ==> 11, 13, 15, 16, 21
2, 10 ==> 11, 13, 15, 16, 20
2, 9 ==> 11, 12, 16, 21
2 ==> 3, 11, 14, 15, 16, 20, 21
2, 10 ==> 3, 13, 15, 16, 20, 21
2 ==> 3, 11, 12, 13, 14, 20, 21
2, 9 ==> 11, 12, 16, 20
2, 9 ==> 12, 13, 15, 20, 21
10 ==> 11, 12, 13, 16, 21
10 ==> 11, 12, 13, 16, 20
2, 9 ==> 3, 11, 12, 13, 20, 21
2, 10 ==> 12, 13, 14, 20, 21
2, 9 ==> 3, 11, 13, 14, 16, 20, 21
10 ==> 3, 11, 14, 16, 21
10 ==> 3, 11, 14, 16, 20
9, 10 ==> 12, 15, 16, 20
9, 10 ==> 12, 15, 16, 21
9 ==> 11, 13, 20, 21
2 ==> 3, 11, 12, 13, 14, 16, 20, 21
2, 10 ==> 15, 16
2, 9, 10 ==> 3, 11, 13, 16, 20, 21
2, 10 ==> 3, 13, 14, 20, 21
9, 10 ==> 12, 13, 14, 20, 21
9, 10 ==> 13, 14, 15, 20, 21
10 ==> 11, 12, 14, 15, 20, 21
2 ==> 12, 13, 14, 20, 21
2, 9 ==> 3, 11, 12, 21
2 ==> 11, 12, 13, 20, 21
107, 167 ==> 11, 12
9 ==> 3, 11, 14, 21
9 ==> 3, 11, 14, 20
2, 9, 10 ==> 11, 14, 15, 16
2, 9, 10 ==> 11, 12, 16, 21
2, 9, 10 ==> 11, 12, 16, 20
2, 9, 10 ==> 11, 14, 15, 20
2, 9, 10 ==> 11, 14, 15, 21
9, 10 ==> 11, 12, 15, 16
2, 9, 10 ==> 3, 11, 15, 16, 20
2, 9, 10 ==> 3, 11, 15, 16, 21
9 ==> 3, 11, 14, 16
9, 10 ==> 3, 11, 12, 15, 16, 20
9, 10 ==> 3, 11, 12, 15, 16, 21
9 ==> 3, 11, 14, 15
9, 10 ==> 12, 15, 16
10 ==> 3, 15, 16, 20, 21
2, 9, 10 ==> 12, 13, 16, 20, 21
2, 10 ==> 11, 12, 13, 20, 21
2, 9 ==> 12, 13, 16
2, 9 ==> 12, 13, 15
2, 9 ==> 12, 13, 14
2, 10 ==> 15, 20
2, 10 ==> 15, 21
10, 167 ==> 11
10, 167 ==> 12
10, 167 ==> 15
10, 167 ==> 14
9, 10 ==> 12, 13, 15, 16, 20, 21
9 ==> 3, 11, 13, 14, 20
9 ==> 3, 11, 13, 14, 21
9, 10 ==> 12, 15, 21
9, 10 ==> 12, 15, 20
10 ==> 12, 13, 16, 20
2, 9 ==> 11, 12, 14, 15, 16, 20
2, 9 ==> 11, 12, 14, 15, 16, 21
10 ==> 12, 13, 16, 21
2, 9 ==> 11, 12, 14, 16, 20, 21
2, 9, 10 ==> 3, 11, 12, 14
10 ==> 3, 16, 20, 21
2, 9, 10 ==> 3, 11, 12, 13
2, 9, 10 ==> 3, 12, 15, 16, 20, 21
9 ==> 13, 14, 16, 21
9 ==> 13, 14, 16, 20
9 ==> 3, 11, 13, 14, 16
2, 9, 10 ==> 3, 11, 12, 16
2, 9, 10 ==> 3, 11, 12, 15
9 ==> 3, 11, 13, 14, 15
2, 9, 10 ==> 12, 13, 15, 16, 21
2, 9, 10 ==> 12, 13, 15, 16, 20
9 ==> 11, 12, 13, 15, 21
2, 10 ==> 3, 16, 20
9 ==> 11, 12, 13, 15, 20
2, 10 ==> 3, 16, 21
2, 10 ==> 11, 13, 14, 21
2, 10 ==> 11, 13, 14, 20
2, 10 ==> 11, 13, 14, 16
2, 10 ==> 11, 13, 14, 15
2 ==> 3, 11, 14, 16, 20, 21
2, 10 ==> 12, 14, 16, 21
9, 10 ==> 3, 12, 16, 20, 21
2 ==> 12, 15, 16, 20, 21
2, 10 ==> 12, 14, 16, 20
9 ==> 3, 14, 15, 16, 20, 21
9 ==> 11, 12, 13, 15, 16
107 ==> 119
9 ==> 11, 14, 16, 20, 21
2, 9 ==> 11, 12, 13, 16, 21
9 ==> 12, 13, 14, 16
2, 9 ==> 11, 14, 15, 16
2, 9 ==> 11, 12, 14, 20, 21
2, 9 ==> 11, 12, 13, 16, 20
9, 10 ==> 3, 12, 13, 14, 15, 16, 20
9, 10 ==> 3, 12, 13, 14, 15, 16, 21
2 ==> 3, 12, 14, 15, 21
2 ==> 3, 12, 14, 15, 20
2 ==> 3, 12, 14, 15, 16
9 ==> 12, 13, 14, 15
2, 9 ==> 11, 14, 15, 21
2, 9 ==> 11, 14, 15, 20
9 ==> 3, 12, 14, 16, 20
9 ==> 3, 12, 14, 16, 21
2, 9 ==> 3, 12, 13, 15, 16, 20, 21
2, 167 ==> 14, 15
10 ==> 3, 11, 13, 15, 16, 20
10 ==> 3, 11, 13, 15, 16, 21
2, 9, 10 ==> 3, 11, 12, 21
2, 9, 10 ==> 3, 11, 12, 20
2 ==> 3, 11, 13, 14, 15, 20, 21
9 ==> 11, 14, 15, 16, 20
9 ==> 11, 14, 15, 16, 21
2, 10 ==> 3, 12, 13, 15, 16, 20
107, 167, 168 ==> 12
2, 10 ==> 3, 12, 13, 15, 16, 21
107, 167, 168 ==> 11
2, 9, 10 ==> 3, 11, 12, 14, 15
10 ==> 11, 15, 16, 21
10 ==> 11, 15, 16, 20
2, 9 ==> 3, 11, 12, 14, 15, 20
2, 9 ==> 3, 11, 12, 14, 15, 21
2, 9, 10 ==> 3
10 ==> 14, 15, 16, 20
9 ==> 13, 14, 16, 20, 21
10 ==> 14, 15, 16, 21
2, 10 ==> 15, 16, 20
2, 10 ==> 15, 16, 21
9 ==> 11, 13
9 ==> 11, 12
2, 9, 10 ==> 3, 11, 12, 14, 16
167 ==> 14, 15, 119
2, 9, 10 ==> 3, 11, 12, 14, 20
2, 9, 10 ==> 3, 11, 12, 14, 21
2, 9, 10 ==> 3, 11, 12, 15, 16, 20, 21
2, 9 ==> 3, 11, 12, 14, 15, 16
2, 9, 10 ==> 14, 16, 20, 21
2, 10 ==> 3, 11, 13, 15, 20, 21
2, 10 ==> 3, 11, 12, 15, 20, 21
9, 10 ==> 3, 11, 15, 16
9 ==> 12, 13, 14, 15, 16, 21
9, 10 ==> 3, 12, 13, 16, 20
9 ==> 12, 13, 14, 15, 16, 20
9, 10 ==> 3, 12, 13, 16, 21
2, 9 ==> 13, 14, 16, 21
9 ==> 11, 14, 20, 21
2, 10 ==> 12, 15, 16
9 ==> 11, 12, 14, 20, 21
2, 9 ==> 13, 14, 16, 20
2 ==> 3, 13, 20
9, 10 ==> 3, 11, 15, 20
2 ==> 3, 13, 21
9, 10 ==> 3, 11, 15, 21
9 ==> 11, 16
2, 9 ==> 12, 16
9 ==> 11, 15
2, 9 ==> 12, 15
9 ==> 11, 14
9, 10 ==> 3, 11, 13, 15, 20, 21
2, 9 ==> 12, 14
2, 9 ==> 12, 13
9, 10 ==> 3, 11, 14, 15, 20, 21
10 ==> 11, 12, 14, 16, 20, 21
2, 10 ==> 12, 15, 21
2, 10 ==> 12, 15, 20
2 ==> 3, 12, 13, 16, 20
2 ==> 3, 12, 13, 16, 21
9 ==> 11, 21
9 ==> 11, 20
2, 9 ==> 13, 16, 20, 21
9, 10 ==> 3, 11, 13, 14, 15, 20, 21
2, 9 ==> 12, 21
2, 9 ==> 12, 20
2, 9 ==> 11, 12, 15, 20, 21
10 ==> 12, 14, 20, 21
9 ==> 11, 12, 15, 16
2, 10 ==> 3, 12, 14, 15, 21
2, 10 ==> 3, 12, 14, 15, 20
2 ==> 3, 13, 15, 16
2, 9 ==> 13, 16, 20
2, 9 ==> 13, 16, 21
2 ==> 13, 21
2 ==> 13, 20
2, 10 ==> 3, 12, 13, 14, 16, 20
2, 9 ==> 11, 13, 20, 21
2 ==> 3, 12, 13, 14, 15, 16
2, 10 ==> 3, 12, 13, 14, 16, 21
2 ==> 3, 13, 15, 21
2 ==> 3, 13, 15, 20
10 ==> 3, 12, 14, 20
10 ==> 3, 12, 14, 21
10 ==> 3, 12, 14, 15
9 ==> 3, 11, 12, 14, 20
2, 10 ==> 11, 20, 21
9 ==> 3, 11, 12, 14, 21
10 ==> 3, 12, 14, 16
9 ==> 11, 12, 13, 14, 15, 16
2, 10 ==> 12, 13, 14, 16, 20, 21
2 ==> 3, 12, 13, 14, 15, 20
2 ==> 13, 16
2 ==> 13, 15
2 ==> 13, 14
2, 9, 10 ==> 3, 11, 20, 21
2, 9, 10 ==> 11, 13, 20
9 ==> 13, 15, 16, 21
9 ==> 13, 15, 16, 20
2, 9, 10 ==> 11, 13, 21
2 ==> 3, 12, 13, 14, 15, 21
2, 9, 10 ==> 3, 11, 13, 15, 16, 20
10 ==> 11, 13, 14, 15, 16, 21
2, 9, 10 ==> 3, 11, 13, 15, 16, 21
9, 10 ==> 13, 15, 20, 21
9 ==> 3, 11, 13, 14, 15, 16, 20
9 ==> 3, 11, 12, 14, 15
9 ==> 3, 11, 12, 14, 16
9 ==> 3, 11, 13, 14, 15, 16, 21
9 ==> 13, 20, 21
9 ==> 3, 12, 13, 15, 20, 21
10 ==> 11, 13, 14, 15, 16, 20
2, 10 ==> 11, 14, 15, 20, 21
9, 10 ==> 3, 12, 15, 20, 21
9 ==> 11, 12, 13, 14, 15, 21
9 ==> 11, 12, 13, 14, 15, 20
2 ==> 3, 11, 15, 20, 21
10 ==> 3, 12, 13, 15, 16, 20, 21
9 ==> 11, 13, 15, 16, 21
9 ==> 11, 13, 15, 16, 20
2, 9, 10 ==> 11, 13, 14
2, 9, 10 ==> 11, 13, 15
2, 9, 10 ==> 11, 13, 16
9, 10 ==> 11, 12, 13, 15, 16
2, 10 ==> 3, 11, 14, 21
2, 10 ==> 3, 11, 14, 20
2, 10 ==> 3, 11, 12, 13, 14, 15, 16, 20, 21
2, 9, 10 ==> 12, 13, 14, 15, 16, 20
2, 9, 10 ==> 12, 13, 14, 15, 16, 21
9 ==> 3, 13, 15, 20, 21
10 ==> 12, 13, 14, 16, 21
10 ==> 12, 13, 14, 16, 20
2, 9 ==> 3, 11, 12, 13, 15, 20, 21
2 ==> 11, 15, 16, 21
2, 9 ==> 3, 11, 12, 14, 15, 20, 21
2 ==> 11, 15, 16, 20
2, 9, 10 ==> 11, 12, 14, 15, 21
9 ==> 11, 12, 13, 14, 15, 16, 20, 21
2, 9, 10 ==> 11, 12, 14, 15, 20
2 ==> 13, 14, 15, 20, 21
2, 9, 10 ==> 11, 13, 14, 15, 20
2, 9, 10 ==> 11, 13, 14, 15, 21
9, 10 ==> 3
9 ==> 3, 11, 12, 20, 21
2 ==> 11, 12, 13, 14, 16, 21
2, 10 ==> 3, 11, 14, 16
2, 9, 10 ==> 3, 20, 21
2 ==> 11, 12, 13, 14, 16, 20
2, 10 ==> 3, 11, 14, 15
2, 10 ==> 12, 13, 14, 15, 16
9, 10 ==> 11, 12, 13, 15, 20
2, 9 ==> 12, 13, 14, 16, 20
9, 10 ==> 11, 12, 13, 15, 21
2, 9 ==> 12, 13, 14, 16, 21
2, 9, 10 ==> 11, 13, 14, 15, 16
9, 10 ==> 11, 12, 13, 16, 20, 21
2 ==> 11, 12, 15, 16
9 ==> 11, 13, 20
9 ==> 11, 13, 21
2, 9, 10 ==> 11, 12, 14, 15, 16
2 ==> 3, 11, 12, 13, 16
2 ==> 3, 11, 12, 13, 15
2 ==> 3, 11, 12, 13, 14
2 ==> 11, 12, 15, 21
9 ==> 11, 13, 14, 15, 16, 21
9 ==> 11, 13, 16
9 ==> 11, 13, 14, 15, 16, 20
9 ==> 11, 13, 14, 15, 20, 21
2, 10 ==> 3, 12, 14, 15, 16
9 ==> 11, 13, 15
9 ==> 11, 13, 14
2 ==> 3, 11, 12, 13, 21
2 ==> 3, 11, 12, 13, 20
10 ==> 11, 12, 13, 14, 16, 20, 21
2 ==> 11, 12, 15, 20
2, 9 ==> 3, 13, 14, 15, 20, 21
9 ==> 11, 12, 13, 16, 20, 21
10 ==> 3, 15, 16
9 ==> 11, 13, 14, 15, 16, 20, 21
2, 10 ==> 13, 14, 20, 21
2, 9, 10 ==> 3, 11, 16, 21
2 ==> 3, 13, 14, 15, 20, 21
2, 9, 10 ==> 3, 11, 16, 20
10 ==> 20
10 ==> 21
2, 9, 10 ==> 11, 12, 13, 14, 15, 21
2, 9, 10 ==> 11, 12, 13, 14, 15, 20
2, 9 ==> 3, 12, 20, 21
10 ==> 13, 14, 20, 21
2, 9, 10 ==> 3, 12, 15, 20, 21
2, 9 ==> 3, 12, 13, 16, 21
2, 9 ==> 3, 12, 13, 16, 20
2 ==> 3, 11, 12, 15, 16, 20, 21
10 ==> 11, 14, 15
10 ==> 11, 14, 16
10 ==> 3, 15, 21
10 ==> 3, 15, 20
10 ==> 16
2, 9 ==> 3, 11, 12, 15, 20
2, 9, 10 ==> 12, 13, 14, 21
2 ==> 3, 13, 14
2, 9, 10 ==> 12, 13, 14, 20
2 ==> 3, 13, 15
2 ==> 3, 13, 16
2, 9, 10 ==> 3, 12, 15, 16
2, 9, 10 ==> 11, 12, 13, 14, 15, 16
10 ==> 11
10 ==> 12
10 ==> 13
10 ==> 14
2, 9 ==> 3, 11, 12, 15, 21
10 ==> 15
9, 10 ==> 3, 11, 13, 14, 15, 16, 20
9, 10 ==> 3, 11, 13, 14, 15, 16, 21
2, 9 ==> 12, 13, 20, 21
9 ==> 3, 15, 20
2, 10 ==> 3, 12, 16, 20, 21
9 ==> 3, 15, 21
2, 9, 10 ==> 12, 13, 14, 16
2, 9, 10 ==> 12, 13, 14, 15
2, 9, 10 ==> 3, 12, 15, 21
2, 9, 10 ==> 11, 13, 14, 15, 20, 21
2, 9, 10 ==> 3, 12, 15, 20
2 ==> 13, 14, 15, 16
2, 9 ==> 3, 12, 13, 15, 20, 21
2, 9, 10 ==> 11, 12, 14, 15, 16, 20
10 ==> 3, 11, 12, 15, 16, 20, 21
2, 9 ==> 15, 20, 21
2, 9, 10 ==> 11, 12, 14, 15, 16, 21
9 ==> 3, 15, 16
9, 10 ==> 3, 11, 12, 20, 21
9, 10 ==> 14, 15, 20, 21
2, 9, 10 ==> 3, 11, 12, 15, 16, 20
2, 9, 10 ==> 3, 11, 12, 15, 16, 21
2, 10 ==> 3, 15, 16, 20
2, 10 ==> 3, 15, 16, 21
9 ==> 3, 13, 14, 20, 21
9, 10 ==> 11, 13, 14, 15, 20, 21
10 ==> 11, 14, 20
10 ==> 11, 14, 21
10 ==> 3, 11, 14, 15, 20, 21
2 ==> 13, 14, 15, 21
2 ==> 13, 14, 15, 20
107, 167 ==> 14, 15
9, 10 ==> 11, 12, 13, 14, 16, 20
9, 10 ==> 11, 12, 13, 14, 16, 21
2, 9 ==> 3, 11, 12, 13, 14, 15, 16, 21
2, 9 ==> 3, 11, 12, 13, 14, 15, 16, 20
2, 10 ==> 3, 11, 20, 21
9 ==> 14, 20, 21
9, 10 ==> 13, 16, 20, 21
9 ==> 11, 12, 14, 15, 16
10 ==> 3, 12, 13, 14, 15, 16
2, 9, 10 ==> 13, 20
2, 10 ==> 3, 11, 12, 15, 16, 21
2, 10 ==> 3, 11, 12, 15, 16, 20
2, 9, 10 ==> 13, 21
2, 9, 10 ==> 11, 13, 15, 16
2, 9, 10 ==> 11, 13, 15, 20
2, 9, 10 ==> 11, 13, 15, 21
2, 167 ==> 11, 12, 14, 15
10 ==> 3, 12, 13, 14, 15, 20
10 ==> 3, 12, 13, 14, 15, 21
9 ==> 3, 12, 14, 21
9 ==> 3, 12, 14, 20
9 ==> 11, 12, 14, 15, 20
10 ==> 13, 15, 16, 20, 21
9 ==> 11, 12, 14, 15, 21
9, 10 ==> 3, 11, 12, 13, 16, 20, 21
9, 10 ==> 11, 13, 14, 15, 16, 20, 21
10 ==> 11, 13, 14, 20, 21
9 ==> 3, 12, 14, 16
9 ==> 3, 12, 14, 15
2, 10 ==> 12, 16, 20, 21
2, 9 ==> 3, 11, 12, 15, 16
2, 10 ==> 11, 13, 20, 21
10 ==> 3, 12, 13, 16, 20
10 ==> 3, 12, 13, 16, 21
2, 168 ==> 15
2, 168 ==> 14
2, 10 ==> 11, 12, 13, 14, 21
2, 168 ==> 11
2, 10 ==> 11, 12, 13, 14, 20
2, 168 ==> 12
2 ==> 3, 12, 13, 15, 16, 20, 21
2, 10 ==> 3, 16, 20, 21
9, 10 ==> 3, 13, 14, 20
9, 10 ==> 3, 13, 14, 21
2 ==> 11, 12, 13, 15, 20, 21
107 ==> 15, 119
2, 9 ==> 11, 14, 20, 21
9, 10 ==> 3, 13, 14, 15
9, 10 ==> 3, 13, 14, 16
2, 9 ==> 11, 12, 15, 16, 20, 21
9 ==> 11, 14, 15, 20, 21
9 ==> 3, 12, 13, 14, 15, 16, 20, 21
2, 10 ==> 3, 11, 12, 14, 16
2, 10 ==> 3, 11, 12, 14, 15
10 ==> 3, 13, 14, 16, 20, 21
10 ==> 3, 11, 12, 13, 15, 20, 21
2, 9 ==> 13, 15, 16, 21
10 ==> 3, 11, 12, 13, 14, 21
107, 167 ==> 11, 119
2, 9 ==> 13, 15, 16, 20
10 ==> 3, 11, 12, 13, 14, 20
9, 10 ==> 14, 20, 21
10 ==> 12, 14, 21
10 ==> 12, 14, 20
1 ==> 3
9, 10 ==> 13, 14, 15
9, 10 ==> 13, 14, 16
9, 10 ==> 3, 11, 16, 20, 21
2, 9, 10 ==> 3, 15, 16, 21
2, 9, 10 ==> 3, 15, 16, 20
2 ==> 3, 14, 16, 20, 21
10 ==> 3, 11, 12, 14, 20, 21
2 ==> 3, 11, 14, 16, 21
10 ==> 3, 11, 12, 13, 14, 16
2 ==> 3, 11, 13, 16, 20, 21
10 ==> 3, 11, 12, 13, 14, 15
2 ==> 3, 11, 14, 16, 20
2, 10 ==> 13, 14, 16, 20
2, 10 ==> 13, 14, 16, 21
9, 10 ==> 11, 13, 14, 16, 21
9, 10 ==> 11, 13, 14
9, 10 ==> 11, 13, 14, 16, 20
2, 9 ==> 11, 13, 14, 20, 21
2, 9, 10 ==> 3, 11, 12, 20, 21
9, 10 ==> 11, 13, 16
2, 9 ==> 3, 11, 12, 13, 15, 20
9, 10 ==> 11, 13, 15
2, 9 ==> 3, 11, 12, 13, 15, 21
2, 168 ==> 14, 15
9, 10 ==> 11, 13, 21
9, 10 ==> 11, 13, 20
10 ==> 12, 14, 16
2, 9 ==> 3, 11, 12, 13, 16, 20, 21
9, 10 ==> 3, 14, 16
2, 10 ==> 12, 13, 14, 15, 21
9, 10 ==> 3, 14, 15
10 ==> 12, 14, 15
2, 10 ==> 12, 13, 14, 15, 20
2, 9 ==> 13, 15, 16, 20, 21
2, 10 ==> 11, 12, 14, 20
9 ==> 14, 15, 20, 21
2, 10 ==> 11, 12, 14, 21
10 ==> 3, 11, 14, 15, 16, 20
10 ==> 3, 11, 14, 15, 16, 21
2, 10 ==> 11, 12, 14, 15
2 ==> 3, 14, 15, 16, 21
2 ==> 3, 14, 15, 16, 20
2, 10 ==> 11, 12, 14, 16
2, 9 ==> 3, 11, 12, 13, 15, 16
9, 10 ==> 3, 11, 15, 16, 20
9, 10 ==> 3, 11, 15, 16, 21
9, 10 ==> 3, 14, 21
2, 10 ==> 3, 11, 13, 14, 20, 21
9, 10 ==> 3, 14, 20
2 ==> 3, 11, 14, 15, 20, 21
2, 10 ==> 12, 15, 16, 21
2, 9 ==> 3, 11, 12, 13, 14, 15, 20, 21
2, 10 ==> 12, 15, 16, 20
2, 9, 10 ==> 14, 20, 21
9, 10 ==> 3, 12, 14, 16, 21
9, 10 ==> 3, 12, 14, 16, 20
9, 10 ==> 13, 15, 16, 21
9 ==> 11, 12, 13, 20, 21
9 ==> 12, 13, 20, 21
9, 10 ==> 13, 15, 16, 20
2 ==> 13, 14, 15, 16, 20, 21
2, 10 ==> 3, 11, 15, 16, 20, 21
9 ==> 13, 16, 20
9 ==> 13, 16, 21
2, 9 ==> 12, 14, 15, 16, 20, 21
9 ==> 3, 12, 15, 16, 20
9 ==> 3, 12, 15, 16, 21
2, 10 ==> 11, 14, 16, 20, 21
2, 9 ==> 11, 13, 16, 20
9 ==> 13, 16, 20, 21
2, 9 ==> 11, 13, 16, 21
9 ==> 3, 11, 12, 13, 16, 20, 21
2 ==> 3, 12, 14, 20, 21
2, 9 ==> 12, 13, 14, 20, 21
2 ==> 13, 20, 21
9, 10 ==> 13, 14, 20
9, 10 ==> 13, 14, 21
10 ==> 12, 14, 16, 20
2, 9, 10 ==> 3, 12, 15, 16, 21
10 ==> 12, 14, 16, 21
9, 10 ==> 15, 16
9, 10 ==> 11, 12, 14, 15, 16, 20, 21
2, 9, 10 ==> 12
2, 9, 10 ==> 11
2, 9, 10 ==> 3, 13, 14, 20, 21
2, 9, 10 ==> 14
2, 9, 10 ==> 13
10 ==> 3, 11, 16, 20, 21
2, 9, 10 ==> 3, 12, 15, 16, 20
10 ==> 3, 14, 16, 20, 21
10 ==> 3, 11, 12, 13, 20
2 ==> 12, 13, 15, 16, 20, 21
10 ==> 3, 11, 12, 13, 21
2 ==> 11, 12, 13, 15, 16
10 ==> 3, 11, 20
10 ==> 3, 11, 21
2 ==> 3, 11, 12, 13, 20, 21
2, 9 ==> 3, 13, 15, 21
2, 9, 10 ==> 16
2, 9, 10 ==> 15
2, 9 ==> 3, 13, 15, 20
2, 10 ==> 3, 11, 12, 16, 20, 21
10 ==> 3, 11, 12, 13, 16
10 ==> 3, 11, 12
9, 10 ==> 15, 20
10 ==> 3, 11, 13
10 ==> 3, 11, 14
9, 10 ==> 15, 21
10 ==> 3, 11, 15
10 ==> 3, 11, 16
9, 10 ==> 11, 13, 14, 20
2, 10 ==> 3, 11, 12, 14, 21
10 ==> 11, 12, 15, 20, 21
2, 9, 10 ==> 21
9, 10 ==> 11, 13, 14, 21
2, 9, 10 ==> 20
2, 10 ==> 3, 11, 12, 14, 20
107 ==> 12, 119
10 ==> 3, 11, 12, 13, 14
10 ==> 3, 11, 12, 13, 15
9 ==> 3, 11, 12
2 ==> 3, 11, 16, 21
2 ==> 3, 11, 16, 20
2, 9 ==> 3, 13, 15, 16
9 ==> 3, 11, 16
9 ==> 3, 11, 15
9 ==> 3, 11, 14
9 ==> 3, 11, 13
2, 9 ==> 3, 15, 16
2 ==> 11, 13, 14, 16, 20
2 ==> 11, 13, 14, 16, 21
9, 10 ==> 11, 14, 20, 21
10 ==> 3, 11, 14, 16
2, 9, 10 ==> 3, 11, 13, 14, 16, 20
9, 10 ==> 11, 13, 14, 15
9, 10 ==> 11, 13, 14, 16
2, 9, 10 ==> 3, 11, 13, 14, 16, 21
9 ==> 3, 11, 13, 14, 15, 20, 21
10 ==> 3, 11, 14, 15
2, 9, 10 ==> 3, 11, 13, 15, 20, 21
2, 10 ==> 11, 12, 14, 20, 21
2, 10 ==> 3, 11, 12, 13, 15, 16, 21
2, 10 ==> 3, 11, 12, 13, 15, 16, 20
2, 10 ==> 11, 12, 13, 14, 16
9 ==> 20, 21
2 ==> 3, 11, 12, 14, 15, 16, 20, 21
2 ==> 3, 11, 12, 13, 15, 20, 21
2, 9, 10 ==> 13, 14, 16, 20, 21
2 ==> 11, 12, 13, 15, 20
2, 9 ==> 3, 15, 20
2 ==> 11, 12, 13, 15, 21
2, 9 ==> 3, 15, 21
9 ==> 3, 11, 15, 16, 20, 21
1, 2 ==> 3
2, 10 ==> 11, 12, 13, 14, 15
107, 167 ==> 14, 119
10 ==> 12, 15, 20, 21
2, 9 ==> 3, 11, 14, 16, 20
2, 9 ==> 3, 11, 14, 16, 21
9 ==> 3, 11, 13, 14, 15, 16, 20, 21
2, 9 ==> 11, 13, 15, 16, 20, 21
9, 10 ==> 3, 12, 13, 15, 16, 21
2, 9, 10 ==> 12, 13, 14, 15, 20, 21
10 ==> 12, 13, 14, 20, 21
9, 10 ==> 3, 12, 13, 15, 16, 20
2, 10 ==> 11, 14, 15, 16, 20
10 ==> 3, 11, 14, 20
9 ==> 3, 11, 21
10 ==> 3, 11, 14, 21
9 ==> 3, 11, 20
168 ==> 119
2, 9, 10 ==> 3, 11, 14
2, 9, 10 ==> 3, 11, 15
2, 9, 10 ==> 3, 11, 12
2, 9, 10 ==> 3, 11, 13
2, 9, 10 ==> 13, 14
2, 9, 10 ==> 3, 11, 16
2, 10 ==> 11, 14, 15, 16, 21
2, 9, 10 ==> 13, 15
2, 9, 10 ==> 13, 16
2, 9, 10 ==> 3, 11, 21
2, 9, 10 ==> 3, 11, 20
2, 9, 10 ==> 13, 14, 15, 16, 20
2, 9, 10 ==> 13, 14, 15, 16, 21
2, 9 ==> 11, 12, 13, 20
2, 10 ==> 11, 13, 15, 16
2, 9 ==> 11, 12, 13, 21
2 ==> 11, 13, 15, 16
9, 10 ==> 11, 12, 15, 16, 21
9, 10 ==> 11, 12, 15, 16, 20
2, 10 ==> 11, 12, 14, 15, 21
2, 9, 10 ==> 3, 11, 13, 20, 21
2, 10 ==> 11, 12, 14, 15, 20
9 ==> 12, 13, 21
9 ==> 12, 13, 20
2, 10 ==> 3, 13, 14, 15, 16, 20, 21
2, 10 ==> 11, 13, 15, 20
2, 10 ==> 11, 13, 15, 21
10 ==> 13, 16, 21
10 ==> 13, 16, 20
2, 9 ==> 3, 11, 13, 14
2, 9 ==> 3, 11, 13, 15
2, 9 ==> 3, 11, 13, 16
2 ==> 11, 13, 15, 21
9 ==> 12, 13, 16
2 ==> 11, 13, 15, 20
9 ==> 12, 13, 15
10 ==> 3, 11, 13, 16, 20, 21
9 ==> 12, 13, 14
2, 9, 10 ==> 12, 13, 15, 16, 20, 21
2 ==> 3, 11, 12, 14, 20, 21
167, 168 ==> 11
167, 168 ==> 12
2, 9 ==> 11, 12, 13, 14
2, 9 ==> 11, 12, 13, 15
2, 9 ==> 11, 12, 13, 16
10 ==> 3, 14, 15, 16
2 ==> 11, 12, 14, 20, 21
9 ==> 3, 11, 12, 13, 14, 15
9 ==> 3, 11, 12, 13, 14, 16
10 ==> 11, 13, 14, 15, 21
10 ==> 11, 13, 14, 15, 20
10 ==> 11, 13, 14, 15, 16
10 ==> 3, 14, 15, 21
2, 107 ==> 119
10 ==> 3, 14, 15, 20
2, 10 ==> 3, 15, 20
2, 10 ==> 3, 15, 21
2, 10 ==> 3, 11, 12, 20, 21
9 ==> 3, 11, 16, 20, 21
2 ==> 3, 12, 13, 15, 20, 21
9 ==> 3, 11, 13, 20, 21
2, 9 ==> 3, 11, 12, 13, 14, 20, 21
2 ==> 12, 13, 15, 20, 21
2, 10 ==> 3, 15, 16
2, 9 ==> 3, 12, 15, 16, 20, 21
10 ==> 12, 20, 21
2, 9, 10 ==> 3, 13, 15, 21
9, 10 ==> 3, 12, 14, 15, 20
9, 10 ==> 3, 12, 14, 15, 21
2, 9 ==> 3, 12, 13, 16, 20, 21
10 ==> 12, 14, 15, 16, 20, 21
9, 10 ==> 11, 12, 14, 15, 20, 21
2, 9, 10 ==> 3, 13, 15, 20
10 ==> 13, 14, 15, 20, 21
2, 10 ==> 12, 13, 14, 20
2, 10 ==> 12, 13, 14, 21
2, 10 ==> 14, 16
2, 10 ==> 14, 15
9 ==> 3, 11, 12, 13, 15, 16, 20, 21
9 ==> 3, 11, 12, 13, 14, 20
9 ==> 3, 11, 12, 13, 14, 21
2, 9 ==> 11, 13, 16
2, 9 ==> 11, 13, 15
2, 9 ==> 11, 13, 14
9 ==> 3, 13, 14, 15, 16, 20, 21
10 ==> 12, 13, 20, 21
10 ==> 11, 14, 16, 20, 21
2, 10 ==> 12, 13, 14, 15
168 ==> 14, 15
2, 10 ==> 12, 13, 14, 16
10 ==> 11, 12, 16, 20, 21
2, 10 ==> 14, 21
2 ==> 12, 15, 20, 21
2, 9, 10 ==> 11, 12, 15, 16
2, 10 ==> 14, 20
9, 10 ==> 3, 11, 13, 15, 16, 20, 21
10 ==> 11, 12, 14, 16, 20
2, 9 ==> 3, 11, 13, 20
2, 9 ==> 3, 11, 13, 21
2 ==> 14, 15, 20, 21
10 ==> 11, 12, 14, 16, 21
10 ==> 3, 11, 12, 14, 15, 16, 20
2 ==> 3, 11, 14, 15, 20
10 ==> 3, 11, 12, 14, 15, 16, 21
2 ==> 3, 11, 14, 15, 21
9 ==> 3, 12, 13, 14, 16, 21
9 ==> 11, 13, 15, 16, 20, 21
2, 9, 10 ==> 11, 12, 15, 20
2, 9 ==> 3, 11, 12, 13, 15, 16, 20
9 ==> 3, 12, 13, 14, 16, 20
2, 9, 10 ==> 11, 12, 15, 21
2, 9 ==> 3, 11, 12, 13, 15, 16, 21
9 ==> 3, 13, 14, 16, 21
9 ==> 3, 13, 14, 16, 20
2, 9, 10 ==> 3, 13, 15, 16
2, 10 ==> 11, 12, 14, 15, 16
10 ==> 3, 11, 13, 14, 15, 16, 20, 21
9, 10 ==> 13, 14, 16, 20, 21
9, 10 ==> 3, 12, 14, 15, 16
2 ==> 3, 11, 14, 15, 16
2 ==> 3, 12, 13, 14, 15, 16, 20, 21
2, 10 ==> 3, 12, 14, 15, 16, 21
2, 10 ==> 3, 12, 14, 15, 16, 20
2 ==> 11, 13, 14
2 ==> 11, 13, 15
2 ==> 11, 13, 16
9, 10 ==> 3, 13, 15, 16, 20, 21
2, 9, 10 ==> 13, 14, 16
2, 9, 10 ==> 13, 14, 15
2, 9 ==> 3, 11, 12, 14, 15, 16, 20, 21
9, 10 ==> 20, 21
2, 9, 10 ==> 14, 15, 16, 20
2, 9, 10 ==> 14, 15, 16, 21
2, 168 ==> 11, 12
2, 9 ==> 3, 12, 13, 14, 15, 16, 21
2, 9 ==> 3, 12, 13, 14, 15, 16, 20
9 ==> 12, 13, 14, 16, 21
2, 9, 10 ==> 11, 14, 15, 16, 20
2, 9, 10 ==> 11, 14, 15, 16, 21
9 ==> 12, 13, 14, 16, 20
2 ==> 3, 11, 12, 13, 15, 16, 20, 21
2, 9, 10 ==> 11, 12, 13, 15, 20, 21
2, 9, 10 ==> 12, 13, 20
2, 9, 10 ==> 12, 13, 21
9, 10 ==> 3, 12, 14, 15, 20, 21
9, 10 ==> 13, 14, 15, 20
2, 9, 10 ==> 3, 14, 15, 16, 20, 21
9, 10 ==> 13, 14, 15, 21
2, 9, 10 ==> 13, 14, 21
2, 10 ==> 3, 12, 20, 21
2, 9, 10 ==> 13, 14, 20
2, 9, 10 ==> 12, 13, 14
2, 9, 10 ==> 3, 13, 14, 15, 20, 21
2, 9, 10 ==> 12, 13, 15
2, 9, 10 ==> 12, 13, 16
9, 10 ==> 13, 14, 15, 16
2 ==> 11, 13, 14, 15, 20, 21
2, 9 ==> 11, 13, 14, 15, 16, 20, 21
2, 9 ==> 3, 11, 12, 13, 16, 20
2, 9 ==> 3, 11, 12, 13, 16, 21
2, 9 ==> 3, 12, 21
2, 9 ==> 3, 12, 20
2 ==> 12, 14, 15
2 ==> 12, 14, 16
9, 10 ==> 3, 12, 14, 20, 21
2 ==> 12, 14, 20
10 ==> 3, 12, 13, 14, 15, 20, 21
2, 10 ==> 13, 20, 21
2 ==> 12, 14, 21
2, 9 ==> 11, 13, 21
2, 9 ==> 11, 13, 20
2, 9 ==> 3, 11, 13, 20, 21
9 ==> 11, 13, 16, 20
9 ==> 11, 13, 16, 21
167 ==> 11, 12, 14, 15
10 ==> 3, 12, 14, 15, 16, 20, 21
2, 9 ==> 3, 12, 13
2 ==> 11, 13, 20
2 ==> 11, 13, 21
2, 9 ==> 3, 12, 13, 14, 16, 21
2, 9 ==> 3, 12, 13, 14, 16, 20
2, 9, 10 ==> 12, 14, 16, 20, 21
2, 10 ==> 12, 14, 15, 16, 20, 21
9 ==> 3, 11, 12, 15, 20, 21
9 ==> 3, 12, 13, 14, 16, 20, 21
2, 9 ==> 3, 12, 16
2, 9, 10 ==> 13, 15, 20, 21
2, 9 ==> 3, 12, 14
2, 9 ==> 3, 12, 15
2, 9 ==> 3, 11, 12, 13, 14, 15, 21
2, 9 ==> 3, 11, 12, 13, 14, 15, 20
10 ==> 3, 11, 12, 16, 20
2, 9, 10 ==> 3, 13, 14, 16, 21
2, 9 ==> 3, 12, 14, 20, 21
10 ==> 3, 11, 12, 16, 21
2, 9, 10 ==> 11, 12, 14, 20, 21
9, 10 ==> 11, 20
9, 10 ==> 11, 21
9, 10 ==> 13, 14, 20, 21
2, 9 ==> 12, 13, 15, 16
2, 9, 10 ==> 3, 13, 14, 16, 20
2 ==> 12, 13, 14, 15
2 ==> 12, 13, 14, 16
9 ==> 11, 15, 20, 21
2, 9 ==> 11, 12, 13, 14, 15, 16, 20, 21
9, 10 ==> 11, 13, 15, 16, 20, 21
9, 10 ==> 11, 15
9, 10 ==> 11, 16
9, 10 ==> 11, 13
9, 10 ==> 11, 14
9, 10 ==> 11, 12
2, 9, 10 ==> 3, 13, 14, 15, 16, 20, 21
10 ==> 14, 15, 16, 20, 21
9 ==> 3, 13, 16, 21
2 ==> 12, 13, 14, 20
9 ==> 3, 11, 13, 16, 20, 21
2 ==> 12, 13, 14, 21
2, 9 ==> 12, 13, 15, 21
2, 9 ==> 12, 13, 15, 20
9 ==> 3, 13, 16, 20
2, 9 ==> 13, 15, 20, 21
2, 9 ==> 3, 13, 14, 16, 20
2, 9 ==> 3, 11, 13, 15, 16, 21
2, 10 ==> 3, 11, 13, 14, 16, 20
2, 9 ==> 3, 13, 14, 16, 21
9, 10 ==> 3, 11, 12, 14, 15, 16, 20, 21
2, 10 ==> 3, 11, 13, 14, 16, 21
2, 9 ==> 3, 11, 13, 15, 16, 20
167 ==> 14, 119
2, 9, 10 ==> 3, 16, 20
2, 9, 10 ==> 3, 16, 21
2, 10 ==> 3, 12, 13, 14, 16, 20, 21
9, 10 ==> 3, 12, 13, 14, 20, 21
2, 10 ==> 3, 11, 13, 16, 20
2, 10 ==> 3, 11, 13, 16, 21
2, 9 ==> 3, 11, 12, 13, 14, 15, 16
2, 9 ==> 12, 13, 15, 16, 20
9, 10 ==> 3, 14, 15, 16, 21
2, 9 ==> 12, 13, 15, 16, 21
2 ==> 3, 11, 15, 16, 20
2, 9, 10 ==> 3, 11, 12, 13, 15, 16, 21
2 ==> 3, 11, 15, 16, 21
9, 10 ==> 3, 14, 15, 16, 20
2, 9, 10 ==> 3, 11, 12, 13, 15, 16, 20
9 ==> 13, 14, 15, 20
9 ==> 13, 14, 15, 21
2, 9 ==> 13, 14, 15, 16, 20, 21
2, 9 ==> 3, 14, 15, 16, 20
2, 9 ==> 3, 14, 15, 16, 21
9, 10 ==> 14, 16, 20, 21
9, 10 ==> 3, 12, 16, 21
9, 10 ==> 3, 12, 16, 20
2, 9, 10 ==> 12, 13, 15, 16
9, 10 ==> 3, 11, 12, 15, 21
2, 9, 10 ==> 12, 13, 15, 21
9, 10 ==> 3, 11, 12, 15, 20
2, 9, 10 ==> 12, 13, 15, 20
2 ==> 11, 12, 14, 15, 16
10 ==> 3, 14, 20, 21
2, 9 ==> 11, 13, 14, 15, 16, 21
2 ==> 3, 12, 13, 21
2 ==> 3, 12, 13, 20
2, 9 ==> 12, 16, 21
2, 9 ==> 11, 13, 14, 15, 16, 20
2, 9 ==> 12, 16, 20
2 ==> 3, 11, 13, 14, 16, 20
2 ==> 3, 11, 13, 14, 16, 21
2 ==> 3, 12, 13, 14
2, 10 ==> 13, 16, 20, 21
2 ==> 3, 12, 13, 16
2, 9, 10 ==> 3, 13, 20, 21
2 ==> 3, 12, 13, 15
2, 9, 10 ==> 11, 12, 14, 16, 20, 21
2, 10 ==> 3, 12, 13, 21
2, 10 ==> 3, 12, 13, 20
9 ==> 11, 12, 13, 21
9 ==> 11, 12, 13, 20
2, 9 ==> 3, 12, 13, 14, 21
2, 10 ==> 11, 12, 13, 14, 15, 16, 20
2, 9 ==> 3, 12, 13, 14, 20
2, 10 ==> 11, 12, 13, 14, 15, 16, 21
9, 10 ==> 3, 11, 12, 15, 16
2, 10 ==> 11, 12, 13, 14, 16, 21
2, 10 ==> 3, 12, 13, 15
2, 10 ==> 3, 12, 13, 14
2, 10 ==> 11, 12, 13, 14, 16, 20
9 ==> 3, 11, 12, 14, 15, 16
2, 10 ==> 3, 12, 13, 16
2, 10 ==> 11, 13, 14, 15, 16, 20
2, 9 ==> 3, 12, 14, 16
2, 10 ==> 11, 13, 14, 15, 16, 21
2, 9 ==> 3, 12, 14, 15
2 ==> 11, 12, 13, 15, 16, 20, 21
2, 10 ==> 11, 12, 15, 16, 20, 21
2, 9, 10 ==> 12, 14, 20, 21
2, 10 ==> 3, 14, 15, 16
9 ==> 16, 21
9 ==> 16, 20
2, 9, 10 ==> 3, 11, 12, 14, 16, 21
2, 9, 10 ==> 3, 11, 12, 14, 16, 20
2 ==> 3, 16, 20, 21
2, 9 ==> 12, 13, 14, 15, 20
2, 10, 167 ==> 14, 15
2, 10 ==> 3, 14, 15, 20
9 ==> 12, 14, 15, 16, 20
9 ==> 12, 14, 15, 16, 21
9, 10 ==> 3, 11, 12, 16, 20, 21
2, 10 ==> 3, 14, 15, 21
2, 9 ==> 12, 13, 14, 15, 21
9 ==> 11, 12, 13, 14, 15, 20, 21
107, 167 ==> 119
2, 9 ==> 12, 13, 14, 15, 16
2 ==> 11, 13, 16, 20, 21
9, 10 ==> 11, 12, 13, 14, 20, 21
2 ==> 11, 15, 16, 20, 21
10 ==> 13, 15, 20, 21
9 ==> 11, 12, 21
9 ==> 11, 12, 20
9, 10 ==> 3, 11, 12, 13, 20, 21
2, 9 ==> 3, 11, 13, 15, 20
2, 9 ==> 3, 11, 13, 15, 21
2 ==> 11, 12, 14, 15, 21
2 ==> 11, 12, 14, 15, 20
10 ==> 3, 12, 15, 16, 20, 21
9 ==> 11, 12, 16
9 ==> 11, 12, 15
9 ==> 11, 12, 14
9 ==> 11, 12, 13
2, 9, 10 ==> 12, 15, 16, 20
2, 9, 10 ==> 12, 15, 16, 21
2, 9, 10 ==> 3, 11, 12, 13, 14, 15, 20
2, 9 ==> 3, 11, 13, 15, 16
2 ==> 13, 15, 16, 21
2 ==> 13, 15, 16, 20
9, 10 ==> 3, 11, 14, 16, 21
2, 10 ==> 13, 15, 21
2, 10 ==> 13, 15, 20
2, 9 ==> 3, 21
2, 9, 10 ==> 3, 11, 12, 13, 14, 15, 21
2, 9 ==> 3, 20
9, 10 ==> 3, 11, 14, 16, 20
10 ==> 12, 13, 15, 16
2 ==> 3, 11, 13, 14, 21
2, 10 ==> 3, 15, 20, 21
2 ==> 3, 11, 13, 14, 20
9, 10 ==> 12, 16, 20
9, 10 ==> 12, 16, 21
10 ==> 14, 21
10 ==> 14, 20
2, 10 ==> 11, 13, 16, 20, 21
9 ==> 3, 11, 12, 13, 14, 16, 20
2, 10 ==> 12, 14, 15, 21
9 ==> 14, 16, 20, 21
9, 10 ==> 11, 12, 16, 20
9 ==> 3, 11, 12, 13, 14, 16, 21
9, 10 ==> 11, 12, 16, 21
2 ==> 3, 11, 14, 20, 21
2 ==> 3, 13, 20, 21
2, 10 ==> 13, 15, 16
9 ==> 12, 13, 15, 16
10 ==> 14, 16
10 ==> 14, 15
2 ==> 3, 11, 13, 14, 16
2 ==> 3, 11, 13, 14, 15
10 ==> 12, 13, 15, 21
10 ==> 12, 13, 15, 20
2, 9 ==> 3, 14, 15, 16
2, 9, 10 ==> 11, 12, 21
2, 10 ==> 11
2, 9, 10 ==> 11, 12, 20
2, 10 ==> 12
9 ==> 15, 20, 21
2, 10 ==> 13
9 ==> 11, 12, 13, 16, 20
2, 9 ==> 3, 14
2, 9, 10 ==> 11, 12, 13
2, 9 ==> 3, 13
2, 9 ==> 3, 12
2, 9 ==> 3, 11
2, 10 ==> 20
2, 10 ==> 21
2, 9 ==> 3, 16
2, 9 ==> 3, 15
2, 9 ==> 11, 12, 13, 14, 16, 20, 21
9 ==> 11, 12, 13, 16, 21
167 ==> 11, 12, 119
2, 9, 10 ==> 11, 12, 16
9, 10 ==> 12, 13, 21
2, 9, 10 ==> 11, 12, 14
2, 9, 10 ==> 11, 12, 15
2, 10 ==> 14
2, 10 ==> 15
2, 10 ==> 16
9, 10 ==> 12, 13, 16
9, 10 ==> 12, 13, 14
9 ==> 11, 12, 13, 14
10 ==> 3, 12, 13, 20, 21
9, 10 ==> 12, 13, 15
9 ==> 11, 12, 13, 16
2, 9 ==> 11, 13, 15, 20, 21
9 ==> 11, 12, 13, 15
9, 10 ==> 12, 13, 20
2, 9 ==> 3, 11, 14, 15, 20, 21
2, 9 ==> 12, 15, 16, 21
2, 9 ==> 12, 15, 16, 20
9 ==> 13, 15, 20, 21
2, 9 ==> 3, 14, 15, 21
2, 9 ==> 3, 14, 15, 20
2, 9 ==> 11, 12, 13, 15, 20
2, 9, 10 ==> 3, 12, 13, 14, 15, 16, 20
2, 9, 10 ==> 3, 12, 13, 14, 15, 16, 21
2, 9 ==> 11, 12, 13, 15, 21
9 ==> 11, 12, 14, 15, 16, 20, 21
10 ==> 11, 12, 16, 20
2, 10 ==> 3, 12, 13, 16, 20, 21
2, 10 ==> 12, 15, 20, 21
10 ==> 11, 12, 16, 21
2 ==> 11, 14, 15, 16, 20, 21
2, 9 ==> 11, 15, 20, 21
2, 10, 167 ==> 14
2, 10, 167 ==> 15
10 ==> 3, 11, 12, 14, 15, 21
2, 10, 167 ==> 12
2, 10 ==> 12, 14, 15, 16
10 ==> 3, 11, 12, 14, 15, 20
9 ==> 12, 13, 15, 21
9 ==> 12, 13, 15, 20
2, 10, 167 ==> 11
2, 9, 10 ==> 3, 11, 16, 20, 21
10 ==> 3, 13, 14, 20, 21
10 ==> 3, 11, 12, 13, 16, 20, 21
2, 10 ==> 12, 14, 15, 20
9 ==> 3, 11, 15, 21
2, 9, 10 ==> 15, 20, 21
9 ==> 3, 11, 15, 20
2, 9 ==> 11, 12, 13, 14, 16, 20
10 ==> 3, 11, 12, 14, 15, 16
2, 9 ==> 11, 12, 13, 14, 16, 21
2, 9 ==> 3, 11, 13, 14, 20, 21
2, 9 ==> 11, 12, 13, 15, 16
2 ==> 3, 11, 14, 15, 16, 20
2 ==> 3, 11, 14, 15, 16, 21
2, 10 ==> 3, 12, 13, 20, 21
2 ==> 14, 20, 21
2, 107, 167 ==> 119
2 ==> 3, 13, 15, 16, 20
2 ==> 3, 13, 15, 16, 21
9 ==> 3, 11, 15, 16
2, 10 ==> 12, 15, 16, 20, 21
2, 9 ==> 13, 15
9 ==> 3, 12, 20, 21
167 ==> 11, 12, 14
2, 9 ==> 13, 14
9, 10 ==> 3, 12, 15, 16, 21
167 ==> 11, 12, 15
9, 10 ==> 3, 12, 15, 16, 20
2, 9 ==> 13, 16
9, 10 ==> 11, 12, 13, 14, 16, 20, 21
2 ==> 3, 12, 15, 20, 21
9 ==> 13, 14, 15, 16
9 ==> 11, 12, 16, 21
2, 9, 10 ==> 11, 12, 16, 20, 21
9 ==> 11, 12, 16, 20
2, 9, 10 ==> 11, 15, 16, 20, 21
2 ==> 3, 13, 14, 16
2 ==> 3, 13, 14, 15
2 ==> 13, 14, 20
2, 9 ==> 3, 11, 13, 14, 15, 20
2, 10 ==> 3, 12
2, 10 ==> 3, 11
9, 10 ==> 11, 12, 13, 14, 15, 16
2, 10 ==> 3, 14
2, 9, 10 ==> 3, 11, 13, 15
2, 9, 10 ==> 3, 11, 13, 14
2, 10 ==> 3, 13
2, 10 ==> 3, 16
168 ==> 12, 119
2 ==> 13, 14, 21
2, 10 ==> 3, 15
2, 9, 10 ==> 3, 11, 13, 16
2 ==> 13, 14, 16
2 ==> 13, 14, 15
10 ==> 3, 16, 21
2, 9 ==> 3, 11, 12, 20, 21
10 ==> 3, 16, 20
2, 9 ==> 3, 11, 13, 14, 15, 21
2, 9 ==> 13, 21
2 ==> 12, 20
2 ==> 12, 21
2, 9 ==> 13, 20
2 ==> 11, 12, 13, 14, 20
2 ==> 11, 12, 13, 14, 21
2 ==> 3, 13, 14, 21
10 ==> 3, 12, 13, 21
2 ==> 3, 12, 13
2 ==> 3, 13, 14, 20
2 ==> 3, 12, 14
10 ==> 3, 12, 13, 20
2, 10 ==> 3, 11, 14, 15, 20, 21
2, 9 ==> 3, 11, 13, 14, 15, 16
2 ==> 3, 12, 15
2 ==> 3, 12, 16
2, 9, 10 ==> 13, 16, 20, 21
2 ==> 3, 11, 12, 13, 14, 15
2 ==> 3, 11, 12, 13, 14, 16
2, 9, 10 ==> 3, 11, 12, 14, 16, 20, 21
2, 9 ==> 3, 15, 20, 21
9, 10 ==> 3, 11, 13, 16, 21
9, 10 ==> 3, 11, 13, 16, 20
2 ==> 3, 11, 12, 13, 14, 21
9 ==> 3, 11, 12, 13, 16
9 ==> 3, 11, 12, 13, 14
9 ==> 11, 13, 14, 20, 21
9 ==> 11, 12, 13, 14, 16, 20, 21
9 ==> 3, 11, 12, 13, 15
2 ==> 3, 11, 12, 13, 14, 20
10 ==> 3, 12, 13, 14
2, 9 ==> 12, 14, 16, 20
9 ==> 3, 11, 12, 13, 20
10 ==> 3, 12, 13, 15
2, 9 ==> 12, 14, 16, 21
2, 9, 10 ==> 11, 13, 14, 16, 20
2, 9, 10 ==> 11, 13, 14, 16, 21
9 ==> 3, 11, 12, 13, 21
10 ==> 3, 12, 13, 16
9, 10 ==> 3, 12, 14, 16, 20, 21
2 ==> 3, 11, 12, 13, 14, 15, 16
9 ==> 13, 14, 20, 21
9, 10 ==> 11, 12, 13, 14, 15, 20
2, 10 ==> 3, 11, 13, 14, 15, 16, 20, 21
2, 9, 10 ==> 3, 11, 13, 21
9, 10 ==> 11, 12, 13, 14, 15, 21
2, 9, 10 ==> 3, 11, 13, 20
2, 10 ==> 3, 21
2, 10 ==> 3, 20
9, 10 ==> 3, 11, 12, 15, 20, 21
2 ==> 12, 15
2 ==> 12, 14
107, 168 ==> 11, 12
2 ==> 3, 11, 12, 13, 14, 15, 21
2 ==> 12, 16
2 ==> 3, 11, 12, 13, 14, 15, 20
10 ==> 12, 13, 14, 15, 16, 20, 21
2, 9, 10 ==> 3, 13, 14, 16, 20, 21
2 ==> 12, 13
2, 10 ==> 12, 14, 20, 21
2, 9 ==> 11, 16, 20, 21
2, 9 ==> 12, 14, 16, 20, 21
2 ==> 3, 11, 12, 20, 21
9, 10 ==> 3, 12, 13, 14, 15, 21
9 ==> 16, 20, 21
2, 9 ==> 12, 13, 21
9, 10 ==> 3, 12, 13, 14, 15, 20
2, 9 ==> 12, 13, 20
2, 9 ==> 11, 12, 13, 15, 16, 21
2, 9 ==> 11, 12, 13, 15, 16, 20
2 ==> 3, 11, 12, 14, 16, 20, 21
9 ==> 11, 16, 21
9 ==> 11, 16, 20
9, 10 ==> 12, 13, 16, 20
9, 10 ==> 12, 13, 16, 21
2 ==> 11, 12, 13, 16, 20, 21
2, 107, 168 ==> 11
2 ==> 12, 13, 14, 15, 20
2 ==> 12, 13, 14, 15, 21
2, 107, 168 ==> 12
9 ==> 3, 11, 20, 21
9, 10 ==> 3, 12, 13, 14, 15, 16
2, 9 ==> 3, 12, 15, 20, 21
2, 9, 10 ==> 11, 14, 16, 20
2, 9, 10 ==> 11, 14, 16, 21
2 ==> 3, 12, 20
2 ==> 3, 12, 21
2, 9, 10 ==> 11, 12, 13, 14, 20, 21
9, 10 ==> 3, 11, 16, 20
9, 10 ==> 3, 11, 16, 21
2, 9, 10 ==> 3, 11, 12, 13, 20
2, 9, 10 ==> 3, 11, 12, 13, 21
10 ==> 3, 15, 20, 21
107 ==> 14, 119
2 ==> 3, 12, 13, 14, 15, 16, 20
2 ==> 3, 12, 13, 14, 15, 16, 21
2, 107 ==> 12
2, 107 ==> 11
2, 107 ==> 14
9, 10 ==> 11, 13, 14, 15, 16, 20
9, 10 ==> 11, 13, 14, 15, 16, 21
2, 107 ==> 15
9 ==> 12, 21
9 ==> 12, 20
2, 9, 10 ==> 3, 11, 12, 13, 14, 15, 16
2 ==> 3, 11, 13, 14, 15, 16, 20
2, 9, 10 ==> 3, 11, 12, 13, 15
2, 9, 10 ==> 3, 11, 12, 13, 16
2, 9, 10 ==> 3, 11, 12, 13, 14
9, 10 ==> 12, 13, 14, 15, 16, 21
9 ==> 12, 14
9 ==> 12, 13
9 ==> 12, 16
9 ==> 12, 15
9, 10 ==> 12, 13, 14, 15, 16, 20
2, 9, 10 ==> 3, 14, 20, 21
2 ==> 3, 11, 13, 14, 15, 16, 21
2, 10 ==> 14, 15, 16, 21
9, 10 ==> 3, 11, 12, 13, 14, 21
9, 10 ==> 3, 11, 12, 13, 14, 20
2, 10 ==> 14, 15, 16, 20
2, 9 ==> 3, 11, 13, 15, 16, 20, 21
10 ==> 11, 15, 16
9 ==> 3, 14, 15, 20, 21
9, 10 ==> 11, 14, 16, 20, 21
9, 10 ==> 14, 15, 16, 20, 21
9, 10 ==> 3, 11, 12, 13, 14, 15
2, 10 ==> 3, 11, 14, 16, 20
2, 9 ==> 13, 14, 15, 16, 21
2, 10 ==> 3, 11, 14, 16, 21
2 ==> 13, 14, 15, 16, 21
9 ==> 3, 16, 21
107, 167 ==> 15, 119
2 ==> 13, 14, 15, 16, 20
2, 9 ==> 13, 14, 15, 16, 20
9 ==> 3, 16, 20
9, 10 ==> 3, 11, 12, 13, 14, 16
2, 9, 10 ==> 11, 13, 14, 15, 16, 20, 21
9 ==> 3, 11, 12, 15, 16, 20, 21
2, 9 ==> 3, 11, 12, 14, 21
2, 9 ==> 3, 11, 12, 14, 20
2, 9, 10 ==> 3, 13, 15, 16, 20
10 ==> 12, 13, 16, 20, 21
2, 9, 10 ==> 3, 13, 15, 16, 21
2 ==> 12, 13, 14, 15, 16
2, 10 ==> 12, 13, 14, 16, 20
2, 10 ==> 12, 13, 14, 16, 21
2, 9, 10 ==> 3, 11, 14, 20, 21
2 ==> 12, 13, 14, 16, 20, 21
10 ==> 3, 13, 16, 20, 21
2 ==> 16, 20, 21
10 ==> 11, 15, 20
10 ==> 11, 15, 21
9, 10 ==> 11, 12, 14, 16, 20, 21
9 ==> 3, 11, 14, 15, 16, 21
10 ==> 11, 14, 15, 20, 21
9 ==> 3, 11, 14, 15, 16, 20
9, 10 ==> 3, 16, 20, 21
2, 9 ==> 14, 16, 20, 21
2, 10 ==> 3, 11, 12, 13, 16, 20
2, 9 ==> 3, 11, 12, 14, 16, 21
2, 10 ==> 3, 11, 12, 13, 16, 21
10 ==> 3, 12, 14, 15, 20
10 ==> 3, 12, 14, 15, 21
2, 9, 10 ==> 3, 11, 13, 14, 15, 16, 20
9 ==> 3, 11, 12, 13, 14, 15, 16, 20
10 ==> 15, 16, 20
10 ==> 15, 16, 21
9 ==> 3, 11, 12, 13, 14, 15, 16, 21
10 ==> 3, 12, 13, 14, 16, 20, 21
2, 9, 10 ==> 3, 11, 13, 14, 15, 16, 21
2, 9 ==> 3, 12, 14, 15, 16, 21
2, 9 ==> 3, 12, 14, 21
2, 9 ==> 3, 12, 14, 15, 16, 20
2, 9 ==> 3, 12, 14, 20
2, 10 ==> 3, 11, 12, 15, 16, 20, 21
2, 10 ==> 3, 11, 13, 20
9 ==> 3, 11, 12, 14, 15, 20
9, 10 ==> 11, 12, 13, 21
9 ==> 3, 11, 12, 14, 15, 21
2, 10 ==> 3, 11, 13, 21
9, 10 ==> 11, 12, 13, 20
2, 9 ==> 3, 11, 12, 14, 16, 20
2, 9 ==> 3, 11, 12, 14, 16, 20, 21
2 ==> 3, 11, 12, 16, 20, 21
10 ==> 3, 12, 14, 15, 16
2, 10 ==> 3, 11, 13, 15
2, 10 ==> 3, 11, 13, 16
9, 10 ==> 3, 12, 13, 15, 16
2, 9, 10 ==> 11, 16, 21
2, 9, 10 ==> 11, 16, 20
10 ==> 3, 11, 13, 14, 20, 21
2, 10 ==> 3, 11, 13, 14
2, 9, 10 ==> 12, 13, 20, 21
2, 10 ==> 12, 14, 16
9 ==> 3, 12, 14, 15, 20, 21
2, 10 ==> 12, 14, 15
10 ==> 11, 12, 13, 14, 16, 20
10 ==> 11, 12, 13, 14, 16, 21
10 ==> 11, 20, 21
2, 9 ==> 13, 14, 15, 16
9 ==> 12, 15, 16, 20
9 ==> 12, 15, 16, 21
9 ==> 3, 11, 12, 14, 20, 21
2, 9 ==> 3, 11, 12, 14, 16
2 ==> 3, 15, 20, 21
2, 9 ==> 3, 11, 12, 14, 15
2 ==> 11, 12, 14, 15
2, 167 ==> 119
2 ==> 11, 12, 14, 16
2, 9, 10 ==> 3, 12, 13, 16, 20
9, 10 ==> 3, 12, 13, 15, 20
2, 9, 10 ==> 3, 12, 13, 16, 21
9, 10 ==> 3, 12, 13, 15, 21
2, 9 ==> 13, 14, 15, 21
2, 9 ==> 13, 14, 15, 20
2, 10 ==> 12, 14, 21
2, 10 ==> 12, 14, 20
2 ==> 11, 12, 14, 20
2 ==> 11, 12, 14, 21
9 ==> 11, 12, 15, 16, 21
9 ==> 11, 12, 15, 16, 20
9, 10 ==> 3, 13, 15, 20, 21
2, 10 ==> 11, 12, 15, 16, 21
2, 10 ==> 11, 12, 15, 16, 20
2, 10 ==> 11, 15, 16, 21
2, 10 ==> 11, 15, 16, 20
2, 9, 10 ==> 12, 13, 14, 20, 21
10 ==> 3, 13, 14, 15
10 ==> 3, 13, 14, 16
2, 10 ==> 3, 11, 12, 15, 20
2, 10 ==> 11, 14, 16
2, 10 ==> 11, 14, 15
2, 10 ==> 3, 11, 12, 15, 21
2, 10 ==> 12, 20, 21
10 ==> 3, 11, 12, 13, 15, 21
10 ==> 3, 11, 12, 13, 15, 20
2, 9, 10 ==> 3, 11, 13, 14, 15, 21
2, 9, 10 ==> 3, 11, 13, 14, 15, 20
2, 9, 10 ==> 11, 12, 14, 15, 16, 20, 21
2 ==> 15, 16, 20, 21
2, 167, 168 ==> 119
10 ==> 3, 11, 12, 13, 15, 16
10 ==> 3, 13, 15, 20, 21
2 ==> 12, 16, 20, 21
9, 10 ==> 11, 16, 20, 21
2, 10 ==> 11, 14, 21
2, 10 ==> 11, 14, 20
10 ==> 12, 15, 20
10 ==> 12, 15, 21
2, 9, 10 ==> 3, 12, 14, 16
2, 9, 10 ==> 3, 12, 14, 15
10 ==> 3, 11, 13, 16, 21
2, 10 ==> 3, 11, 14, 15, 16, 20, 21
10 ==> 3, 11, 13, 16, 20
9, 10 ==> 11, 13, 14, 15, 16
9, 10 ==> 11, 14, 15, 20, 21
2 ==> 11, 13, 20, 21
9, 10 ==> 3, 13, 15
10 ==> 12, 15, 16
9, 10 ==> 3, 13, 14
2, 10 ==> 11, 14, 16, 20
2, 9, 10 ==> 3, 11, 12, 14, 15, 16, 20, 21
2 ==> 3, 11, 13, 20, 21
9 ==> 3, 11
9, 10 ==> 3, 13, 16
9 ==> 3, 12
2, 9, 10 ==> 3, 12, 14, 21
2, 9, 10 ==> 3, 12, 14, 20
2, 167, 168 ==> 11, 12
2 ==> 13, 14, 16, 21
2 ==> 13, 14, 16, 20
2, 10 ==> 3, 14, 15, 16, 20
2, 10 ==> 3, 14, 15, 16, 21
2, 10 ==> 3, 11, 15, 16, 20
9, 10 ==> 3, 13, 21
10 ==> 3, 13, 14, 21
9, 10 ==> 11, 12, 21
9, 10 ==> 3, 13, 20
9, 10 ==> 11, 12, 20
2, 10 ==> 3, 11, 15, 16, 21
9 ==> 3, 20
9 ==> 3, 21
9 ==> 3, 13
9 ==> 3, 14
9 ==> 3, 15
9 ==> 3, 16
2 ==> 11, 13, 14, 16, 20, 21
9, 10 ==> 11, 12, 15
107, 167, 168 ==> 11, 12
9, 10 ==> 11, 12, 14
9, 10 ==> 11, 13, 14, 15, 21
9, 10 ==> 11, 12, 13
10 ==> 3, 13, 14, 20
10 ==> 11, 13, 15, 16, 20
9, 10 ==> 11, 13, 14, 15, 20
10 ==> 11, 13, 15, 16, 21
9, 10 ==> 11, 12, 16
10 ==> 11, 13, 16, 20
10 ==> 11, 13, 16, 21
10 ==> 3, 12, 13, 14, 16, 21
9 ==> 3, 11, 14, 15, 16, 20, 21
2, 9, 10 ==> 3, 12, 14, 15, 16, 21
2, 9, 10 ==> 3, 12, 14, 15, 16, 20
10 ==> 3, 12, 13, 14, 16, 20
9 ==> 3, 12, 14, 15, 16, 20, 21
2, 9, 10 ==> 16, 20, 21
2 ==> 12, 13, 14, 15, 16, 20, 21
9 ==> 3, 11, 12, 13, 20, 21
2 ==> 3, 12, 13, 14, 20, 21
9 ==> 12, 14, 16, 21
9 ==> 12, 14, 16, 20
9 ==> 3, 12, 13, 16, 20
9, 10 ==> 3, 11, 12, 13, 14, 15, 16, 20, 21
9 ==> 3, 12, 13, 16, 21
2, 9, 10 ==> 3, 11, 15, 20, 21
2 ==> 15, 20, 21
2, 9, 10 ==> 12, 13, 15, 20, 21
2 ==> 3, 11, 12, 13, 14, 15, 20, 21
107, 168 ==> 11
10 ==> 3, 11, 12, 13, 14, 16, 20, 21
107, 168 ==> 12
9 ==> 11, 12, 14, 16, 20
9 ==> 11, 12, 14, 16, 21
9, 10 ==> 11, 12, 13, 16, 20
9, 10 ==> 11, 12, 13, 16, 21
2 ==> 3, 13, 14, 16, 20
2 ==> 3, 13, 14, 16, 21
2, 10 ==> 11, 14, 16, 21
2 ==> 3, 12, 16, 20, 21
2 ==> 12, 14, 16, 20, 21
2 ==> 3, 11, 15, 16, 20, 21
9, 10 ==> 3, 13, 16, 20, 21
10 ==> 14, 16, 21
9, 10 ==> 14, 15
2 ==> 3, 11, 12, 14, 16
10 ==> 3, 12, 20
9, 10 ==> 14, 16
10 ==> 14, 16, 20
2 ==> 3, 11, 12, 14, 15
2, 9 ==> 11, 12, 14, 15, 20, 21
10 ==> 3, 12, 21
10 ==> 3, 12, 13, 15, 16
2, 9 ==> 3, 13, 14, 20
2, 9 ==> 3, 13, 14, 21
2 ==> 3, 11, 12, 15, 20, 21
10 ==> 3, 12, 16
2 ==> 3, 11, 12, 14, 20
10 ==> 3, 12, 14
2 ==> 3, 11, 12, 14, 21
10 ==> 3, 12, 15
10 ==> 3, 12, 13
2 ==> 3, 16, 20
2 ==> 3, 16, 21
10 ==> 3, 11, 12, 15, 16, 20
10 ==> 3, 11, 12, 15, 16, 21
10 ==> 3, 11, 13, 15, 20, 21
9, 10 ==> 14, 20
9, 10 ==> 14, 21
2, 10 ==> 3, 11, 12, 15, 16
10 ==> 3, 12, 13, 15, 21
10 ==> 3, 12, 13, 15, 20
2, 9, 10 ==> 3, 13
2, 9, 10 ==> 3, 12
2, 9, 10 ==> 3, 15
2, 9, 10 ==> 3, 14
2, 9, 10 ==> 3, 11
2, 9 ==> 3, 16, 20
2, 9 ==> 3, 12, 16, 20, 21
2, 10 ==> 11, 12, 13, 15, 16, 20, 21
9 ==> 3, 12, 21
9 ==> 3, 12, 20
2, 9 ==> 3, 16, 21
9 ==> 3, 11, 15, 20, 21
9 ==> 11, 12, 13, 14, 20, 21
10 ==> 13, 16, 20, 21
2, 9, 10 ==> 3, 16
2, 10 ==> 11, 12, 13, 15, 16
2, 10 ==> 3, 12, 14, 20, 21
2, 9, 10 ==> 3, 20
2, 9, 10 ==> 3, 11, 14, 16, 20, 21
2, 9, 10 ==> 3, 21
10 ==> 3, 11, 13, 15
10 ==> 3, 11, 13, 16
10 ==> 3, 11, 13, 14
9 ==> 3, 15, 16, 20
2, 9 ==> 3, 13, 14, 16
9, 10 ==> 11, 12, 13, 14, 15, 20, 21
2, 9 ==> 3, 13, 14, 15
9 ==> 3, 15, 16, 21
2, 10 ==> 3, 12, 13, 14, 16
2, 10 ==> 3, 12, 13, 14, 15
2, 9 ==> 3, 14, 20, 21
2, 9 ==> 11, 12, 13, 20, 21
2, 9, 10 ==> 12, 14, 15, 16
2, 9 ==> 11, 13, 16, 20, 21
2, 9, 10 ==> 12, 14, 15, 21
2, 9, 10 ==> 12, 14, 15, 20
2, 9, 10 ==> 3, 11, 12, 13, 16, 20
2, 9, 10 ==> 14, 15
9 ==> 3, 12, 15, 16
2, 9, 10 ==> 3, 11, 12, 13, 16, 21
10 ==> 3, 11, 13, 20
10 ==> 3, 11, 13, 21
2, 9, 10 ==> 14, 16
2, 10 ==> 11, 12, 15, 21
2, 10 ==> 11, 12, 15, 20
2, 9, 10 ==> 3, 12, 20
2, 9, 10 ==> 3, 12, 21
9 ==> 3, 12, 15, 21
9 ==> 3, 12, 15, 20
2, 9 ==> 3, 11, 14, 16, 20, 21
2, 9 ==> 3, 14, 15, 16, 20, 21
9 ==> 3, 12, 14
9 ==> 3, 12, 15
9 ==> 3, 12, 13
2, 9, 10 ==> 3, 12, 13
9 ==> 3, 12, 16
2, 9, 10 ==> 3, 12, 14
10 ==> 11, 12, 13, 15, 16, 20, 21
2, 9, 10 ==> 3, 12, 15
2, 10 ==> 11, 12, 15, 16
2, 9, 10 ==> 3, 12, 16
2, 9 ==> 3, 15, 16, 20, 21
9, 10 ==> 12
9, 10 ==> 11
9, 10 ==> 16
2, 9, 10 ==> 11, 13, 16, 21
2, 10 ==> 3, 13, 14, 21
9, 10 ==> 15
10 ==> 3, 11, 13, 14, 16, 20, 21
2, 10 ==> 3, 13, 14, 20
9, 10 ==> 14
9, 10 ==> 13
2, 9, 10 ==> 11, 13, 16, 20
2, 9, 10 ==> 3, 14, 15, 20, 21
10, 167 ==> 11, 12
9 ==> 3, 13, 14, 15, 16, 21
9 ==> 3, 13, 14, 15, 16, 20
2, 10 ==> 3, 13, 14, 16
2, 10 ==> 3, 13, 14, 15
2, 9, 10 ==> 14, 21
2, 9, 10 ==> 14, 20
9, 10 ==> 3, 11, 12, 13, 14, 20, 21
2 ==> 11, 14, 15, 16
2 ==> 11, 14, 15, 16, 21
2 ==> 11, 14, 15, 16, 20
2 ==> 11, 12, 13, 14, 15
2 ==> 11, 12, 13, 14, 16
2, 10 ==> 11, 12, 13, 15, 21
2, 10 ==> 11, 12, 13, 15, 20
2, 10 ==> 14, 15, 20
2, 10 ==> 3, 12, 13, 14, 21
2, 10 ==> 3, 12, 13, 14, 20
2, 10 ==> 14, 15, 21
2, 10 ==> 3, 14, 20, 21
10 ==> 12, 14, 15, 16
9, 10 ==> 11, 16, 20
2 ==> 16, 20
9, 10 ==> 11, 16, 21
2 ==> 16, 21
9, 10 ==> 12, 14, 16, 20
9, 10 ==> 12, 14, 16, 21
2, 9, 10 ==> 3, 11, 13, 14, 15, 16
2, 9 ==> 11, 16, 21
2, 10 ==> 11, 13, 15, 20, 21
2, 9 ==> 11, 16, 20
9, 10 ==> 12, 14, 15, 16, 21
9, 10 ==> 21
9, 10 ==> 12, 14, 15, 16, 20
9, 10 ==> 20
2 ==> 11, 14, 15, 20
2, 10 ==> 3, 13, 14, 16, 20, 21
9 ==> 12, 15, 16, 20, 21
2 ==> 11, 14, 15, 21
2, 9 ==> 3, 11, 13, 14, 15, 16, 20, 21
2, 10 ==> 14, 15, 16
10 ==> 12, 14, 15, 21
10 ==> 12, 14, 15, 20
2, 9, 10 ==> 3, 11, 12, 14, 15, 20, 21
2, 9 ==> 12, 14, 15, 20, 21
