2,214 ==> 11 #SUP: 2 #CONF: 0.6666666666666666
2,167 ==> 11 #SUP: 5 #CONF: 0.8333333333333334
2,167,214 ==> 11 #SUP: 2 #CONF: 0.6666666666666666
2,167,168 ==> 11 #SUP: 4 #CONF: 0.8
2,167,168,214 ==> 11 #SUP: 2 #CONF: 0.6666666666666666
2,168 ==> 11 #SUP: 4 #CONF: 0.8
2,168,214 ==> 11 #SUP: 2 #CONF: 0.6666666666666666
2,9 ==> 11 #SUP: 2 #CONF: 1.0
2,9,10 ==> 11 #SUP: 2 #CONF: 1.0
2,10,214 ==> 11 #SUP: 2 #CONF: 0.6666666666666666
2,10,167 ==> 11 #SUP: 3 #CONF: 0.75
2,10,167,214 ==> 11 #SUP: 2 #CONF: 0.6666666666666666
2,10,167,168 ==> 11 #SUP: 2 #CONF: 0.6666666666666666
2,10,167,168,214 ==> 11 #SUP: 2 #CONF: 0.6666666666666666
2,10,168 ==> 11 #SUP: 2 #CONF: 0.6666666666666666
2,10,168,214 ==> 11 #SUP: 2 #CONF: 0.6666666666666666
2,10,107 ==> 11 #SUP: 2 #CONF: 0.3333333333333333
2,10,107,214 ==> 11 #SUP: 2 #CONF: 0.6666666666666666
2,10,107,167 ==> 11 #SUP: 2 #CONF: 0.6666666666666666
2,10,107,167,214 ==> 11 #SUP: 2 #CONF: 0.6666666666666666
2,10,107,167,168 ==> 11 #SUP: 2 #CONF: 0.6666666666666666
2,10,107,167,168,214 ==> 11 #SUP: 2 #CONF: 0.6666666666666666
2,10,107,168 ==> 11 #SUP: 2 #CONF: 0.6666666666666666
2,10,107,168,214 ==> 11 #SUP: 2 #CONF: 0.6666666666666666
2,107 ==> 11 #SUP: 4 #CONF: 0.5
2,107,214 ==> 11 #SUP: 2 #CONF: 0.6666666666666666
2,107,167 ==> 11 #SUP: 4 #CONF: 0.8
2,107,167,214 ==> 11 #SUP: 2 #CONF: 0.6666666666666666
2,107,167,168 ==> 11 #SUP: 4 #CONF: 0.8
2,107,167,168,214 ==> 11 #SUP: 2 #CONF: 0.6666666666666666
2,107,168 ==> 11 #SUP: 4 #CONF: 0.8
2,107,168,214 ==> 11 #SUP: 2 #CONF: 0.6666666666666666
2,167 ==> 11,133,134 #SUP: 2 #CONF: 0.3333333333333333
2,10,167 ==> 11,133,134 #SUP: 2 #CONF: 0.5
2,167 ==> 11,133 #SUP: 2 #CONF: 0.3333333333333333
2,10,167 ==> 11,133 #SUP: 2 #CONF: 0.5
2,167 ==> 11,134 #SUP: 2 #CONF: 0.3333333333333333
2,10,167 ==> 11,134 #SUP: 2 #CONF: 0.5
2,167 ==> 11,12,133,134 #SUP: 2 #CONF: 0.3333333333333333
2,10,167 ==> 11,12,133,134 #SUP: 2 #CONF: 0.5
2,167 ==> 11,12,133 #SUP: 2 #CONF: 0.3333333333333333
2,10,167 ==> 11,12,133 #SUP: 2 #CONF: 0.5
2,167 ==> 11,12,134 #SUP: 2 #CONF: 0.3333333333333333
2,10,167 ==> 11,12,134 #SUP: 2 #CONF: 0.5
2,167 ==> 11,12,13,133,134 #SUP: 2 #CONF: 0.3333333333333333
2,10,167 ==> 11,12,13,133,134 #SUP: 2 #CONF: 0.5
2,167 ==> 11,12,13,133 #SUP: 2 #CONF: 0.3333333333333333
2,10,167 ==> 11,12,13,133 #SUP: 2 #CONF: 0.5
2,167 ==> 11,12,13,134 #SUP: 2 #CONF: 0.3333333333333333
2,10,167 ==> 11,12,13,134 #SUP: 2 #CONF: 0.5
2,167 ==> 11,12,13,27,133,134 #SUP: 2 #CONF: 0.3333333333333333
2,10,167 ==> 11,12,13,27,133,134 #SUP: 2 #CONF: 0.5
2,167 ==> 11,12,13,27,133 #SUP: 2 #CONF: 0.3333333333333333
2,10,167 ==> 11,12,13,27,133 #SUP: 2 #CONF: 0.5
2,167 ==> 11,12,13,27,134 #SUP: 2 #CONF: 0.3333333333333333
2,10,167 ==> 11,12,13,27,134 #SUP: 2 #CONF: 0.5
2,167 ==> 11,12,13,27,28,133,134 #SUP: 2 #CONF: 0.3333333333333333
2,10,167 ==> 11,12,13,27,28,133,134 #SUP: 2 #CONF: 0.5
2,167 ==> 11,12,13,27,28,133 #SUP: 2 #CONF: 0.3333333333333333
2,10,167 ==> 11,12,13,27,28,133 #SUP: 2 #CONF: 0.5
2,167 ==> 11,12,13,27,28,134 #SUP: 2 #CONF: 0.3333333333333333
2,10,167 ==> 11,12,13,27,28,134 #SUP: 2 #CONF: 0.5
2,167 ==> 11,12,13,27,28 #SUP: 2 #CONF: 0.3333333333333333
2,10,167 ==> 11,12,13,27,28 #SUP: 2 #CONF: 0.5
2,167 ==> 11,12,13,27 #SUP: 2 #CONF: 0.3333333333333333
2,10,167 ==> 11,12,13,27 #SUP: 2 #CONF: 0.5
2,167 ==> 11,12,13,28,133,134 #SUP: 2 #CONF: 0.3333333333333333
2,10,167 ==> 11,12,13,28,133,134 #SUP: 2 #CONF: 0.5
2,167 ==> 11,12,13,28,133 #SUP: 2 #CONF: 0.3333333333333333
2,10,167 ==> 11,12,13,28,133 #SUP: 2 #CONF: 0.5
2,167 ==> 11,12,13,28,134 #SUP: 2 #CONF: 0.3333333333333333
2,10,167 ==> 11,12,13,28,134 #SUP: 2 #CONF: 0.5
2,167 ==> 11,12,13,28 #SUP: 2 #CONF: 0.3333333333333333
2,10,167 ==> 11,12,13,28 #SUP: 2 #CONF: 0.5
2,167 ==> 11,12,13 #SUP: 2 #CONF: 0.3333333333333333
2,10,167 ==> 11,12,13 #SUP: 2 #CONF: 0.5
2,167 ==> 11,12,14,15,169 #SUP: 2 #CONF: 0.3333333333333333
2,167,168 ==> 11,12,14,15,169 #SUP: 2 #CONF: 0.4
2,168 ==> 11,12,14,15,169 #SUP: 2 #CONF: 0.4
2,107,167 ==> 11,12,14,15,169 #SUP: 2 #CONF: 0.4
2,107,167,168 ==> 11,12,14,15,169 #SUP: 2 #CONF: 0.4
2,107,168 ==> 11,12,14,15,169 #SUP: 2 #CONF: 0.4
2,167 ==> 11,12,14,15,107,119,169 #SUP: 2 #CONF: 0.3333333333333333
2,167,168 ==> 11,12,14,15,107,119,169 #SUP: 2 #CONF: 0.4
2,168 ==> 11,12,14,15,107,119,169 #SUP: 2 #CONF: 0.4
2,167 ==> 11,12,14,15,107,119 #SUP: 2 #CONF: 0.3333333333333333
2,167,168 ==> 11,12,14,15,107,119 #SUP: 2 #CONF: 0.4
2,168 ==> 11,12,14,15,107,119 #SUP: 2 #CONF: 0.4
2,167 ==> 11,12,14,15,107,169 #SUP: 2 #CONF: 0.3333333333333333
2,167,168 ==> 11,12,14,15,107,169 #SUP: 2 #CONF: 0.4
2,168 ==> 11,12,14,15,107,169 #SUP: 2 #CONF: 0.4
2,167 ==> 11,12,14,15,107 #SUP: 2 #CONF: 0.3333333333333333
2,167,168 ==> 11,12,14,15,107 #SUP: 2 #CONF: 0.4
2,168 ==> 11,12,14,15,107 #SUP: 2 #CONF: 0.4
2,167 ==> 11,12,14,15,119,169 #SUP: 2 #CONF: 0.3333333333333333
2,167,168 ==> 11,12,14,15,119,169 #SUP: 2 #CONF: 0.4
2,168 ==> 11,12,14,15,119,169 #SUP: 2 #CONF: 0.4
2,107,167 ==> 11,12,14,15,119,169 #SUP: 2 #CONF: 0.4
2,107,167,168 ==> 11,12,14,15,119,169 #SUP: 2 #CONF: 0.4
2,107,168 ==> 11,12,14,15,119,169 #SUP: 2 #CONF: 0.4
2,167 ==> 11,12,14,15,119 #SUP: 2 #CONF: 0.3333333333333333
2,167,168 ==> 11,12,14,15,119 #SUP: 2 #CONF: 0.4
2,168 ==> 11,12,14,15,119 #SUP: 2 #CONF: 0.4
2,107,167 ==> 11,12,14,15,119 #SUP: 2 #CONF: 0.4
2,107,167,168 ==> 11,12,14,15,119 #SUP: 2 #CONF: 0.4
2,107,168 ==> 11,12,14,15,119 #SUP: 2 #CONF: 0.4
2,167 ==> 11,12,14,15 #SUP: 3 #CONF: 0.5
2,167,168 ==> 11,12,14,15 #SUP: 2 #CONF: 0.4
2,168 ==> 11,12,14,15 #SUP: 2 #CONF: 0.4
2,10,167 ==> 11,12,14,15 #SUP: 2 #CONF: 0.5
2,107,167 ==> 11,12,14,15 #SUP: 2 #CONF: 0.4
2,107,167,168 ==> 11,12,14,15 #SUP: 2 #CONF: 0.4
2,107,168 ==> 11,12,14,15 #SUP: 2 #CONF: 0.4
2,167 ==> 11,12,14 #SUP: 3 #CONF: 0.5
2,168 ==> 11,12,14 #SUP: 2 #CONF: 0.4
2,10,167 ==> 11,12,14 #SUP: 2 #CONF: 0.5
2,107,167 ==> 11,12,14 #SUP: 2 #CONF: 0.4
2,167 ==> 11,12,15 #SUP: 3 #CONF: 0.5
2,168 ==> 11,12,15 #SUP: 2 #CONF: 0.4
2,10,167 ==> 11,12,15 #SUP: 2 #CONF: 0.5
2,107,167 ==> 11,12,15 #SUP: 2 #CONF: 0.4
2,167 ==> 11,12,119 #SUP: 2 #CONF: 0.3333333333333333
2,167,168 ==> 11,12,119 #SUP: 2 #CONF: 0.4
2,168 ==> 11,12,119 #SUP: 2 #CONF: 0.4
2,107,167 ==> 11,12,119 #SUP: 2 #CONF: 0.4
2,107,167,168 ==> 11,12,119 #SUP: 2 #CONF: 0.4
2,107,168 ==> 11,12,119 #SUP: 2 #CONF: 0.4
2,167 ==> 11,12,27,133,134 #SUP: 2 #CONF: 0.3333333333333333
2,10,167 ==> 11,12,27,133,134 #SUP: 2 #CONF: 0.5
2,167 ==> 11,12,27,133 #SUP: 2 #CONF: 0.3333333333333333
2,10,167 ==> 11,12,27,133 #SUP: 2 #CONF: 0.5
2,167 ==> 11,12,27,134 #SUP: 2 #CONF: 0.3333333333333333
2,10,167 ==> 11,12,27,134 #SUP: 2 #CONF: 0.5
2,167 ==> 11,12,27,28,133,134 #SUP: 2 #CONF: 0.3333333333333333
2,10,167 ==> 11,12,27,28,133,134 #SUP: 2 #CONF: 0.5
2,167 ==> 11,12,27,28,133 #SUP: 2 #CONF: 0.3333333333333333
2,10,167 ==> 11,12,27,28,133 #SUP: 2 #CONF: 0.5
2,167 ==> 11,12,27,28,134 #SUP: 2 #CONF: 0.3333333333333333
2,10,167 ==> 11,12,27,28,134 #SUP: 2 #CONF: 0.5
2,167 ==> 11,12,27,28 #SUP: 2 #CONF: 0.3333333333333333
2,9 ==> 11,12,27,28 #SUP: 2 #CONF: 1.0
2,9,10 ==> 11,12,27,28 #SUP: 2 #CONF: 1.0
2,10,167 ==> 11,12,27,28 #SUP: 2 #CONF: 0.5
2,167 ==> 11,12,27 #SUP: 2 #CONF: 0.3333333333333333
2,9 ==> 11,12,27 #SUP: 2 #CONF: 1.0
2,9,10 ==> 11,12,27 #SUP: 2 #CONF: 1.0
2,10,167 ==> 11,12,27 #SUP: 2 #CONF: 0.5
2,167 ==> 11,12,28,133,134 #SUP: 2 #CONF: 0.3333333333333333
2,10,167 ==> 11,12,28,133,134 #SUP: 2 #CONF: 0.5
2,167 ==> 11,12,28,133 #SUP: 2 #CONF: 0.3333333333333333
2,10,167 ==> 11,12,28,133 #SUP: 2 #CONF: 0.5
2,167 ==> 11,12,28,134 #SUP: 2 #CONF: 0.3333333333333333
2,10,167 ==> 11,12,28,134 #SUP: 2 #CONF: 0.5
2,167 ==> 11,12,28 #SUP: 2 #CONF: 0.3333333333333333
2,9 ==> 11,12,28 #SUP: 2 #CONF: 1.0
2,9,10 ==> 11,12,28 #SUP: 2 #CONF: 1.0
2,10,167 ==> 11,12,28 #SUP: 2 #CONF: 0.5
2,214 ==> 11,12 #SUP: 2 #CONF: 0.6666666666666666
2,167 ==> 11,12 #SUP: 5 #CONF: 0.8333333333333334
2,167,214 ==> 11,12 #SUP: 2 #CONF: 0.6666666666666666
2,167,168 ==> 11,12 #SUP: 4 #CONF: 0.8
2,167,168,214 ==> 11,12 #SUP: 2 #CONF: 0.6666666666666666
2,168 ==> 11,12 #SUP: 4 #CONF: 0.8
2,168,214 ==> 11,12 #SUP: 2 #CONF: 0.6666666666666666
2,9 ==> 11,12 #SUP: 2 #CONF: 1.0
2,9,10 ==> 11,12 #SUP: 2 #CONF: 1.0
2,10,214 ==> 11,12 #SUP: 2 #CONF: 0.6666666666666666
2,10,167 ==> 11,12 #SUP: 3 #CONF: 0.75
2,10,167,214 ==> 11,12 #SUP: 2 #CONF: 0.6666666666666666
2,10,167,168 ==> 11,12 #SUP: 2 #CONF: 0.6666666666666666
2,10,167,168,214 ==> 11,12 #SUP: 2 #CONF: 0.6666666666666666
2,10,168 ==> 11,12 #SUP: 2 #CONF: 0.6666666666666666
2,10,168,214 ==> 11,12 #SUP: 2 #CONF: 0.6666666666666666
2,10,107 ==> 11,12 #SUP: 2 #CONF: 0.3333333333333333
2,10,107,214 ==> 11,12 #SUP: 2 #CONF: 0.6666666666666666
2,10,107,167 ==> 11,12 #SUP: 2 #CONF: 0.6666666666666666
2,10,107,167,214 ==> 11,12 #SUP: 2 #CONF: 0.6666666666666666
2,10,107,167,168 ==> 11,12 #SUP: 2 #CONF: 0.6666666666666666
2,10,107,167,168,214 ==> 11,12 #SUP: 2 #CONF: 0.6666666666666666
2,10,107,168 ==> 11,12 #SUP: 2 #CONF: 0.6666666666666666
2,10,107,168,214 ==> 11,12 #SUP: 2 #CONF: 0.6666666666666666
2,107 ==> 11,12 #SUP: 4 #CONF: 0.5
2,107,214 ==> 11,12 #SUP: 2 #CONF: 0.6666666666666666
2,107,167 ==> 11,12 #SUP: 4 #CONF: 0.8
2,107,167,214 ==> 11,12 #SUP: 2 #CONF: 0.6666666666666666
2,107,167,168 ==> 11,12 #SUP: 4 #CONF: 0.8
2,107,167,168,214 ==> 11,12 #SUP: 2 #CONF: 0.6666666666666666
2,107,168 ==> 11,12 #SUP: 4 #CONF: 0.8
2,107,168,214 ==> 11,12 #SUP: 2 #CONF: 0.6666666666666666
2,167 ==> 11,13,133,134 #SUP: 2 #CONF: 0.3333333333333333
2,10,167 ==> 11,13,133,134 #SUP: 2 #CONF: 0.5
2,167 ==> 11,13,133 #SUP: 2 #CONF: 0.3333333333333333
2,10,167 ==> 11,13,133 #SUP: 2 #CONF: 0.5
2,167 ==> 11,13,134 #SUP: 2 #CONF: 0.3333333333333333
2,10,167 ==> 11,13,134 #SUP: 2 #CONF: 0.5
2,167 ==> 11,13,27,133,134 #SUP: 2 #CONF: 0.3333333333333333
2,10,167 ==> 11,13,27,133,134 #SUP: 2 #CONF: 0.5
2,167 ==> 11,13,27,133 #SUP: 2 #CONF: 0.3333333333333333
2,10,167 ==> 11,13,27,133 #SUP: 2 #CONF: 0.5
2,167 ==> 11,13,27,134 #SUP: 2 #CONF: 0.3333333333333333
2,10,167 ==> 11,13,27,134 #SUP: 2 #CONF: 0.5
2,167 ==> 11,13,27,28,133,134 #SUP: 2 #CONF: 0.3333333333333333
2,10,167 ==> 11,13,27,28,133,134 #SUP: 2 #CONF: 0.5
2,167 ==> 11,13,27,28,133 #SUP: 2 #CONF: 0.3333333333333333
2,10,167 ==> 11,13,27,28,133 #SUP: 2 #CONF: 0.5
2,167 ==> 11,13,27,28,134 #SUP: 2 #CONF: 0.3333333333333333
2,10,167 ==> 11,13,27,28,134 #SUP: 2 #CONF: 0.5
2,167 ==> 11,13,27,28 #SUP: 2 #CONF: 0.3333333333333333
2,10,167 ==> 11,13,27,28 #SUP: 2 #CONF: 0.5
2,167 ==> 11,13,27 #SUP: 2 #CONF: 0.3333333333333333
2,10,167 ==> 11,13,27 #SUP: 2 #CONF: 0.5
2,167 ==> 11,13,28,133,134 #SUP: 2 #CONF: 0.3333333333333333
2,10,167 ==> 11,13,28,133,134 #SUP: 2 #CONF: 0.5
2,167 ==> 11,13,28,133 #SUP: 2 #CONF: 0.3333333333333333
2,10,167 ==> 11,13,28,133 #SUP: 2 #CONF: 0.5
2,167 ==> 11,13,28,134 #SUP: 2 #CONF: 0.3333333333333333
2,10,167 ==> 11,13,28,134 #SUP: 2 #CONF: 0.5
2,167 ==> 11,13,28 #SUP: 2 #CONF: 0.3333333333333333
2,10,167 ==> 11,13,28 #SUP: 2 #CONF: 0.5
2,167 ==> 11,13 #SUP: 2 #CONF: 0.3333333333333333
2,10,167 ==> 11,13 #SUP: 2 #CONF: 0.5
2,167 ==> 11,14,15,169 #SUP: 2 #CONF: 0.3333333333333333
2,167,168 ==> 11,14,15,169 #SUP: 2 #CONF: 0.4
2,168 ==> 11,14,15,169 #SUP: 2 #CONF: 0.4
2,107,167 ==> 11,14,15,169 #SUP: 2 #CONF: 0.4
2,107,167,168 ==> 11,14,15,169 #SUP: 2 #CONF: 0.4
2,107,168 ==> 11,14,15,169 #SUP: 2 #CONF: 0.4
2,167 ==> 11,14,15,107,119,169 #SUP: 2 #CONF: 0.3333333333333333
2,167,168 ==> 11,14,15,107,119,169 #SUP: 2 #CONF: 0.4
2,168 ==> 11,14,15,107,119,169 #SUP: 2 #CONF: 0.4
2,167 ==> 11,14,15,107,119 #SUP: 2 #CONF: 0.3333333333333333
2,167,168 ==> 11,14,15,107,119 #SUP: 2 #CONF: 0.4
2,168 ==> 11,14,15,107,119 #SUP: 2 #CONF: 0.4
2,167 ==> 11,14,15,107,169 #SUP: 2 #CONF: 0.3333333333333333
2,167,168 ==> 11,14,15,107,169 #SUP: 2 #CONF: 0.4
2,168 ==> 11,14,15,107,169 #SUP: 2 #CONF: 0.4
2,167 ==> 11,14,15,107 #SUP: 2 #CONF: 0.3333333333333333
2,167,168 ==> 11,14,15,107 #SUP: 2 #CONF: 0.4
2,168 ==> 11,14,15,107 #SUP: 2 #CONF: 0.4
2,167 ==> 11,14,15,119,169 #SUP: 2 #CONF: 0.3333333333333333
2,167,168 ==> 11,14,15,119,169 #SUP: 2 #CONF: 0.4
2,168 ==> 11,14,15,119,169 #SUP: 2 #CONF: 0.4
2,107,167 ==> 11,14,15,119,169 #SUP: 2 #CONF: 0.4
2,107,167,168 ==> 11,14,15,119,169 #SUP: 2 #CONF: 0.4
2,107,168 ==> 11,14,15,119,169 #SUP: 2 #CONF: 0.4
2,167 ==> 11,14,15,119 #SUP: 2 #CONF: 0.3333333333333333
2,167,168 ==> 11,14,15,119 #SUP: 2 #CONF: 0.4
2,168 ==> 11,14,15,119 #SUP: 2 #CONF: 0.4
2,107,167 ==> 11,14,15,119 #SUP: 2 #CONF: 0.4
2,107,167,168 ==> 11,14,15,119 #SUP: 2 #CONF: 0.4
2,107,168 ==> 11,14,15,119 #SUP: 2 #CONF: 0.4
2,167 ==> 11,14,15 #SUP: 3 #CONF: 0.5
2,167,168 ==> 11,14,15 #SUP: 2 #CONF: 0.4
2,168 ==> 11,14,15 #SUP: 2 #CONF: 0.4
2,10,167 ==> 11,14,15 #SUP: 2 #CONF: 0.5
2,107,167 ==> 11,14,15 #SUP: 2 #CONF: 0.4
2,107,167,168 ==> 11,14,15 #SUP: 2 #CONF: 0.4
2,107,168 ==> 11,14,15 #SUP: 2 #CONF: 0.4
2,167 ==> 11,14 #SUP: 3 #CONF: 0.5
2,168 ==> 11,14 #SUP: 2 #CONF: 0.4
2,10,167 ==> 11,14 #SUP: 2 #CONF: 0.5
2,107,167 ==> 11,14 #SUP: 2 #CONF: 0.4
2,167 ==> 11,15 #SUP: 3 #CONF: 0.5
2,168 ==> 11,15 #SUP: 2 #CONF: 0.4
2,10,167 ==> 11,15 #SUP: 2 #CONF: 0.5
2,107,167 ==> 11,15 #SUP: 2 #CONF: 0.4
2,167 ==> 11,119 #SUP: 2 #CONF: 0.3333333333333333
2,167,168 ==> 11,119 #SUP: 2 #CONF: 0.4
2,168 ==> 11,119 #SUP: 2 #CONF: 0.4
2,107,167 ==> 11,119 #SUP: 2 #CONF: 0.4
2,107,167,168 ==> 11,119 #SUP: 2 #CONF: 0.4
2,107,168 ==> 11,119 #SUP: 2 #CONF: 0.4
2,167 ==> 11,27,133,134 #SUP: 2 #CONF: 0.3333333333333333
2,10,167 ==> 11,27,133,134 #SUP: 2 #CONF: 0.5
2,167 ==> 11,27,133 #SUP: 2 #CONF: 0.3333333333333333
2,10,167 ==> 11,27,133 #SUP: 2 #CONF: 0.5
2,167 ==> 11,27,134 #SUP: 2 #CONF: 0.3333333333333333
2,10,167 ==> 11,27,134 #SUP: 2 #CONF: 0.5
2,167 ==> 11,27,28,133,134 #SUP: 2 #CONF: 0.3333333333333333
2,10,167 ==> 11,27,28,133,134 #SUP: 2 #CONF: 0.5
2,167 ==> 11,27,28,133 #SUP: 2 #CONF: 0.3333333333333333
2,10,167 ==> 11,27,28,133 #SUP: 2 #CONF: 0.5
2,167 ==> 11,27,28,134 #SUP: 2 #CONF: 0.3333333333333333
2,10,167 ==> 11,27,28,134 #SUP: 2 #CONF: 0.5
2,167 ==> 11,27,28 #SUP: 2 #CONF: 0.3333333333333333
2,9 ==> 11,27,28 #SUP: 2 #CONF: 1.0
2,9,10 ==> 11,27,28 #SUP: 2 #CONF: 1.0
2,10,167 ==> 11,27,28 #SUP: 2 #CONF: 0.5
2,167 ==> 11,27 #SUP: 2 #CONF: 0.3333333333333333
2,9 ==> 11,27 #SUP: 2 #CONF: 1.0
2,9,10 ==> 11,27 #SUP: 2 #CONF: 1.0
2,10,167 ==> 11,27 #SUP: 2 #CONF: 0.5
2,167 ==> 11,28,133,134 #SUP: 2 #CONF: 0.3333333333333333
2,10,167 ==> 11,28,133,134 #SUP: 2 #CONF: 0.5
2,167 ==> 11,28,133 #SUP: 2 #CONF: 0.3333333333333333
2,10,167 ==> 11,28,133 #SUP: 2 #CONF: 0.5
2,167 ==> 11,28,134 #SUP: 2 #CONF: 0.3333333333333333
2,10,167 ==> 11,28,134 #SUP: 2 #CONF: 0.5
2,167 ==> 11,28 #SUP: 2 #CONF: 0.3333333333333333
2,9 ==> 11,28 #SUP: 2 #CONF: 1.0
2,9,10 ==> 11,28 #SUP: 2 #CONF: 1.0
2,10,167 ==> 11,28 #SUP: 2 #CONF: 0.5
2 ==> 12 #SUP: 15 #CONF: 0.32608695652173914
2,214 ==> 12 #SUP: 2 #CONF: 0.6666666666666666
2,167 ==> 12 #SUP: 5 #CONF: 0.8333333333333334
2,167,214 ==> 12 #SUP: 2 #CONF: 0.6666666666666666
2,167,168 ==> 12 #SUP: 4 #CONF: 0.8
2,167,168,214 ==> 12 #SUP: 2 #CONF: 0.6666666666666666
2,168 ==> 12 #SUP: 4 #CONF: 0.8
2,168,214 ==> 12 #SUP: 2 #CONF: 0.6666666666666666
2,9 ==> 12 #SUP: 2 #CONF: 1.0
2,9,10 ==> 12 #SUP: 2 #CONF: 1.0
2,10 ==> 12 #SUP: 13 #CONF: 0.3023255813953488
2,10,214 ==> 12 #SUP: 2 #CONF: 0.6666666666666666
2,10,167 ==> 12 #SUP: 3 #CONF: 0.75
2,10,167,214 ==> 12 #SUP: 2 #CONF: 0.6666666666666666
2,10,167,168 ==> 12 #SUP: 2 #CONF: 0.6666666666666666
2,10,167,168,214 ==> 12 #SUP: 2 #CONF: 0.6666666666666666
2,10,168 ==> 12 #SUP: 2 #CONF: 0.6666666666666666
2,10,168,214 ==> 12 #SUP: 2 #CONF: 0.6666666666666666
2,10,107 ==> 12 #SUP: 2 #CONF: 0.3333333333333333
2,10,107,214 ==> 12 #SUP: 2 #CONF: 0.6666666666666666
2,10,107,167 ==> 12 #SUP: 2 #CONF: 0.6666666666666666
2,10,107,167,214 ==> 12 #SUP: 2 #CONF: 0.6666666666666666
2,10,107,167,168 ==> 12 #SUP: 2 #CONF: 0.6666666666666666
2,10,107,167,168,214 ==> 12 #SUP: 2 #CONF: 0.6666666666666666
2,10,107,168 ==> 12 #SUP: 2 #CONF: 0.6666666666666666
2,10,107,168,214 ==> 12 #SUP: 2 #CONF: 0.6666666666666666
2,107 ==> 12 #SUP: 4 #CONF: 0.5
2,107,214 ==> 12 #SUP: 2 #CONF: 0.6666666666666666
2,107,167 ==> 12 #SUP: 4 #CONF: 0.8
2,107,167,214 ==> 12 #SUP: 2 #CONF: 0.6666666666666666
2,107,167,168 ==> 12 #SUP: 4 #CONF: 0.8
2,107,167,168,214 ==> 12 #SUP: 2 #CONF: 0.6666666666666666
2,107,168 ==> 12 #SUP: 4 #CONF: 0.8
2,107,168,214 ==> 12 #SUP: 2 #CONF: 0.6666666666666666
2,167 ==> 12,133,134 #SUP: 2 #CONF: 0.3333333333333333
2,10,167 ==> 12,133,134 #SUP: 2 #CONF: 0.5
2,167 ==> 12,133 #SUP: 2 #CONF: 0.3333333333333333
2,10,167 ==> 12,133 #SUP: 2 #CONF: 0.5
2,167 ==> 12,134 #SUP: 2 #CONF: 0.3333333333333333
2,10,167 ==> 12,134 #SUP: 2 #CONF: 0.5
2,167 ==> 12,13,133,134 #SUP: 2 #CONF: 0.3333333333333333
2,10,167 ==> 12,13,133,134 #SUP: 2 #CONF: 0.5
2,167 ==> 12,13,133 #SUP: 2 #CONF: 0.3333333333333333
2,10,167 ==> 12,13,133 #SUP: 2 #CONF: 0.5
2,167 ==> 12,13,134 #SUP: 2 #CONF: 0.3333333333333333
2,10,167 ==> 12,13,134 #SUP: 2 #CONF: 0.5
2,167 ==> 12,13,27,133,134 #SUP: 2 #CONF: 0.3333333333333333
2,10,167 ==> 12,13,27,133,134 #SUP: 2 #CONF: 0.5
2,167 ==> 12,13,27,133 #SUP: 2 #CONF: 0.3333333333333333
2,10,167 ==> 12,13,27,133 #SUP: 2 #CONF: 0.5
2,167 ==> 12,13,27,134 #SUP: 2 #CONF: 0.3333333333333333
2,10,167 ==> 12,13,27,134 #SUP: 2 #CONF: 0.5
2,167 ==> 12,13,27,28,133,134 #SUP: 2 #CONF: 0.3333333333333333
2,10,167 ==> 12,13,27,28,133,134 #SUP: 2 #CONF: 0.5
2,167 ==> 12,13,27,28,133 #SUP: 2 #CONF: 0.3333333333333333
2,10,167 ==> 12,13,27,28,133 #SUP: 2 #CONF: 0.5
2,167 ==> 12,13,27,28,134 #SUP: 2 #CONF: 0.3333333333333333
2,10,167 ==> 12,13,27,28,134 #SUP: 2 #CONF: 0.5
2,167 ==> 12,13,27,28 #SUP: 2 #CONF: 0.3333333333333333
2,10,167 ==> 12,13,27,28 #SUP: 2 #CONF: 0.5
2,167 ==> 12,13,27 #SUP: 2 #CONF: 0.3333333333333333
2,10,167 ==> 12,13,27 #SUP: 2 #CONF: 0.5
2,167 ==> 12,13,28,133,134 #SUP: 2 #CONF: 0.3333333333333333
2,10,167 ==> 12,13,28,133,134 #SUP: 2 #CONF: 0.5
2,167 ==> 12,13,28,133 #SUP: 2 #CONF: 0.3333333333333333
2,10,167 ==> 12,13,28,133 #SUP: 2 #CONF: 0.5
2,167 ==> 12,13,28,134 #SUP: 2 #CONF: 0.3333333333333333
2,10,167 ==> 12,13,28,134 #SUP: 2 #CONF: 0.5
2,167 ==> 12,13,28 #SUP: 2 #CONF: 0.3333333333333333
2,10,167 ==> 12,13,28 #SUP: 2 #CONF: 0.5
2,167 ==> 12,13 #SUP: 2 #CONF: 0.3333333333333333
2,10,167 ==> 12,13 #SUP: 2 #CONF: 0.5
2,167 ==> 12,14,169 #SUP: 2 #CONF: 0.3333333333333333
2,167,168 ==> 12,14,169 #SUP: 2 #CONF: 0.4
2,168 ==> 12,14,169 #SUP: 2 #CONF: 0.4
2,107,167 ==> 12,14,169 #SUP: 2 #CONF: 0.4
2,107,167,168 ==> 12,14,169 #SUP: 2 #CONF: 0.4
2,107,168 ==> 12,14,169 #SUP: 2 #CONF: 0.4
2,167 ==> 12,14,107,119,169 #SUP: 2 #CONF: 0.3333333333333333
2,167,168 ==> 12,14,107,119,169 #SUP: 2 #CONF: 0.4
2,168 ==> 12,14,107,119,169 #SUP: 2 #CONF: 0.4
2,167 ==> 12,14,107,119 #SUP: 2 #CONF: 0.3333333333333333
2,167,168 ==> 12,14,107,119 #SUP: 2 #CONF: 0.4
2,168 ==> 12,14,107,119 #SUP: 2 #CONF: 0.4
2,167 ==> 12,14,107,169 #SUP: 2 #CONF: 0.3333333333333333
2,167,168 ==> 12,14,107,169 #SUP: 2 #CONF: 0.4
2,168 ==> 12,14,107,169 #SUP: 2 #CONF: 0.4
2,167 ==> 12,14,107 #SUP: 2 #CONF: 0.3333333333333333
2,167,168 ==> 12,14,107 #SUP: 2 #CONF: 0.4
2,168 ==> 12,14,107 #SUP: 2 #CONF: 0.4
2,167 ==> 12,14,15,169 #SUP: 2 #CONF: 0.3333333333333333
2,167,168 ==> 12,14,15,169 #SUP: 2 #CONF: 0.4
2,168 ==> 12,14,15,169 #SUP: 2 #CONF: 0.4
2,107,167 ==> 12,14,15,169 #SUP: 2 #CONF: 0.4
2,107,167,168 ==> 12,14,15,169 #SUP: 2 #CONF: 0.4
2,107,168 ==> 12,14,15,169 #SUP: 2 #CONF: 0.4
2,167 ==> 12,14,15,107,119,169 #SUP: 2 #CONF: 0.3333333333333333
2,167,168 ==> 12,14,15,107,119,169 #SUP: 2 #CONF: 0.4
2,168 ==> 12,14,15,107,119,169 #SUP: 2 #CONF: 0.4
2,167 ==> 12,14,15,107,119 #SUP: 2 #CONF: 0.3333333333333333
2,167,168 ==> 12,14,15,107,119 #SUP: 2 #CONF: 0.4
2,168 ==> 12,14,15,107,119 #SUP: 2 #CONF: 0.4
2,167 ==> 12,14,15,107,169 #SUP: 2 #CONF: 0.3333333333333333
2,167,168 ==> 12,14,15,107,169 #SUP: 2 #CONF: 0.4
2,168 ==> 12,14,15,107,169 #SUP: 2 #CONF: 0.4
2,167 ==> 12,14,15,107 #SUP: 2 #CONF: 0.3333333333333333
2,167,168 ==> 12,14,15,107 #SUP: 2 #CONF: 0.4
2,168 ==> 12,14,15,107 #SUP: 2 #CONF: 0.4
2,167 ==> 12,14,15,119,169 #SUP: 2 #CONF: 0.3333333333333333
2,167,168 ==> 12,14,15,119,169 #SUP: 2 #CONF: 0.4
2,168 ==> 12,14,15,119,169 #SUP: 2 #CONF: 0.4
2,107,167 ==> 12,14,15,119,169 #SUP: 2 #CONF: 0.4
2,107,167,168 ==> 12,14,15,119,169 #SUP: 2 #CONF: 0.4
2,107,168 ==> 12,14,15,119,169 #SUP: 2 #CONF: 0.4
2,167 ==> 12,14,15,119 #SUP: 2 #CONF: 0.3333333333333333
2,167,168 ==> 12,14,15,119 #SUP: 2 #CONF: 0.4
2,168 ==> 12,14,15,119 #SUP: 2 #CONF: 0.4
2,107,167 ==> 12,14,15,119 #SUP: 2 #CONF: 0.4
2,107,167,168 ==> 12,14,15,119 #SUP: 2 #CONF: 0.4
2,107,168 ==> 12,14,15,119 #SUP: 2 #CONF: 0.4
2,167 ==> 12,14,15 #SUP: 3 #CONF: 0.5
2,167,168 ==> 12,14,15 #SUP: 2 #CONF: 0.4
2,168 ==> 12,14,15 #SUP: 2 #CONF: 0.4
2,10,167 ==> 12,14,15 #SUP: 2 #CONF: 0.5
2,107,167 ==> 12,14,15 #SUP: 2 #CONF: 0.4
2,107,167,168 ==> 12,14,15 #SUP: 2 #CONF: 0.4
2,107,168 ==> 12,14,15 #SUP: 2 #CONF: 0.4
2,167 ==> 12,14,119,169 #SUP: 2 #CONF: 0.3333333333333333
2,167,168 ==> 12,14,119,169 #SUP: 2 #CONF: 0.4
2,168 ==> 12,14,119,169 #SUP: 2 #CONF: 0.4
2,107,167 ==> 12,14,119,169 #SUP: 2 #CONF: 0.4
2,107,167,168 ==> 12,14,119,169 #SUP: 2 #CONF: 0.4
2,107,168 ==> 12,14,119,169 #SUP: 2 #CONF: 0.4
2,167 ==> 12,14,119 #SUP: 2 #CONF: 0.3333333333333333
2,167,168 ==> 12,14,119 #SUP: 2 #CONF: 0.4
2,168 ==> 12,14,119 #SUP: 2 #CONF: 0.4
2,107,167 ==> 12,14,119 #SUP: 2 #CONF: 0.4
2,107,167,168 ==> 12,14,119 #SUP: 2 #CONF: 0.4
2,107,168 ==> 12,14,119 #SUP: 2 #CONF: 0.4
2,167 ==> 12,14 #SUP: 3 #CONF: 0.5
2,167,168 ==> 12,14 #SUP: 2 #CONF: 0.4
2,168 ==> 12,14 #SUP: 2 #CONF: 0.4
2,10,167 ==> 12,14 #SUP: 2 #CONF: 0.5
2,107,167 ==> 12,14 #SUP: 2 #CONF: 0.4
2,107,167,168 ==> 12,14 #SUP: 2 #CONF: 0.4
2,107,168 ==> 12,14 #SUP: 2 #CONF: 0.4
2,167 ==> 12,15,169 #SUP: 2 #CONF: 0.3333333333333333
2,167,168 ==> 12,15,169 #SUP: 2 #CONF: 0.4
2,168 ==> 12,15,169 #SUP: 2 #CONF: 0.4
2,107,167 ==> 12,15,169 #SUP: 2 #CONF: 0.4
2,107,167,168 ==> 12,15,169 #SUP: 2 #CONF: 0.4
2,107,168 ==> 12,15,169 #SUP: 2 #CONF: 0.4
2,167 ==> 12,15,107,119,169 #SUP: 2 #CONF: 0.3333333333333333
2,167,168 ==> 12,15,107,119,169 #SUP: 2 #CONF: 0.4
2,168 ==> 12,15,107,119,169 #SUP: 2 #CONF: 0.4
2,167 ==> 12,15,107,119 #SUP: 2 #CONF: 0.3333333333333333
2,167,168 ==> 12,15,107,119 #SUP: 2 #CONF: 0.4
2,168 ==> 12,15,107,119 #SUP: 2 #CONF: 0.4
2,167 ==> 12,15,107,169 #SUP: 2 #CONF: 0.3333333333333333
2,167,168 ==> 12,15,107,169 #SUP: 2 #CONF: 0.4
2,168 ==> 12,15,107,169 #SUP: 2 #CONF: 0.4
2,167 ==> 12,15,107 #SUP: 2 #CONF: 0.3333333333333333
2,167,168 ==> 12,15,107 #SUP: 2 #CONF: 0.4
2,168 ==> 12,15,107 #SUP: 2 #CONF: 0.4
2,167 ==> 12,15,119,169 #SUP: 2 #CONF: 0.3333333333333333
2,167,168 ==> 12,15,119,169 #SUP: 2 #CONF: 0.4
2,168 ==> 12,15,119,169 #SUP: 2 #CONF: 0.4
2,107,167 ==> 12,15,119,169 #SUP: 2 #CONF: 0.4
2,107,167,168 ==> 12,15,119,169 #SUP: 2 #CONF: 0.4
2,107,168 ==> 12,15,119,169 #SUP: 2 #CONF: 0.4
2,167 ==> 12,15,119 #SUP: 2 #CONF: 0.3333333333333333
2,167,168 ==> 12,15,119 #SUP: 2 #CONF: 0.4
2,168 ==> 12,15,119 #SUP: 2 #CONF: 0.4
2,107,167 ==> 12,15,119 #SUP: 2 #CONF: 0.4
2,107,167,168 ==> 12,15,119 #SUP: 2 #CONF: 0.4
2,107,168 ==> 12,15,119 #SUP: 2 #CONF: 0.4
2,167 ==> 12,15 #SUP: 3 #CONF: 0.5
2,167,168 ==> 12,15 #SUP: 2 #CONF: 0.4
2,168 ==> 12,15 #SUP: 2 #CONF: 0.4
2,10,167 ==> 12,15 #SUP: 2 #CONF: 0.5
2,107,167 ==> 12,15 #SUP: 2 #CONF: 0.4
2,107,167,168 ==> 12,15 #SUP: 2 #CONF: 0.4
2,107,168 ==> 12,15 #SUP: 2 #CONF: 0.4
2,167 ==> 12,27,133,134 #SUP: 2 #CONF: 0.3333333333333333
2,10,167 ==> 12,27,133,134 #SUP: 2 #CONF: 0.5
2,167 ==> 12,27,133 #SUP: 2 #CONF: 0.3333333333333333
2,10,167 ==> 12,27,133 #SUP: 2 #CONF: 0.5
2,167 ==> 12,27,134 #SUP: 2 #CONF: 0.3333333333333333
2,10,167 ==> 12,27,134 #SUP: 2 #CONF: 0.5
2,167 ==> 12,27,28,133,134 #SUP: 2 #CONF: 0.3333333333333333
2,10,167 ==> 12,27,28,133,134 #SUP: 2 #CONF: 0.5
2,167 ==> 12,27,28,133 #SUP: 2 #CONF: 0.3333333333333333
2,10,167 ==> 12,27,28,133 #SUP: 2 #CONF: 0.5
2,167 ==> 12,27,28,134 #SUP: 2 #CONF: 0.3333333333333333
2,10,167 ==> 12,27,28,134 #SUP: 2 #CONF: 0.5
2,167 ==> 12,27,28 #SUP: 2 #CONF: 0.3333333333333333
2,9 ==> 12,27,28 #SUP: 2 #CONF: 1.0
2,9,10 ==> 12,27,28 #SUP: 2 #CONF: 1.0
2,10,167 ==> 12,27,28 #SUP: 2 #CONF: 0.5
2,167 ==> 12,27 #SUP: 2 #CONF: 0.3333333333333333
2,9 ==> 12,27 #SUP: 2 #CONF: 1.0
2,9,10 ==> 12,27 #SUP: 2 #CONF: 1.0
2,10,167 ==> 12,27 #SUP: 2 #CONF: 0.5
2,167 ==> 12,28,133,134 #SUP: 2 #CONF: 0.3333333333333333
2,10,167 ==> 12,28,133,134 #SUP: 2 #CONF: 0.5
2,167 ==> 12,28,133 #SUP: 2 #CONF: 0.3333333333333333
2,10,167 ==> 12,28,133 #SUP: 2 #CONF: 0.5
2,167 ==> 12,28,134 #SUP: 2 #CONF: 0.3333333333333333
2,10,167 ==> 12,28,134 #SUP: 2 #CONF: 0.5
2,167 ==> 12,28 #SUP: 2 #CONF: 0.3333333333333333
2,9 ==> 12,28 #SUP: 2 #CONF: 1.0
2,9,10 ==> 12,28 #SUP: 2 #CONF: 1.0
2,10,167 ==> 12,28 #SUP: 2 #CONF: 0.5
2,167 ==> 12,119 #SUP: 2 #CONF: 0.3333333333333333
2,167,168 ==> 12,119 #SUP: 2 #CONF: 0.4
2,168 ==> 12,119 #SUP: 2 #CONF: 0.4
2,107,167 ==> 12,119 #SUP: 2 #CONF: 0.4
2,107,167,168 ==> 12,119 #SUP: 2 #CONF: 0.4
2,107,168 ==> 12,119 #SUP: 2 #CONF: 0.4
2,167 ==> 13 #SUP: 2 #CONF: 0.3333333333333333
2,10 ==> 13 #SUP: 13 #CONF: 0.3023255813953488
2,10,167 ==> 13 #SUP: 2 #CONF: 0.5
2,167 ==> 13,133,134 #SUP: 2 #CONF: 0.3333333333333333
2,10,167 ==> 13,133,134 #SUP: 2 #CONF: 0.5
2,167 ==> 13,133 #SUP: 2 #CONF: 0.3333333333333333
2,10,167 ==> 13,133 #SUP: 2 #CONF: 0.5
2,167 ==> 13,134 #SUP: 2 #CONF: 0.3333333333333333
2,10,167 ==> 13,134 #SUP: 2 #CONF: 0.5
2,167 ==> 13,27,133,134 #SUP: 2 #CONF: 0.3333333333333333
2,10,167 ==> 13,27,133,134 #SUP: 2 #CONF: 0.5
2,167 ==> 13,27,133 #SUP: 2 #CONF: 0.3333333333333333
2,10,167 ==> 13,27,133 #SUP: 2 #CONF: 0.5
2,167 ==> 13,27,134 #SUP: 2 #CONF: 0.3333333333333333
2,10,167 ==> 13,27,134 #SUP: 2 #CONF: 0.5
2,167 ==> 13,27,28,133,134 #SUP: 2 #CONF: 0.3333333333333333
2,10,167 ==> 13,27,28,133,134 #SUP: 2 #CONF: 0.5
2,167 ==> 13,27,28,133 #SUP: 2 #CONF: 0.3333333333333333
2,10,167 ==> 13,27,28,133 #SUP: 2 #CONF: 0.5
2,167 ==> 13,27,28,134 #SUP: 2 #CONF: 0.3333333333333333
2,10,167 ==> 13,27,28,134 #SUP: 2 #CONF: 0.5
2,167 ==> 13,27,28 #SUP: 2 #CONF: 0.3333333333333333
2,10,167 ==> 13,27,28 #SUP: 2 #CONF: 0.5
2,167 ==> 13,27 #SUP: 2 #CONF: 0.3333333333333333
2,10,167 ==> 13,27 #SUP: 2 #CONF: 0.5
2,167 ==> 13,28,133,134 #SUP: 2 #CONF: 0.3333333333333333
2,10,167 ==> 13,28,133,134 #SUP: 2 #CONF: 0.5
2,167 ==> 13,28,133 #SUP: 2 #CONF: 0.3333333333333333
2,10,167 ==> 13,28,133 #SUP: 2 #CONF: 0.5
2,167 ==> 13,28,134 #SUP: 2 #CONF: 0.3333333333333333
2,10,167 ==> 13,28,134 #SUP: 2 #CONF: 0.5
2,167 ==> 13,28 #SUP: 2 #CONF: 0.3333333333333333
2,10,167 ==> 13,28 #SUP: 2 #CONF: 0.5
2,214 ==> 14 #SUP: 2 #CONF: 0.6666666666666666
2,167 ==> 14 #SUP: 4 #CONF: 0.6666666666666666
2,167,214 ==> 14 #SUP: 2 #CONF: 0.6666666666666666
2,167,168 ==> 14 #SUP: 3 #CONF: 0.6
2,167,168,214 ==> 14 #SUP: 2 #CONF: 0.6666666666666666
2,168 ==> 14 #SUP: 3 #CONF: 0.6
2,168,214 ==> 14 #SUP: 2 #CONF: 0.6666666666666666
2,10,214 ==> 14 #SUP: 2 #CONF: 0.6666666666666666
2,10,167 ==> 14 #SUP: 3 #CONF: 0.75
2,10,167,214 ==> 14 #SUP: 2 #CONF: 0.6666666666666666
2,10,167,168 ==> 14 #SUP: 2 #CONF: 0.6666666666666666
2,10,167,168,214 ==> 14 #SUP: 2 #CONF: 0.6666666666666666
2,10,168 ==> 14 #SUP: 2 #CONF: 0.6666666666666666
2,10,168,214 ==> 14 #SUP: 2 #CONF: 0.6666666666666666
2,10,107 ==> 14 #SUP: 2 #CONF: 0.3333333333333333
2,10,107,214 ==> 14 #SUP: 2 #CONF: 0.6666666666666666
2,10,107,167 ==> 14 #SUP: 2 #CONF: 0.6666666666666666
2,10,107,167,214 ==> 14 #SUP: 2 #CONF: 0.6666666666666666
2,10,107,167,168 ==> 14 #SUP: 2 #CONF: 0.6666666666666666
2,10,107,167,168,214 ==> 14 #SUP: 2 #CONF: 0.6666666666666666
2,10,107,168 ==> 14 #SUP: 2 #CONF: 0.6666666666666666
2,10,107,168,214 ==> 14 #SUP: 2 #CONF: 0.6666666666666666
2,107 ==> 14 #SUP: 3 #CONF: 0.375
2,107,214 ==> 14 #SUP: 2 #CONF: 0.6666666666666666
2,107,167 ==> 14 #SUP: 3 #CONF: 0.6
2,107,167,214 ==> 14 #SUP: 2 #CONF: 0.6666666666666666
2,107,167,168 ==> 14 #SUP: 3 #CONF: 0.6
2,107,167,168,214 ==> 14 #SUP: 2 #CONF: 0.6666666666666666
2,107,168 ==> 14 #SUP: 3 #CONF: 0.6
2,107,168,214 ==> 14 #SUP: 2 #CONF: 0.6666666666666666
2,167 ==> 14,15,107 #SUP: 2 #CONF: 0.3333333333333333
2,214 ==> 14,15,119 #SUP: 2 #CONF: 0.6666666666666666
2,167 ==> 14,15,119 #SUP: 3 #CONF: 0.5
2,167,214 ==> 14,15,119 #SUP: 2 #CONF: 0.6666666666666666
2,167,168 ==> 14,15,119 #SUP: 3 #CONF: 0.6
2,167,168,214 ==> 14,15,119 #SUP: 2 #CONF: 0.6666666666666666
2,168 ==> 14,15,119 #SUP: 3 #CONF: 0.6
2,168,214 ==> 14,15,119 #SUP: 2 #CONF: 0.6666666666666666
2,10,214 ==> 14,15,119 #SUP: 2 #CONF: 0.6666666666666666
2,10,167 ==> 14,15,119 #SUP: 2 #CONF: 0.5
2,10,167,214 ==> 14,15,119 #SUP: 2 #CONF: 0.6666666666666666
2,10,167,168 ==> 14,15,119 #SUP: 2 #CONF: 0.6666666666666666
2,10,167,168,214 ==> 14,15,119 #SUP: 2 #CONF: 0.6666666666666666
2,10,168 ==> 14,15,119 #SUP: 2 #CONF: 0.6666666666666666
2,10,168,214 ==> 14,15,119 #SUP: 2 #CONF: 0.6666666666666666
2,10,107 ==> 14,15,119 #SUP: 2 #CONF: 0.3333333333333333
2,10,107,214 ==> 14,15,119 #SUP: 2 #CONF: 0.6666666666666666
2,10,107,167 ==> 14,15,119 #SUP: 2 #CONF: 0.6666666666666666
2,10,107,167,214 ==> 14,15,119 #SUP: 2 #CONF: 0.6666666666666666
2,10,107,167,168 ==> 14,15,119 #SUP: 2 #CONF: 0.6666666666666666
2,10,107,167,168,214 ==> 14,15,119 #SUP: 2 #CONF: 0.6666666666666666
2,10,107,168 ==> 14,15,119 #SUP: 2 #CONF: 0.6666666666666666
2,10,107,168,214 ==> 14,15,119 #SUP: 2 #CONF: 0.6666666666666666
2,107 ==> 14,15,119 #SUP: 3 #CONF: 0.375
2,107,214 ==> 14,15,119 #SUP: 2 #CONF: 0.6666666666666666
2,107,167 ==> 14,15,119 #SUP: 3 #CONF: 0.6
2,107,167,214 ==> 14,15,119 #SUP: 2 #CONF: 0.6666666666666666
2,107,167,168 ==> 14,15,119 #SUP: 3 #CONF: 0.6
2,107,167,168,214 ==> 14,15,119 #SUP: 2 #CONF: 0.6666666666666666
2,107,168 ==> 14,15,119 #SUP: 3 #CONF: 0.6
2,107,168,214 ==> 14,15,119 #SUP: 2 #CONF: 0.6666666666666666
2,214 ==> 14,15 #SUP: 2 #CONF: 0.6666666666666666
2,167 ==> 14,15 #SUP: 4 #CONF: 0.6666666666666666
2,167,214 ==> 14,15 #SUP: 2 #CONF: 0.6666666666666666
2,167,168 ==> 14,15 #SUP: 3 #CONF: 0.6
2,167,168,214 ==> 14,15 #SUP: 2 #CONF: 0.6666666666666666
2,168 ==> 14,15 #SUP: 3 #CONF: 0.6
2,168,214 ==> 14,15 #SUP: 2 #CONF: 0.6666666666666666
2,10,214 ==> 14,15 #SUP: 2 #CONF: 0.6666666666666666
2,10,167 ==> 14,15 #SUP: 3 #CONF: 0.75
2,10,167,214 ==> 14,15 #SUP: 2 #CONF: 0.6666666666666666
2,10,167,168 ==> 14,15 #SUP: 2 #CONF: 0.6666666666666666
2,10,167,168,214 ==> 14,15 #SUP: 2 #CONF: 0.6666666666666666
2,10,168 ==> 14,15 #SUP: 2 #CONF: 0.6666666666666666
2,10,168,214 ==> 14,15 #SUP: 2 #CONF: 0.6666666666666666
2,10,107 ==> 14,15 #SUP: 2 #CONF: 0.3333333333333333
2,10,107,214 ==> 14,15 #SUP: 2 #CONF: 0.6666666666666666
2,10,107,167 ==> 14,15 #SUP: 2 #CONF: 0.6666666666666666
2,10,107,167,214 ==> 14,15 #SUP: 2 #CONF: 0.6666666666666666
2,10,107,167,168 ==> 14,15 #SUP: 2 #CONF: 0.6666666666666666
2,10,107,167,168,214 ==> 14,15 #SUP: 2 #CONF: 0.6666666666666666
2,10,107,168 ==> 14,15 #SUP: 2 #CONF: 0.6666666666666666
2,10,107,168,214 ==> 14,15 #SUP: 2 #CONF: 0.6666666666666666
2,107 ==> 14,15 #SUP: 3 #CONF: 0.375
2,107,214 ==> 14,15 #SUP: 2 #CONF: 0.6666666666666666
2,107,167 ==> 14,15 #SUP: 3 #CONF: 0.6
2,107,167,214 ==> 14,15 #SUP: 2 #CONF: 0.6666666666666666
2,107,167,168 ==> 14,15 #SUP: 3 #CONF: 0.6
2,107,167,168,214 ==> 14,15 #SUP: 2 #CONF: 0.6666666666666666
2,107,168 ==> 14,15 #SUP: 3 #CONF: 0.6
2,107,168,214 ==> 14,15 #SUP: 2 #CONF: 0.6666666666666666
2,167 ==> 14,107 #SUP: 2 #CONF: 0.3333333333333333
2,214 ==> 14,119 #SUP: 2 #CONF: 0.6666666666666666
2,167 ==> 14,119 #SUP: 3 #CONF: 0.5
2,167,214 ==> 14,119 #SUP: 2 #CONF: 0.6666666666666666
2,167,168 ==> 14,119 #SUP: 3 #CONF: 0.6
2,167,168,214 ==> 14,119 #SUP: 2 #CONF: 0.6666666666666666
2,168 ==> 14,119 #SUP: 3 #CONF: 0.6
2,168,214 ==> 14,119 #SUP: 2 #CONF: 0.6666666666666666
2,10,214 ==> 14,119 #SUP: 2 #CONF: 0.6666666666666666
2,10,167 ==> 14,119 #SUP: 2 #CONF: 0.5
2,10,167,214 ==> 14,119 #SUP: 2 #CONF: 0.6666666666666666
2,10,167,168 ==> 14,119 #SUP: 2 #CONF: 0.6666666666666666
2,10,167,168,214 ==> 14,119 #SUP: 2 #CONF: 0.6666666666666666
2,10,168 ==> 14,119 #SUP: 2 #CONF: 0.6666666666666666
2,10,168,214 ==> 14,119 #SUP: 2 #CONF: 0.6666666666666666
2,10,107 ==> 14,119 #SUP: 2 #CONF: 0.3333333333333333
2,10,107,214 ==> 14,119 #SUP: 2 #CONF: 0.6666666666666666
2,10,107,167 ==> 14,119 #SUP: 2 #CONF: 0.6666666666666666
2,10,107,167,214 ==> 14,119 #SUP: 2 #CONF: 0.6666666666666666
2,10,107,167,168 ==> 14,119 #SUP: 2 #CONF: 0.6666666666666666
2,10,107,167,168,214 ==> 14,119 #SUP: 2 #CONF: 0.6666666666666666
2,10,107,168 ==> 14,119 #SUP: 2 #CONF: 0.6666666666666666
2,10,107,168,214 ==> 14,119 #SUP: 2 #CONF: 0.6666666666666666
2,107 ==> 14,119 #SUP: 3 #CONF: 0.375
2,107,214 ==> 14,119 #SUP: 2 #CONF: 0.6666666666666666
2,107,167 ==> 14,119 #SUP: 3 #CONF: 0.6
2,107,167,214 ==> 14,119 #SUP: 2 #CONF: 0.6666666666666666
2,107,167,168 ==> 14,119 #SUP: 3 #CONF: 0.6
2,107,167,168,214 ==> 14,119 #SUP: 2 #CONF: 0.6666666666666666
2,107,168 ==> 14,119 #SUP: 3 #CONF: 0.6
2,107,168,214 ==> 14,119 #SUP: 2 #CONF: 0.6666666666666666
2,214 ==> 15 #SUP: 2 #CONF: 0.6666666666666666
2,167 ==> 15 #SUP: 4 #CONF: 0.6666666666666666
2,167,214 ==> 15 #SUP: 2 #CONF: 0.6666666666666666
2,167,168 ==> 15 #SUP: 3 #CONF: 0.6
2,167,168,214 ==> 15 #SUP: 2 #CONF: 0.6666666666666666
2,168 ==> 15 #SUP: 3 #CONF: 0.6
2,168,214 ==> 15 #SUP: 2 #CONF: 0.6666666666666666
2,10,214 ==> 15 #SUP: 2 #CONF: 0.6666666666666666
2,10,167 ==> 15 #SUP: 3 #CONF: 0.75
2,10,167,214 ==> 15 #SUP: 2 #CONF: 0.6666666666666666
2,10,167,168 ==> 15 #SUP: 2 #CONF: 0.6666666666666666
2,10,167,168,214 ==> 15 #SUP: 2 #CONF: 0.6666666666666666
2,10,168 ==> 15 #SUP: 2 #CONF: 0.6666666666666666
2,10,168,214 ==> 15 #SUP: 2 #CONF: 0.6666666666666666
2,10,107 ==> 15 #SUP: 2 #CONF: 0.3333333333333333
2,10,107,214 ==> 15 #SUP: 2 #CONF: 0.6666666666666666
2,10,107,167 ==> 15 #SUP: 2 #CONF: 0.6666666666666666
2,10,107,167,214 ==> 15 #SUP: 2 #CONF: 0.6666666666666666
2,10,107,167,168 ==> 15 #SUP: 2 #CONF: 0.6666666666666666
2,10,107,167,168,214 ==> 15 #SUP: 2 #CONF: 0.6666666666666666
2,10,107,168 ==> 15 #SUP: 2 #CONF: 0.6666666666666666
2,10,107,168,214 ==> 15 #SUP: 2 #CONF: 0.6666666666666666
2,107 ==> 15 #SUP: 3 #CONF: 0.375
2,107,214 ==> 15 #SUP: 2 #CONF: 0.6666666666666666
2,107,167 ==> 15 #SUP: 3 #CONF: 0.6
2,107,167,214 ==> 15 #SUP: 2 #CONF: 0.6666666666666666
2,107,167,168 ==> 15 #SUP: 3 #CONF: 0.6
2,107,167,168,214 ==> 15 #SUP: 2 #CONF: 0.6666666666666666
2,107,168 ==> 15 #SUP: 3 #CONF: 0.6
2,107,168,214 ==> 15 #SUP: 2 #CONF: 0.6666666666666666
2,167 ==> 15,107 #SUP: 2 #CONF: 0.3333333333333333
2,214 ==> 15,119 #SUP: 2 #CONF: 0.6666666666666666
2,167 ==> 15,119 #SUP: 3 #CONF: 0.5
2,167,214 ==> 15,119 #SUP: 2 #CONF: 0.6666666666666666
2,167,168 ==> 15,119 #SUP: 3 #CONF: 0.6
2,167,168,214 ==> 15,119 #SUP: 2 #CONF: 0.6666666666666666
2,168 ==> 15,119 #SUP: 3 #CONF: 0.6
2,168,214 ==> 15,119 #SUP: 2 #CONF: 0.6666666666666666
2,10,214 ==> 15,119 #SUP: 2 #CONF: 0.6666666666666666
2,10,167 ==> 15,119 #SUP: 2 #CONF: 0.5
2,10,167,214 ==> 15,119 #SUP: 2 #CONF: 0.6666666666666666
2,10,167,168 ==> 15,119 #SUP: 2 #CONF: 0.6666666666666666
2,10,167,168,214 ==> 15,119 #SUP: 2 #CONF: 0.6666666666666666
2,10,168 ==> 15,119 #SUP: 2 #CONF: 0.6666666666666666
2,10,168,214 ==> 15,119 #SUP: 2 #CONF: 0.6666666666666666
2,10,107 ==> 15,119 #SUP: 2 #CONF: 0.3333333333333333
2,10,107,214 ==> 15,119 #SUP: 2 #CONF: 0.6666666666666666
2,10,107,167 ==> 15,119 #SUP: 2 #CONF: 0.6666666666666666
2,10,107,167,214 ==> 15,119 #SUP: 2 #CONF: 0.6666666666666666
2,10,107,167,168 ==> 15,119 #SUP: 2 #CONF: 0.6666666666666666
2,10,107,167,168,214 ==> 15,119 #SUP: 2 #CONF: 0.6666666666666666
2,10,107,168 ==> 15,119 #SUP: 2 #CONF: 0.6666666666666666
2,10,107,168,214 ==> 15,119 #SUP: 2 #CONF: 0.6666666666666666
2,107 ==> 15,119 #SUP: 3 #CONF: 0.375
2,107,214 ==> 15,119 #SUP: 2 #CONF: 0.6666666666666666
2,107,167 ==> 15,119 #SUP: 3 #CONF: 0.6
2,107,167,214 ==> 15,119 #SUP: 2 #CONF: 0.6666666666666666
2,107,167,168 ==> 15,119 #SUP: 3 #CONF: 0.6
2,107,167,168,214 ==> 15,119 #SUP: 2 #CONF: 0.6666666666666666
2,107,168 ==> 15,119 #SUP: 3 #CONF: 0.6
2,107,168,214 ==> 15,119 #SUP: 2 #CONF: 0.6666666666666666
2,167 ==> 27 #SUP: 2 #CONF: 0.3333333333333333
2,9 ==> 27 #SUP: 2 #CONF: 1.0
2,9,10 ==> 27 #SUP: 2 #CONF: 1.0
2,10,167 ==> 27 #SUP: 2 #CONF: 0.5
2,167 ==> 27,133,134 #SUP: 2 #CONF: 0.3333333333333333
2,10,167 ==> 27,133,134 #SUP: 2 #CONF: 0.5
2,167 ==> 27,133 #SUP: 2 #CONF: 0.3333333333333333
2,10,167 ==> 27,133 #SUP: 2 #CONF: 0.5
2,167 ==> 27,134 #SUP: 2 #CONF: 0.3333333333333333
2,10,167 ==> 27,134 #SUP: 2 #CONF: 0.5
2,167 ==> 27,28,133,134 #SUP: 2 #CONF: 0.3333333333333333
2,10,167 ==> 27,28,133,134 #SUP: 2 #CONF: 0.5
2,167 ==> 27,28,133 #SUP: 2 #CONF: 0.3333333333333333
2,10,167 ==> 27,28,133 #SUP: 2 #CONF: 0.5
2,167 ==> 27,28,134 #SUP: 2 #CONF: 0.3333333333333333
2,10,167 ==> 27,28,134 #SUP: 2 #CONF: 0.5
2,167 ==> 27,28 #SUP: 2 #CONF: 0.3333333333333333
2,9 ==> 27,28 #SUP: 2 #CONF: 1.0
2,9,10 ==> 27,28 #SUP: 2 #CONF: 1.0
2,10,167 ==> 27,28 #SUP: 2 #CONF: 0.5
2,167 ==> 28 #SUP: 2 #CONF: 0.3333333333333333
2,9 ==> 28 #SUP: 2 #CONF: 1.0
2,9,10 ==> 28 #SUP: 2 #CONF: 1.0
2,10,167 ==> 28 #SUP: 2 #CONF: 0.5
2,167 ==> 28,133,134 #SUP: 2 #CONF: 0.3333333333333333
2,10,167 ==> 28,133,134 #SUP: 2 #CONF: 0.5
2,167 ==> 28,133 #SUP: 2 #CONF: 0.3333333333333333
2,10,167 ==> 28,133 #SUP: 2 #CONF: 0.5
2,167 ==> 28,134 #SUP: 2 #CONF: 0.3333333333333333
2,10,167 ==> 28,134 #SUP: 2 #CONF: 0.5
2,167 ==> 107 #SUP: 2 #CONF: 0.3333333333333333
2,167,168 ==> 107 #SUP: 2 #CONF: 0.4
2,168 ==> 107 #SUP: 2 #CONF: 0.4
2,167 ==> 107,119,169 #SUP: 2 #CONF: 0.3333333333333333
2,167,168 ==> 107,119,169 #SUP: 2 #CONF: 0.4
2,168 ==> 107,119,169 #SUP: 2 #CONF: 0.4
2,167 ==> 107,119 #SUP: 2 #CONF: 0.3333333333333333
2,167,168 ==> 107,119 #SUP: 2 #CONF: 0.4
2,168 ==> 107,119 #SUP: 2 #CONF: 0.4
2,167 ==> 107,169 #SUP: 2 #CONF: 0.3333333333333333
2,167,168 ==> 107,169 #SUP: 2 #CONF: 0.4
2,168 ==> 107,169 #SUP: 2 #CONF: 0.4
2,214 ==> 119 #SUP: 2 #CONF: 0.6666666666666666
2,167 ==> 119 #SUP: 4 #CONF: 0.6666666666666666
2,167,214 ==> 119 #SUP: 2 #CONF: 0.6666666666666666
2,167,168 ==> 119 #SUP: 4 #CONF: 0.8
2,167,168,214 ==> 119 #SUP: 2 #CONF: 0.6666666666666666
2,168 ==> 119 #SUP: 4 #CONF: 0.8
2,168,214 ==> 119 #SUP: 2 #CONF: 0.6666666666666666
2,10,214 ==> 119 #SUP: 2 #CONF: 0.6666666666666666
2,10,167 ==> 119 #SUP: 2 #CONF: 0.5
2,10,167,214 ==> 119 #SUP: 2 #CONF: 0.6666666666666666
2,10,167,168 ==> 119 #SUP: 2 #CONF: 0.6666666666666666
2,10,167,168,214 ==> 119 #SUP: 2 #CONF: 0.6666666666666666
2,10,168 ==> 119 #SUP: 2 #CONF: 0.6666666666666666
2,10,168,214 ==> 119 #SUP: 2 #CONF: 0.6666666666666666
2,10,107 ==> 119 #SUP: 2 #CONF: 0.3333333333333333
2,10,107,214 ==> 119 #SUP: 2 #CONF: 0.6666666666666666
2,10,107,167 ==> 119 #SUP: 2 #CONF: 0.6666666666666666
2,10,107,167,214 ==> 119 #SUP: 2 #CONF: 0.6666666666666666
2,10,107,167,168 ==> 119 #SUP: 2 #CONF: 0.6666666666666666
2,10,107,167,168,214 ==> 119 #SUP: 2 #CONF: 0.6666666666666666
2,10,107,168 ==> 119 #SUP: 2 #CONF: 0.6666666666666666
2,10,107,168,214 ==> 119 #SUP: 2 #CONF: 0.6666666666666666
2,107 ==> 119 #SUP: 4 #CONF: 0.5
2,107,214 ==> 119 #SUP: 2 #CONF: 0.6666666666666666
2,107,167 ==> 119 #SUP: 4 #CONF: 0.8
2,107,167,214 ==> 119 #SUP: 2 #CONF: 0.6666666666666666
2,107,167,168 ==> 119 #SUP: 4 #CONF: 0.8
2,107,167,168,214 ==> 119 #SUP: 2 #CONF: 0.6666666666666666
2,107,168 ==> 119 #SUP: 4 #CONF: 0.8
2,107,168,214 ==> 119 #SUP: 2 #CONF: 0.6666666666666666
2,167 ==> 119,169 #SUP: 2 #CONF: 0.3333333333333333
2,167,168 ==> 119,169 #SUP: 2 #CONF: 0.4
2,168 ==> 119,169 #SUP: 2 #CONF: 0.4
2,107,167 ==> 119,169 #SUP: 2 #CONF: 0.4
2,107,167,168 ==> 119,169 #SUP: 2 #CONF: 0.4
2,107,168 ==> 119,169 #SUP: 2 #CONF: 0.4
2,167 ==> 133 #SUP: 2 #CONF: 0.3333333333333333
2,10,167 ==> 133 #SUP: 2 #CONF: 0.5
2,167 ==> 133,134 #SUP: 2 #CONF: 0.3333333333333333
2,10,167 ==> 133,134 #SUP: 2 #CONF: 0.5
2,167 ==> 134 #SUP: 2 #CONF: 0.3333333333333333
2,10,167 ==> 134 #SUP: 2 #CONF: 0.5
9 ==> 11 #SUP: 2 #CONF: 1.0
9,10 ==> 11 #SUP: 2 #CONF: 1.0
9 ==> 11,12 #SUP: 2 #CONF: 1.0
9 ==> 11,12,27 #SUP: 2 #CONF: 1.0
9 ==> 11,12,27,28 #SUP: 2 #CONF: 1.0
9,10 ==> 11,12,27,28 #SUP: 2 #CONF: 1.0
9,10 ==> 11,12,27 #SUP: 2 #CONF: 1.0
9 ==> 11,12,28 #SUP: 2 #CONF: 1.0
9,10 ==> 11,12,28 #SUP: 2 #CONF: 1.0
9,10 ==> 11,12 #SUP: 2 #CONF: 1.0
9 ==> 11,27 #SUP: 2 #CONF: 1.0
9 ==> 11,27,28 #SUP: 2 #CONF: 1.0
9,10 ==> 11,27,28 #SUP: 2 #CONF: 1.0
9,10 ==> 11,27 #SUP: 2 #CONF: 1.0
9 ==> 11,28 #SUP: 2 #CONF: 1.0
9,10 ==> 11,28 #SUP: 2 #CONF: 1.0
9 ==> 12 #SUP: 2 #CONF: 1.0
9,10 ==> 12 #SUP: 2 #CONF: 1.0
9 ==> 12,27 #SUP: 2 #CONF: 1.0
9 ==> 12,27,28 #SUP: 2 #CONF: 1.0
9,10 ==> 12,27,28 #SUP: 2 #CONF: 1.0
9,10 ==> 12,27 #SUP: 2 #CONF: 1.0
9 ==> 12,28 #SUP: 2 #CONF: 1.0
9,10 ==> 12,28 #SUP: 2 #CONF: 1.0
9 ==> 27 #SUP: 2 #CONF: 1.0
9,10 ==> 27 #SUP: 2 #CONF: 1.0
9 ==> 27,28 #SUP: 2 #CONF: 1.0
9,10 ==> 27,28 #SUP: 2 #CONF: 1.0
9 ==> 28 #SUP: 2 #CONF: 1.0
9,10 ==> 28 #SUP: 2 #CONF: 1.0
10,214 ==> 11 #SUP: 2 #CONF: 0.6666666666666666
10,167 ==> 11 #SUP: 3 #CONF: 0.75
10,167,214 ==> 11 #SUP: 2 #CONF: 0.6666666666666666
10,167,168 ==> 11 #SUP: 2 #CONF: 0.6666666666666666
10,167,168,214 ==> 11 #SUP: 2 #CONF: 0.6666666666666666
10,168 ==> 11 #SUP: 2 #CONF: 0.6666666666666666
10,168,214 ==> 11 #SUP: 2 #CONF: 0.6666666666666666
10,107 ==> 11 #SUP: 2 #CONF: 0.3333333333333333
10,107,214 ==> 11 #SUP: 2 #CONF: 0.6666666666666666
10,107,167 ==> 11 #SUP: 2 #CONF: 0.6666666666666666
10,107,167,214 ==> 11 #SUP: 2 #CONF: 0.6666666666666666
10,107,167,168 ==> 11 #SUP: 2 #CONF: 0.6666666666666666
10,107,167,168,214 ==> 11 #SUP: 2 #CONF: 0.6666666666666666
10,107,168 ==> 11 #SUP: 2 #CONF: 0.6666666666666666
10,107,168,214 ==> 11 #SUP: 2 #CONF: 0.6666666666666666
10,167 ==> 11,133,134 #SUP: 2 #CONF: 0.5
10,167 ==> 11,133 #SUP: 2 #CONF: 0.5
10,167 ==> 11,134 #SUP: 2 #CONF: 0.5
10,167 ==> 11,12,133,134 #SUP: 2 #CONF: 0.5
10,167 ==> 11,12,133 #SUP: 2 #CONF: 0.5
10,167 ==> 11,12,134 #SUP: 2 #CONF: 0.5
10,167 ==> 11,12,13,133,134 #SUP: 2 #CONF: 0.5
10,167 ==> 11,12,13,133 #SUP: 2 #CONF: 0.5
10,167 ==> 11,12,13,134 #SUP: 2 #CONF: 0.5
10,167 ==> 11,12,13,27,133,134 #SUP: 2 #CONF: 0.5
10,167 ==> 11,12,13,27,133 #SUP: 2 #CONF: 0.5
10,167 ==> 11,12,13,27,134 #SUP: 2 #CONF: 0.5
10,167 ==> 11,12,13,27,28,133,134 #SUP: 2 #CONF: 0.5
10,167 ==> 11,12,13,27,28,133 #SUP: 2 #CONF: 0.5
10,167 ==> 11,12,13,27,28,134 #SUP: 2 #CONF: 0.5
10,167 ==> 11,12,13,27,28 #SUP: 2 #CONF: 0.5
10,167 ==> 11,12,13,27 #SUP: 2 #CONF: 0.5
10,167 ==> 11,12,13,28,133,134 #SUP: 2 #CONF: 0.5
10,167 ==> 11,12,13,28,133 #SUP: 2 #CONF: 0.5
10,167 ==> 11,12,13,28,134 #SUP: 2 #CONF: 0.5
10,167 ==> 11,12,13,28 #SUP: 2 #CONF: 0.5
10,167 ==> 11,12,13 #SUP: 2 #CONF: 0.5
10,167 ==> 11,12,14,15 #SUP: 2 #CONF: 0.5
10,167 ==> 11,12,14 #SUP: 2 #CONF: 0.5
10,167 ==> 11,12,15 #SUP: 2 #CONF: 0.5
10,167 ==> 11,12,27,133,134 #SUP: 2 #CONF: 0.5
10,167 ==> 11,12,27,133 #SUP: 2 #CONF: 0.5
10,167 ==> 11,12,27,134 #SUP: 2 #CONF: 0.5
10,167 ==> 11,12,27,28,133,134 #SUP: 2 #CONF: 0.5
10,167 ==> 11,12,27,28,133 #SUP: 2 #CONF: 0.5
10,167 ==> 11,12,27,28,134 #SUP: 2 #CONF: 0.5
10,167 ==> 11,12,27,28 #SUP: 2 #CONF: 0.5
10,167 ==> 11,12,27 #SUP: 2 #CONF: 0.5
10,167 ==> 11,12,28,133,134 #SUP: 2 #CONF: 0.5
10,167 ==> 11,12,28,133 #SUP: 2 #CONF: 0.5
10,167 ==> 11,12,28,134 #SUP: 2 #CONF: 0.5
10,167 ==> 11,12,28 #SUP: 2 #CONF: 0.5
10,214 ==> 11,12 #SUP: 2 #CONF: 0.6666666666666666
10,167 ==> 11,12 #SUP: 3 #CONF: 0.75
10,167,214 ==> 11,12 #SUP: 2 #CONF: 0.6666666666666666
10,167,168 ==> 11,12 #SUP: 2 #CONF: 0.6666666666666666
10,167,168,214 ==> 11,12 #SUP: 2 #CONF: 0.6666666666666666
10,168 ==> 11,12 #SUP: 2 #CONF: 0.6666666666666666
10,168,214 ==> 11,12 #SUP: 2 #CONF: 0.6666666666666666
10,107 ==> 11,12 #SUP: 2 #CONF: 0.3333333333333333
10,107,214 ==> 11,12 #SUP: 2 #CONF: 0.6666666666666666
10,107,167 ==> 11,12 #SUP: 2 #CONF: 0.6666666666666666
10,107,167,214 ==> 11,12 #SUP: 2 #CONF: 0.6666666666666666
10,107,167,168 ==> 11,12 #SUP: 2 #CONF: 0.6666666666666666
10,107,167,168,214 ==> 11,12 #SUP: 2 #CONF: 0.6666666666666666
10,107,168 ==> 11,12 #SUP: 2 #CONF: 0.6666666666666666
10,107,168,214 ==> 11,12 #SUP: 2 #CONF: 0.6666666666666666
10,167 ==> 11,13,133,134 #SUP: 2 #CONF: 0.5
10,167 ==> 11,13,133 #SUP: 2 #CONF: 0.5
10,167 ==> 11,13,134 #SUP: 2 #CONF: 0.5
10,167 ==> 11,13,27,133,134 #SUP: 2 #CONF: 0.5
10,167 ==> 11,13,27,133 #SUP: 2 #CONF: 0.5
10,167 ==> 11,13,27,134 #SUP: 2 #CONF: 0.5
10,167 ==> 11,13,27,28,133,134 #SUP: 2 #CONF: 0.5
10,167 ==> 11,13,27,28,133 #SUP: 2 #CONF: 0.5
10,167 ==> 11,13,27,28,134 #SUP: 2 #CONF: 0.5
10,167 ==> 11,13,27,28 #SUP: 2 #CONF: 0.5
10,167 ==> 11,13,27 #SUP: 2 #CONF: 0.5
10,167 ==> 11,13,28,133,134 #SUP: 2 #CONF: 0.5
10,167 ==> 11,13,28,133 #SUP: 2 #CONF: 0.5
10,167 ==> 11,13,28,134 #SUP: 2 #CONF: 0.5
10,167 ==> 11,13,28 #SUP: 2 #CONF: 0.5
10,167 ==> 11,13 #SUP: 2 #CONF: 0.5
10,167 ==> 11,14,15 #SUP: 2 #CONF: 0.5
10,167 ==> 11,14 #SUP: 2 #CONF: 0.5
10,167 ==> 11,15 #SUP: 2 #CONF: 0.5
10,167 ==> 11,27,133,134 #SUP: 2 #CONF: 0.5
10,167 ==> 11,27,133 #SUP: 2 #CONF: 0.5
10,167 ==> 11,27,134 #SUP: 2 #CONF: 0.5
10,167 ==> 11,27,28,133,134 #SUP: 2 #CONF: 0.5
10,167 ==> 11,27,28,133 #SUP: 2 #CONF: 0.5
10,167 ==> 11,27,28,134 #SUP: 2 #CONF: 0.5
10,167 ==> 11,27,28 #SUP: 2 #CONF: 0.5
10,167 ==> 11,27 #SUP: 2 #CONF: 0.5
10,167 ==> 11,28,133,134 #SUP: 2 #CONF: 0.5
10,167 ==> 11,28,133 #SUP: 2 #CONF: 0.5
10,167 ==> 11,28,134 #SUP: 2 #CONF: 0.5
10,167 ==> 11,28 #SUP: 2 #CONF: 0.5
10 ==> 12 #SUP: 13 #CONF: 0.3023255813953488
10,214 ==> 12 #SUP: 2 #CONF: 0.6666666666666666
10,167 ==> 12 #SUP: 3 #CONF: 0.75
10,167,214 ==> 12 #SUP: 2 #CONF: 0.6666666666666666
10,167,168 ==> 12 #SUP: 2 #CONF: 0.6666666666666666
10,167,168,214 ==> 12 #SUP: 2 #CONF: 0.6666666666666666
10,168 ==> 12 #SUP: 2 #CONF: 0.6666666666666666
10,168,214 ==> 12 #SUP: 2 #CONF: 0.6666666666666666
10,107 ==> 12 #SUP: 2 #CONF: 0.3333333333333333
10,107,214 ==> 12 #SUP: 2 #CONF: 0.6666666666666666
10,107,167 ==> 12 #SUP: 2 #CONF: 0.6666666666666666
10,107,167,214 ==> 12 #SUP: 2 #CONF: 0.6666666666666666
10,107,167,168 ==> 12 #SUP: 2 #CONF: 0.6666666666666666
10,107,167,168,214 ==> 12 #SUP: 2 #CONF: 0.6666666666666666
10,107,168 ==> 12 #SUP: 2 #CONF: 0.6666666666666666
10,107,168,214 ==> 12 #SUP: 2 #CONF: 0.6666666666666666
10,167 ==> 12,133,134 #SUP: 2 #CONF: 0.5
10,167 ==> 12,133 #SUP: 2 #CONF: 0.5
10,167 ==> 12,134 #SUP: 2 #CONF: 0.5
10,167 ==> 12,13,133,134 #SUP: 2 #CONF: 0.5
10,167 ==> 12,13,133 #SUP: 2 #CONF: 0.5
10,167 ==> 12,13,134 #SUP: 2 #CONF: 0.5
10,167 ==> 12,13,27,133,134 #SUP: 2 #CONF: 0.5
10,167 ==> 12,13,27,133 #SUP: 2 #CONF: 0.5
10,167 ==> 12,13,27,134 #SUP: 2 #CONF: 0.5
10,167 ==> 12,13,27,28,133,134 #SUP: 2 #CONF: 0.5
10,167 ==> 12,13,27,28,133 #SUP: 2 #CONF: 0.5
10,167 ==> 12,13,27,28,134 #SUP: 2 #CONF: 0.5
10,167 ==> 12,13,27,28 #SUP: 2 #CONF: 0.5
10,167 ==> 12,13,27 #SUP: 2 #CONF: 0.5
10,167 ==> 12,13,28,133,134 #SUP: 2 #CONF: 0.5
10,167 ==> 12,13,28,133 #SUP: 2 #CONF: 0.5
10,167 ==> 12,13,28,134 #SUP: 2 #CONF: 0.5
10,167 ==> 12,13,28 #SUP: 2 #CONF: 0.5
10,167 ==> 12,13 #SUP: 2 #CONF: 0.5
10,167 ==> 12,14,15 #SUP: 2 #CONF: 0.5
10,167 ==> 12,14 #SUP: 2 #CONF: 0.5
10,167 ==> 12,15 #SUP: 2 #CONF: 0.5
10,167 ==> 12,27,133,134 #SUP: 2 #CONF: 0.5
10,167 ==> 12,27,133 #SUP: 2 #CONF: 0.5
10,167 ==> 12,27,134 #SUP: 2 #CONF: 0.5
10,167 ==> 12,27,28,133,134 #SUP: 2 #CONF: 0.5
10,167 ==> 12,27,28,133 #SUP: 2 #CONF: 0.5
10,167 ==> 12,27,28,134 #SUP: 2 #CONF: 0.5
10,167 ==> 12,27,28 #SUP: 2 #CONF: 0.5
10,167 ==> 12,27 #SUP: 2 #CONF: 0.5
10,167 ==> 12,28,133,134 #SUP: 2 #CONF: 0.5
10,167 ==> 12,28,133 #SUP: 2 #CONF: 0.5
10,167 ==> 12,28,134 #SUP: 2 #CONF: 0.5
10,167 ==> 12,28 #SUP: 2 #CONF: 0.5
10 ==> 13 #SUP: 13 #CONF: 0.3023255813953488
10,167 ==> 13 #SUP: 2 #CONF: 0.5
10,167 ==> 13,133,134 #SUP: 2 #CONF: 0.5
10,167 ==> 13,133 #SUP: 2 #CONF: 0.5
10,167 ==> 13,134 #SUP: 2 #CONF: 0.5
10,167 ==> 13,27,133,134 #SUP: 2 #CONF: 0.5
10,167 ==> 13,27,133 #SUP: 2 #CONF: 0.5
10,167 ==> 13,27,134 #SUP: 2 #CONF: 0.5
10,167 ==> 13,27,28,133,134 #SUP: 2 #CONF: 0.5
10,167 ==> 13,27,28,133 #SUP: 2 #CONF: 0.5
10,167 ==> 13,27,28,134 #SUP: 2 #CONF: 0.5
10,167 ==> 13,27,28 #SUP: 2 #CONF: 0.5
10,167 ==> 13,27 #SUP: 2 #CONF: 0.5
10,167 ==> 13,28,133,134 #SUP: 2 #CONF: 0.5
10,167 ==> 13,28,133 #SUP: 2 #CONF: 0.5
10,167 ==> 13,28,134 #SUP: 2 #CONF: 0.5
10,167 ==> 13,28 #SUP: 2 #CONF: 0.5
10,214 ==> 14 #SUP: 2 #CONF: 0.6666666666666666
10,167 ==> 14 #SUP: 3 #CONF: 0.75
10,167,214 ==> 14 #SUP: 2 #CONF: 0.6666666666666666
10,167,168 ==> 14 #SUP: 2 #CONF: 0.6666666666666666
10,167,168,214 ==> 14 #SUP: 2 #CONF: 0.6666666666666666
10,168 ==> 14 #SUP: 2 #CONF: 0.6666666666666666
10,168,214 ==> 14 #SUP: 2 #CONF: 0.6666666666666666
10,107 ==> 14 #SUP: 2 #CONF: 0.3333333333333333
10,107,214 ==> 14 #SUP: 2 #CONF: 0.6666666666666666
10,107,167 ==> 14 #SUP: 2 #CONF: 0.6666666666666666
10,107,167,214 ==> 14 #SUP: 2 #CONF: 0.6666666666666666
10,107,167,168 ==> 14 #SUP: 2 #CONF: 0.6666666666666666
10,107,167,168,214 ==> 14 #SUP: 2 #CONF: 0.6666666666666666
10,107,168 ==> 14 #SUP: 2 #CONF: 0.6666666666666666
10,107,168,214 ==> 14 #SUP: 2 #CONF: 0.6666666666666666
10,214 ==> 14,15,119 #SUP: 2 #CONF: 0.6666666666666666
10,167 ==> 14,15,119 #SUP: 2 #CONF: 0.5
10,167,214 ==> 14,15,119 #SUP: 2 #CONF: 0.6666666666666666
10,167,168 ==> 14,15,119 #SUP: 2 #CONF: 0.6666666666666666
10,167,168,214 ==> 14,15,119 #SUP: 2 #CONF: 0.6666666666666666
10,168 ==> 14,15,119 #SUP: 2 #CONF: 0.6666666666666666
10,168,214 ==> 14,15,119 #SUP: 2 #CONF: 0.6666666666666666
10,107 ==> 14,15,119 #SUP: 2 #CONF: 0.3333333333333333
10,107,214 ==> 14,15,119 #SUP: 2 #CONF: 0.6666666666666666
10,107,167 ==> 14,15,119 #SUP: 2 #CONF: 0.6666666666666666
10,107,167,214 ==> 14,15,119 #SUP: 2 #CONF: 0.6666666666666666
10,107,167,168 ==> 14,15,119 #SUP: 2 #CONF: 0.6666666666666666
10,107,167,168,214 ==> 14,15,119 #SUP: 2 #CONF: 0.6666666666666666
10,107,168 ==> 14,15,119 #SUP: 2 #CONF: 0.6666666666666666
10,107,168,214 ==> 14,15,119 #SUP: 2 #CONF: 0.6666666666666666
10,214 ==> 14,15 #SUP: 2 #CONF: 0.6666666666666666
10,167 ==> 14,15 #SUP: 3 #CONF: 0.75
10,167,214 ==> 14,15 #SUP: 2 #CONF: 0.6666666666666666
10,167,168 ==> 14,15 #SUP: 2 #CONF: 0.6666666666666666
10,167,168,214 ==> 14,15 #SUP: 2 #CONF: 0.6666666666666666
10,168 ==> 14,15 #SUP: 2 #CONF: 0.6666666666666666
10,168,214 ==> 14,15 #SUP: 2 #CONF: 0.6666666666666666
10,107 ==> 14,15 #SUP: 2 #CONF: 0.3333333333333333
10,107,214 ==> 14,15 #SUP: 2 #CONF: 0.6666666666666666
10,107,167 ==> 14,15 #SUP: 2 #CONF: 0.6666666666666666
10,107,167,214 ==> 14,15 #SUP: 2 #CONF: 0.6666666666666666
10,107,167,168 ==> 14,15 #SUP: 2 #CONF: 0.6666666666666666
10,107,167,168,214 ==> 14,15 #SUP: 2 #CONF: 0.6666666666666666
10,107,168 ==> 14,15 #SUP: 2 #CONF: 0.6666666666666666
10,107,168,214 ==> 14,15 #SUP: 2 #CONF: 0.6666666666666666
10,214 ==> 14,119 #SUP: 2 #CONF: 0.6666666666666666
10,167 ==> 14,119 #SUP: 2 #CONF: 0.5
10,167,214 ==> 14,119 #SUP: 2 #CONF: 0.6666666666666666
10,167,168 ==> 14,119 #SUP: 2 #CONF: 0.6666666666666666
10,167,168,214 ==> 14,119 #SUP: 2 #CONF: 0.6666666666666666
10,168 ==> 14,119 #SUP: 2 #CONF: 0.6666666666666666
10,168,214 ==> 14,119 #SUP: 2 #CONF: 0.6666666666666666
10,107 ==> 14,119 #SUP: 2 #CONF: 0.3333333333333333
10,107,214 ==> 14,119 #SUP: 2 #CONF: 0.6666666666666666
10,107,167 ==> 14,119 #SUP: 2 #CONF: 0.6666666666666666
10,107,167,214 ==> 14,119 #SUP: 2 #CONF: 0.6666666666666666
10,107,167,168 ==> 14,119 #SUP: 2 #CONF: 0.6666666666666666
10,107,167,168,214 ==> 14,119 #SUP: 2 #CONF: 0.6666666666666666
10,107,168 ==> 14,119 #SUP: 2 #CONF: 0.6666666666666666
10,107,168,214 ==> 14,119 #SUP: 2 #CONF: 0.6666666666666666
10,214 ==> 15 #SUP: 2 #CONF: 0.6666666666666666
10,167 ==> 15 #SUP: 3 #CONF: 0.75
10,167,214 ==> 15 #SUP: 2 #CONF: 0.6666666666666666
10,167,168 ==> 15 #SUP: 2 #CONF: 0.6666666666666666
10,167,168,214 ==> 15 #SUP: 2 #CONF: 0.6666666666666666
10,168 ==> 15 #SUP: 2 #CONF: 0.6666666666666666
10,168,214 ==> 15 #SUP: 2 #CONF: 0.6666666666666666
10,107 ==> 15 #SUP: 2 #CONF: 0.3333333333333333
10,107,214 ==> 15 #SUP: 2 #CONF: 0.6666666666666666
10,107,167 ==> 15 #SUP: 2 #CONF: 0.6666666666666666
10,107,167,214 ==> 15 #SUP: 2 #CONF: 0.6666666666666666
10,107,167,168 ==> 15 #SUP: 2 #CONF: 0.6666666666666666
10,107,167,168,214 ==> 15 #SUP: 2 #CONF: 0.6666666666666666
10,107,168 ==> 15 #SUP: 2 #CONF: 0.6666666666666666
10,107,168,214 ==> 15 #SUP: 2 #CONF: 0.6666666666666666
10,214 ==> 15,119 #SUP: 2 #CONF: 0.6666666666666666
10,167 ==> 15,119 #SUP: 2 #CONF: 0.5
10,167,214 ==> 15,119 #SUP: 2 #CONF: 0.6666666666666666
10,167,168 ==> 15,119 #SUP: 2 #CONF: 0.6666666666666666
10,167,168,214 ==> 15,119 #SUP: 2 #CONF: 0.6666666666666666
10,168 ==> 15,119 #SUP: 2 #CONF: 0.6666666666666666
10,168,214 ==> 15,119 #SUP: 2 #CONF: 0.6666666666666666
10,107 ==> 15,119 #SUP: 2 #CONF: 0.3333333333333333
10,107,214 ==> 15,119 #SUP: 2 #CONF: 0.6666666666666666
10,107,167 ==> 15,119 #SUP: 2 #CONF: 0.6666666666666666
10,107,167,214 ==> 15,119 #SUP: 2 #CONF: 0.6666666666666666
10,107,167,168 ==> 15,119 #SUP: 2 #CONF: 0.6666666666666666
10,107,167,168,214 ==> 15,119 #SUP: 2 #CONF: 0.6666666666666666
10,107,168 ==> 15,119 #SUP: 2 #CONF: 0.6666666666666666
10,107,168,214 ==> 15,119 #SUP: 2 #CONF: 0.6666666666666666
10,167 ==> 27 #SUP: 2 #CONF: 0.5
10,167 ==> 27,133,134 #SUP: 2 #CONF: 0.5
10,167 ==> 27,133 #SUP: 2 #CONF: 0.5
10,167 ==> 27,134 #SUP: 2 #CONF: 0.5
10,167 ==> 27,28,133,134 #SUP: 2 #CONF: 0.5
10,167 ==> 27,28,133 #SUP: 2 #CONF: 0.5
10,167 ==> 27,28,134 #SUP: 2 #CONF: 0.5
10,167 ==> 27,28 #SUP: 2 #CONF: 0.5
10,167 ==> 28 #SUP: 2 #CONF: 0.5
10,167 ==> 28,133,134 #SUP: 2 #CONF: 0.5
10,167 ==> 28,133 #SUP: 2 #CONF: 0.5
10,167 ==> 28,134 #SUP: 2 #CONF: 0.5
10,214 ==> 119 #SUP: 2 #CONF: 0.6666666666666666
10,167 ==> 119 #SUP: 2 #CONF: 0.5
10,167,214 ==> 119 #SUP: 2 #CONF: 0.6666666666666666
10,167,168 ==> 119 #SUP: 2 #CONF: 0.6666666666666666
10,167,168,214 ==> 119 #SUP: 2 #CONF: 0.6666666666666666
10,168 ==> 119 #SUP: 2 #CONF: 0.6666666666666666
10,168,214 ==> 119 #SUP: 2 #CONF: 0.6666666666666666
10,107 ==> 119 #SUP: 2 #CONF: 0.3333333333333333
10,107,214 ==> 119 #SUP: 2 #CONF: 0.6666666666666666
10,107,167 ==> 119 #SUP: 2 #CONF: 0.6666666666666666
10,107,167,214 ==> 119 #SUP: 2 #CONF: 0.6666666666666666
10,107,167,168 ==> 119 #SUP: 2 #CONF: 0.6666666666666666
10,107,167,168,214 ==> 119 #SUP: 2 #CONF: 0.6666666666666666
10,107,168 ==> 119 #SUP: 2 #CONF: 0.6666666666666666
10,107,168,214 ==> 119 #SUP: 2 #CONF: 0.6666666666666666
10,167 ==> 133 #SUP: 2 #CONF: 0.5
10,167 ==> 133,134 #SUP: 2 #CONF: 0.5
10,167 ==> 134 #SUP: 2 #CONF: 0.5
107 ==> 11 #SUP: 4 #CONF: 0.5
107 ==> 11,119 #SUP: 3 #CONF: 0.375
107,167 ==> 11,119,169 #SUP: 2 #CONF: 0.4
107,167 ==> 11,119 #SUP: 3 #CONF: 0.6
107,167,168 ==> 11,119 #SUP: 2 #CONF: 0.4
107,168 ==> 11,119 #SUP: 2 #CONF: 0.4
107,167 ==> 11,169 #SUP: 2 #CONF: 0.4
107 ==> 11,12 #SUP: 4 #CONF: 0.5
107 ==> 11,12,119 #SUP: 3 #CONF: 0.375
107,167 ==> 11,12,119,169 #SUP: 2 #CONF: 0.4
107,167,168 ==> 11,12,119,169 #SUP: 2 #CONF: 0.4
107,168 ==> 11,12,119,169 #SUP: 2 #CONF: 0.4
107,167 ==> 11,12,119 #SUP: 3 #CONF: 0.6
107,167,168 ==> 11,12,119 #SUP: 3 #CONF: 0.6
107,168 ==> 11,12,119 #SUP: 3 #CONF: 0.6
107,167 ==> 11,12,169 #SUP: 2 #CONF: 0.4
107,167,168 ==> 11,12,169 #SUP: 2 #CONF: 0.4
107,168 ==> 11,12,169 #SUP: 2 #CONF: 0.4
107,167 ==> 11,12,14,119,169 #SUP: 2 #CONF: 0.4
107,167,168 ==> 11,12,14,119,169 #SUP: 2 #CONF: 0.4
107,168 ==> 11,12,14,119,169 #SUP: 2 #CONF: 0.4
107,167 ==> 11,12,14,119 #SUP: 2 #CONF: 0.4
107,167,168 ==> 11,12,14,119 #SUP: 2 #CONF: 0.4
107,168 ==> 11,12,14,119 #SUP: 2 #CONF: 0.4
107,167 ==> 11,12,14,169 #SUP: 2 #CONF: 0.4
107,167,168 ==> 11,12,14,169 #SUP: 2 #CONF: 0.4
107,168 ==> 11,12,14,169 #SUP: 2 #CONF: 0.4
107,167 ==> 11,12,14,15,119,169 #SUP: 2 #CONF: 0.4
107,167,168 ==> 11,12,14,15,119,169 #SUP: 2 #CONF: 0.4
107,168 ==> 11,12,14,15,119,169 #SUP: 2 #CONF: 0.4
107,167 ==> 11,12,14,15,119 #SUP: 2 #CONF: 0.4
107,167,168 ==> 11,12,14,15,119 #SUP: 2 #CONF: 0.4
107,168 ==> 11,12,14,15,119 #SUP: 2 #CONF: 0.4
107,167 ==> 11,12,14,15,169 #SUP: 2 #CONF: 0.4
107,167,168 ==> 11,12,14,15,169 #SUP: 2 #CONF: 0.4
107,168 ==> 11,12,14,15,169 #SUP: 2 #CONF: 0.4
107,167 ==> 11,12,14,15 #SUP: 2 #CONF: 0.4
107,167,168 ==> 11,12,14,15 #SUP: 2 #CONF: 0.4
107,168 ==> 11,12,14,15 #SUP: 2 #CONF: 0.4
107,167 ==> 11,12,14 #SUP: 2 #CONF: 0.4
107,167,168 ==> 11,12,14 #SUP: 2 #CONF: 0.4
107,168 ==> 11,12,14 #SUP: 2 #CONF: 0.4
107,167 ==> 11,12,15,119,169 #SUP: 2 #CONF: 0.4
107,167,168 ==> 11,12,15,119,169 #SUP: 2 #CONF: 0.4
107,168 ==> 11,12,15,119,169 #SUP: 2 #CONF: 0.4
107,167 ==> 11,12,15,119 #SUP: 2 #CONF: 0.4
107,167,168 ==> 11,12,15,119 #SUP: 2 #CONF: 0.4
107,168 ==> 11,12,15,119 #SUP: 2 #CONF: 0.4
107,167 ==> 11,12,15,169 #SUP: 2 #CONF: 0.4
107,167,168 ==> 11,12,15,169 #SUP: 2 #CONF: 0.4
107,168 ==> 11,12,15,169 #SUP: 2 #CONF: 0.4
107,167 ==> 11,12,15 #SUP: 2 #CONF: 0.4
107,167,168 ==> 11,12,15 #SUP: 2 #CONF: 0.4
107,168 ==> 11,12,15 #SUP: 2 #CONF: 0.4
107,214 ==> 11,12 #SUP: 2 #CONF: 0.6666666666666666
107,167 ==> 11,12 #SUP: 4 #CONF: 0.8
107,167,214 ==> 11,12 #SUP: 2 #CONF: 0.6666666666666666
107,167,168 ==> 11,12 #SUP: 4 #CONF: 0.8
107,167,168,214 ==> 11,12 #SUP: 2 #CONF: 0.6666666666666666
107,168 ==> 11,12 #SUP: 4 #CONF: 0.8
107,168,214 ==> 11,12 #SUP: 2 #CONF: 0.6666666666666666
107,167 ==> 11,14,119,169 #SUP: 2 #CONF: 0.4
107,167 ==> 11,14,119 #SUP: 2 #CONF: 0.4
107,167 ==> 11,14,169 #SUP: 2 #CONF: 0.4
107,167 ==> 11,14,15,119,169 #SUP: 2 #CONF: 0.4
107,167 ==> 11,14,15,119 #SUP: 2 #CONF: 0.4
107,167 ==> 11,14,15,169 #SUP: 2 #CONF: 0.4
107,167 ==> 11,14,15 #SUP: 2 #CONF: 0.4
107,167 ==> 11,14 #SUP: 2 #CONF: 0.4
107,167 ==> 11,15,119,169 #SUP: 2 #CONF: 0.4
107,167 ==> 11,15,119 #SUP: 2 #CONF: 0.4
107,167 ==> 11,15,169 #SUP: 2 #CONF: 0.4
107,167 ==> 11,15 #SUP: 2 #CONF: 0.4
107,214 ==> 11 #SUP: 2 #CONF: 0.6666666666666666
107,167 ==> 11 #SUP: 4 #CONF: 0.8
107,167,214 ==> 11 #SUP: 2 #CONF: 0.6666666666666666
107,167,168 ==> 11 #SUP: 4 #CONF: 0.8
107,167,168,214 ==> 11 #SUP: 2 #CONF: 0.6666666666666666
107,168 ==> 11 #SUP: 4 #CONF: 0.8
107,168,214 ==> 11 #SUP: 2 #CONF: 0.6666666666666666
167 ==> 11 #SUP: 5 #CONF: 0.8333333333333334
167 ==> 11,133 #SUP: 2 #CONF: 0.3333333333333333
167 ==> 11,133,134 #SUP: 2 #CONF: 0.3333333333333333
167 ==> 11,134 #SUP: 2 #CONF: 0.3333333333333333
167 ==> 11,169 #SUP: 2 #CONF: 0.3333333333333333
167,168 ==> 11,169 #SUP: 2 #CONF: 0.4
167 ==> 11,107 #SUP: 2 #CONF: 0.3333333333333333
167 ==> 11,107,119 #SUP: 2 #CONF: 0.3333333333333333
167 ==> 11,107,119,169 #SUP: 2 #CONF: 0.3333333333333333
167,168 ==> 11,107,119,169 #SUP: 2 #CONF: 0.4
167,168 ==> 11,107,119 #SUP: 2 #CONF: 0.4
167 ==> 11,107,169 #SUP: 2 #CONF: 0.3333333333333333
167,168 ==> 11,107,169 #SUP: 2 #CONF: 0.4
167,168 ==> 11,107 #SUP: 2 #CONF: 0.4
167 ==> 11,12 #SUP: 5 #CONF: 0.8333333333333334
167 ==> 11,12,133 #SUP: 2 #CONF: 0.3333333333333333
167 ==> 11,12,133,134 #SUP: 2 #CONF: 0.3333333333333333
167 ==> 11,12,134 #SUP: 2 #CONF: 0.3333333333333333
167 ==> 11,12,169 #SUP: 2 #CONF: 0.3333333333333333
167,168 ==> 11,12,169 #SUP: 2 #CONF: 0.4
167 ==> 11,12,107 #SUP: 2 #CONF: 0.3333333333333333
167 ==> 11,12,107,119 #SUP: 2 #CONF: 0.3333333333333333
167 ==> 11,12,107,119,169 #SUP: 2 #CONF: 0.3333333333333333
167,168 ==> 11,12,107,119,169 #SUP: 2 #CONF: 0.4
167,168 ==> 11,12,107,119 #SUP: 2 #CONF: 0.4
167 ==> 11,12,107,169 #SUP: 2 #CONF: 0.3333333333333333
167,168 ==> 11,12,107,169 #SUP: 2 #CONF: 0.4
167,168 ==> 11,12,107 #SUP: 2 #CONF: 0.4
167 ==> 11,12,13 #SUP: 2 #CONF: 0.3333333333333333
167 ==> 11,12,13,133 #SUP: 2 #CONF: 0.3333333333333333
167 ==> 11,12,13,133,134 #SUP: 2 #CONF: 0.3333333333333333
167 ==> 11,12,13,134 #SUP: 2 #CONF: 0.3333333333333333
167 ==> 11,12,13,27 #SUP: 2 #CONF: 0.3333333333333333
167 ==> 11,12,13,27,133 #SUP: 2 #CONF: 0.3333333333333333
167 ==> 11,12,13,27,133,134 #SUP: 2 #CONF: 0.3333333333333333
167 ==> 11,12,13,27,134 #SUP: 2 #CONF: 0.3333333333333333
167 ==> 11,12,13,27,28 #SUP: 2 #CONF: 0.3333333333333333
167 ==> 11,12,13,27,28,133 #SUP: 2 #CONF: 0.3333333333333333
167 ==> 11,12,13,27,28,133,134 #SUP: 2 #CONF: 0.3333333333333333
167 ==> 11,12,13,27,28,134 #SUP: 2 #CONF: 0.3333333333333333
167 ==> 11,12,13,28 #SUP: 2 #CONF: 0.3333333333333333
167 ==> 11,12,13,28,133 #SUP: 2 #CONF: 0.3333333333333333
167 ==> 11,12,13,28,133,134 #SUP: 2 #CONF: 0.3333333333333333
167 ==> 11,12,13,28,134 #SUP: 2 #CONF: 0.3333333333333333
167 ==> 11,12,14 #SUP: 3 #CONF: 0.5
167 ==> 11,12,14,169 #SUP: 2 #CONF: 0.3333333333333333
167,168 ==> 11,12,14,169 #SUP: 2 #CONF: 0.4
167 ==> 11,12,14,107 #SUP: 2 #CONF: 0.3333333333333333
167 ==> 11,12,14,107,119 #SUP: 2 #CONF: 0.3333333333333333
167 ==> 11,12,14,107,119,169 #SUP: 2 #CONF: 0.3333333333333333
167,168 ==> 11,12,14,107,119,169 #SUP: 2 #CONF: 0.4
167,168 ==> 11,12,14,107,119 #SUP: 2 #CONF: 0.4
167 ==> 11,12,14,107,169 #SUP: 2 #CONF: 0.3333333333333333
167,168 ==> 11,12,14,107,169 #SUP: 2 #CONF: 0.4
167,168 ==> 11,12,14,107 #SUP: 2 #CONF: 0.4
167 ==> 11,12,14,15 #SUP: 3 #CONF: 0.5
167 ==> 11,12,14,15,169 #SUP: 2 #CONF: 0.3333333333333333
167,168 ==> 11,12,14,15,169 #SUP: 2 #CONF: 0.4
167 ==> 11,12,14,15,107 #SUP: 2 #CONF: 0.3333333333333333
167 ==> 11,12,14,15,107,119 #SUP: 2 #CONF: 0.3333333333333333
167 ==> 11,12,14,15,107,119,169 #SUP: 2 #CONF: 0.3333333333333333
167,168 ==> 11,12,14,15,107,119,169 #SUP: 2 #CONF: 0.4
167,168 ==> 11,12,14,15,107,119 #SUP: 2 #CONF: 0.4
167 ==> 11,12,14,15,107,169 #SUP: 2 #CONF: 0.3333333333333333
167,168 ==> 11,12,14,15,107,169 #SUP: 2 #CONF: 0.4
167,168 ==> 11,12,14,15,107 #SUP: 2 #CONF: 0.4
167 ==> 11,12,14,15,119 #SUP: 2 #CONF: 0.3333333333333333
167 ==> 11,12,14,15,119,169 #SUP: 2 #CONF: 0.3333333333333333
167,168 ==> 11,12,14,15,119,169 #SUP: 2 #CONF: 0.4
167,168 ==> 11,12,14,15,119 #SUP: 2 #CONF: 0.4
167,168 ==> 11,12,14,15 #SUP: 2 #CONF: 0.4
167 ==> 11,12,14,119 #SUP: 2 #CONF: 0.3333333333333333
167 ==> 11,12,14,119,169 #SUP: 2 #CONF: 0.3333333333333333
167,168 ==> 11,12,14,119,169 #SUP: 2 #CONF: 0.4
167,168 ==> 11,12,14,119 #SUP: 2 #CONF: 0.4
167,168 ==> 11,12,14 #SUP: 2 #CONF: 0.4
167 ==> 11,12,15 #SUP: 3 #CONF: 0.5
167 ==> 11,12,15,169 #SUP: 2 #CONF: 0.3333333333333333
167,168 ==> 11,12,15,169 #SUP: 2 #CONF: 0.4
167 ==> 11,12,15,107 #SUP: 2 #CONF: 0.3333333333333333
167 ==> 11,12,15,107,119 #SUP: 2 #CONF: 0.3333333333333333
167 ==> 11,12,15,107,119,169 #SUP: 2 #CONF: 0.3333333333333333
167,168 ==> 11,12,15,107,119,169 #SUP: 2 #CONF: 0.4
167,168 ==> 11,12,15,107,119 #SUP: 2 #CONF: 0.4
167 ==> 11,12,15,107,169 #SUP: 2 #CONF: 0.3333333333333333
167,168 ==> 11,12,15,107,169 #SUP: 2 #CONF: 0.4
167,168 ==> 11,12,15,107 #SUP: 2 #CONF: 0.4
167 ==> 11,12,15,119 #SUP: 2 #CONF: 0.3333333333333333
167 ==> 11,12,15,119,169 #SUP: 2 #CONF: 0.3333333333333333
167,168 ==> 11,12,15,119,169 #SUP: 2 #CONF: 0.4
167,168 ==> 11,12,15,119 #SUP: 2 #CONF: 0.4
167,168 ==> 11,12,15 #SUP: 2 #CONF: 0.4
167 ==> 11,12,119 #SUP: 3 #CONF: 0.5
167 ==> 11,12,119,169 #SUP: 2 #CONF: 0.3333333333333333
167,168 ==> 11,12,119,169 #SUP: 2 #CONF: 0.4
167,168 ==> 11,12,119 #SUP: 3 #CONF: 0.6
167 ==> 11,12,27 #SUP: 2 #CONF: 0.3333333333333333
167 ==> 11,12,27,133 #SUP: 2 #CONF: 0.3333333333333333
167 ==> 11,12,27,133,134 #SUP: 2 #CONF: 0.3333333333333333
167 ==> 11,12,27,134 #SUP: 2 #CONF: 0.3333333333333333
167 ==> 11,12,27,28 #SUP: 2 #CONF: 0.3333333333333333
167 ==> 11,12,27,28,133 #SUP: 2 #CONF: 0.3333333333333333
167 ==> 11,12,27,28,133,134 #SUP: 2 #CONF: 0.3333333333333333
167 ==> 11,12,27,28,134 #SUP: 2 #CONF: 0.3333333333333333
167 ==> 11,12,28 #SUP: 2 #CONF: 0.3333333333333333
167 ==> 11,12,28,133 #SUP: 2 #CONF: 0.3333333333333333
167 ==> 11,12,28,133,134 #SUP: 2 #CONF: 0.3333333333333333
167 ==> 11,12,28,134 #SUP: 2 #CONF: 0.3333333333333333
167,214 ==> 11,12 #SUP: 2 #CONF: 0.6666666666666666
167,168 ==> 11,12 #SUP: 4 #CONF: 0.8
167,168,214 ==> 11,12 #SUP: 2 #CONF: 0.6666666666666666
167 ==> 11,13 #SUP: 2 #CONF: 0.3333333333333333
167 ==> 11,13,133 #SUP: 2 #CONF: 0.3333333333333333
167 ==> 11,13,133,134 #SUP: 2 #CONF: 0.3333333333333333
167 ==> 11,13,134 #SUP: 2 #CONF: 0.3333333333333333
167 ==> 11,13,27 #SUP: 2 #CONF: 0.3333333333333333
167 ==> 11,13,27,133 #SUP: 2 #CONF: 0.3333333333333333
167 ==> 11,13,27,133,134 #SUP: 2 #CONF: 0.3333333333333333
167 ==> 11,13,27,134 #SUP: 2 #CONF: 0.3333333333333333
167 ==> 11,13,27,28 #SUP: 2 #CONF: 0.3333333333333333
167 ==> 11,13,27,28,133 #SUP: 2 #CONF: 0.3333333333333333
167 ==> 11,13,27,28,133,134 #SUP: 2 #CONF: 0.3333333333333333
167 ==> 11,13,27,28,134 #SUP: 2 #CONF: 0.3333333333333333
167 ==> 11,13,28 #SUP: 2 #CONF: 0.3333333333333333
167 ==> 11,13,28,133 #SUP: 2 #CONF: 0.3333333333333333
167 ==> 11,13,28,133,134 #SUP: 2 #CONF: 0.3333333333333333
167 ==> 11,13,28,134 #SUP: 2 #CONF: 0.3333333333333333
167 ==> 11,14 #SUP: 3 #CONF: 0.5
167 ==> 11,14,169 #SUP: 2 #CONF: 0.3333333333333333
167,168 ==> 11,14,169 #SUP: 2 #CONF: 0.4
167 ==> 11,14,107 #SUP: 2 #CONF: 0.3333333333333333
167 ==> 11,14,107,119 #SUP: 2 #CONF: 0.3333333333333333
167 ==> 11,14,107,119,169 #SUP: 2 #CONF: 0.3333333333333333
167,168 ==> 11,14,107,119,169 #SUP: 2 #CONF: 0.4
167,168 ==> 11,14,107,119 #SUP: 2 #CONF: 0.4
167 ==> 11,14,107,169 #SUP: 2 #CONF: 0.3333333333333333
167,168 ==> 11,14,107,169 #SUP: 2 #CONF: 0.4
167,168 ==> 11,14,107 #SUP: 2 #CONF: 0.4
167 ==> 11,14,15 #SUP: 3 #CONF: 0.5
167 ==> 11,14,15,169 #SUP: 2 #CONF: 0.3333333333333333
167,168 ==> 11,14,15,169 #SUP: 2 #CONF: 0.4
167 ==> 11,14,15,107 #SUP: 2 #CONF: 0.3333333333333333
167 ==> 11,14,15,107,119 #SUP: 2 #CONF: 0.3333333333333333
167 ==> 11,14,15,107,119,169 #SUP: 2 #CONF: 0.3333333333333333
167,168 ==> 11,14,15,107,119,169 #SUP: 2 #CONF: 0.4
167,168 ==> 11,14,15,107,119 #SUP: 2 #CONF: 0.4
167 ==> 11,14,15,107,169 #SUP: 2 #CONF: 0.3333333333333333
167,168 ==> 11,14,15,107,169 #SUP: 2 #CONF: 0.4
167,168 ==> 11,14,15,107 #SUP: 2 #CONF: 0.4
167 ==> 11,14,15,119 #SUP: 2 #CONF: 0.3333333333333333
167 ==> 11,14,15,119,169 #SUP: 2 #CONF: 0.3333333333333333
167,168 ==> 11,14,15,119,169 #SUP: 2 #CONF: 0.4
167,168 ==> 11,14,15,119 #SUP: 2 #CONF: 0.4
167,168 ==> 11,14,15 #SUP: 2 #CONF: 0.4
167 ==> 11,14,119 #SUP: 2 #CONF: 0.3333333333333333
167 ==> 11,14,119,169 #SUP: 2 #CONF: 0.3333333333333333
167,168 ==> 11,14,119,169 #SUP: 2 #CONF: 0.4
167,168 ==> 11,14,119 #SUP: 2 #CONF: 0.4
167,168 ==> 11,14 #SUP: 2 #CONF: 0.4
167 ==> 11,15 #SUP: 3 #CONF: 0.5
167 ==> 11,15,169 #SUP: 2 #CONF: 0.3333333333333333
167,168 ==> 11,15,169 #SUP: 2 #CONF: 0.4
167 ==> 11,15,107 #SUP: 2 #CONF: 0.3333333333333333
167 ==> 11,15,107,119 #SUP: 2 #CONF: 0.3333333333333333
167 ==> 11,15,107,119,169 #SUP: 2 #CONF: 0.3333333333333333
167,168 ==> 11,15,107,119,169 #SUP: 2 #CONF: 0.4
167,168 ==> 11,15,107,119 #SUP: 2 #CONF: 0.4
167 ==> 11,15,107,169 #SUP: 2 #CONF: 0.3333333333333333
167,168 ==> 11,15,107,169 #SUP: 2 #CONF: 0.4
167,168 ==> 11,15,107 #SUP: 2 #CONF: 0.4
167 ==> 11,15,119 #SUP: 2 #CONF: 0.3333333333333333
167 ==> 11,15,119,169 #SUP: 2 #CONF: 0.3333333333333333
167,168 ==> 11,15,119,169 #SUP: 2 #CONF: 0.4
167,168 ==> 11,15,119 #SUP: 2 #CONF: 0.4
167,168 ==> 11,15 #SUP: 2 #CONF: 0.4
167 ==> 11,119 #SUP: 3 #CONF: 0.5
167 ==> 11,119,169 #SUP: 2 #CONF: 0.3333333333333333
167,168 ==> 11,119,169 #SUP: 2 #CONF: 0.4
167,168 ==> 11,119 #SUP: 3 #CONF: 0.6
167 ==> 11,27 #SUP: 2 #CONF: 0.3333333333333333
167 ==> 11,27,133 #SUP: 2 #CONF: 0.3333333333333333
167 ==> 11,27,133,134 #SUP: 2 #CONF: 0.3333333333333333
167 ==> 11,27,134 #SUP: 2 #CONF: 0.3333333333333333
167 ==> 11,27,28 #SUP: 2 #CONF: 0.3333333333333333
167 ==> 11,27,28,133 #SUP: 2 #CONF: 0.3333333333333333
167 ==> 11,27,28,133,134 #SUP: 2 #CONF: 0.3333333333333333
167 ==> 11,27,28,134 #SUP: 2 #CONF: 0.3333333333333333
167 ==> 11,28 #SUP: 2 #CONF: 0.3333333333333333
167 ==> 11,28,133 #SUP: 2 #CONF: 0.3333333333333333
167 ==> 11,28,133,134 #SUP: 2 #CONF: 0.3333333333333333
167 ==> 11,28,134 #SUP: 2 #CONF: 0.3333333333333333
167,214 ==> 11 #SUP: 2 #CONF: 0.6666666666666666
167,168 ==> 11 #SUP: 4 #CONF: 0.8
167,168,214 ==> 11 #SUP: 2 #CONF: 0.6666666666666666
168 ==> 11 #SUP: 4 #CONF: 0.8
168 ==> 11,119 #SUP: 3 #CONF: 0.6
168 ==> 11,119,169 #SUP: 2 #CONF: 0.4
168 ==> 11,169 #SUP: 2 #CONF: 0.4
168 ==> 11,107 #SUP: 2 #CONF: 0.4
168 ==> 11,107,119 #SUP: 2 #CONF: 0.4
168 ==> 11,107,119,169 #SUP: 2 #CONF: 0.4
168 ==> 11,107,169 #SUP: 2 #CONF: 0.4
168 ==> 11,12 #SUP: 4 #CONF: 0.8
168 ==> 11,12,119 #SUP: 3 #CONF: 0.6
168 ==> 11,12,119,169 #SUP: 2 #CONF: 0.4
168 ==> 11,12,169 #SUP: 2 #CONF: 0.4
168 ==> 11,12,107 #SUP: 2 #CONF: 0.4
168 ==> 11,12,107,119 #SUP: 2 #CONF: 0.4
168 ==> 11,12,107,119,169 #SUP: 2 #CONF: 0.4
168 ==> 11,12,107,169 #SUP: 2 #CONF: 0.4
168 ==> 11,12,14 #SUP: 2 #CONF: 0.4
168 ==> 11,12,14,119 #SUP: 2 #CONF: 0.4
168 ==> 11,12,14,119,169 #SUP: 2 #CONF: 0.4
168 ==> 11,12,14,169 #SUP: 2 #CONF: 0.4
168 ==> 11,12,14,107 #SUP: 2 #CONF: 0.4
168 ==> 11,12,14,107,119 #SUP: 2 #CONF: 0.4
168 ==> 11,12,14,107,119,169 #SUP: 2 #CONF: 0.4
168 ==> 11,12,14,107,169 #SUP: 2 #CONF: 0.4
168 ==> 11,12,14,15 #SUP: 2 #CONF: 0.4
168 ==> 11,12,14,15,119 #SUP: 2 #CONF: 0.4
168 ==> 11,12,14,15,119,169 #SUP: 2 #CONF: 0.4
168 ==> 11,12,14,15,169 #SUP: 2 #CONF: 0.4
168 ==> 11,12,14,15,107 #SUP: 2 #CONF: 0.4
168 ==> 11,12,14,15,107,119 #SUP: 2 #CONF: 0.4
168 ==> 11,12,14,15,107,119,169 #SUP: 2 #CONF: 0.4
168 ==> 11,12,14,15,107,169 #SUP: 2 #CONF: 0.4
168 ==> 11,12,15 #SUP: 2 #CONF: 0.4
168 ==> 11,12,15,119 #SUP: 2 #CONF: 0.4
168 ==> 11,12,15,119,169 #SUP: 2 #CONF: 0.4
168 ==> 11,12,15,169 #SUP: 2 #CONF: 0.4
168 ==> 11,12,15,107 #SUP: 2 #CONF: 0.4
168 ==> 11,12,15,107,119 #SUP: 2 #CONF: 0.4
168 ==> 11,12,15,107,119,169 #SUP: 2 #CONF: 0.4
168 ==> 11,12,15,107,169 #SUP: 2 #CONF: 0.4
168,214 ==> 11,12 #SUP: 2 #CONF: 0.6666666666666666
168 ==> 11,14 #SUP: 2 #CONF: 0.4
168 ==> 11,14,119 #SUP: 2 #CONF: 0.4
168 ==> 11,14,119,169 #SUP: 2 #CONF: 0.4
168 ==> 11,14,169 #SUP: 2 #CONF: 0.4
168 ==> 11,14,107 #SUP: 2 #CONF: 0.4
168 ==> 11,14,107,119 #SUP: 2 #CONF: 0.4
168 ==> 11,14,107,119,169 #SUP: 2 #CONF: 0.4
168 ==> 11,14,107,169 #SUP: 2 #CONF: 0.4
168 ==> 11,14,15 #SUP: 2 #CONF: 0.4
168 ==> 11,14,15,119 #SUP: 2 #CONF: 0.4
168 ==> 11,14,15,119,169 #SUP: 2 #CONF: 0.4
168 ==> 11,14,15,169 #SUP: 2 #CONF: 0.4
168 ==> 11,14,15,107 #SUP: 2 #CONF: 0.4
168 ==> 11,14,15,107,119 #SUP: 2 #CONF: 0.4
168 ==> 11,14,15,107,119,169 #SUP: 2 #CONF: 0.4
168 ==> 11,14,15,107,169 #SUP: 2 #CONF: 0.4
168 ==> 11,15 #SUP: 2 #CONF: 0.4
168 ==> 11,15,119 #SUP: 2 #CONF: 0.4
168 ==> 11,15,119,169 #SUP: 2 #CONF: 0.4
168 ==> 11,15,169 #SUP: 2 #CONF: 0.4
168 ==> 11,15,107 #SUP: 2 #CONF: 0.4
168 ==> 11,15,107,119 #SUP: 2 #CONF: 0.4
168 ==> 11,15,107,119,169 #SUP: 2 #CONF: 0.4
168 ==> 11,15,107,169 #SUP: 2 #CONF: 0.4
168,214 ==> 11 #SUP: 2 #CONF: 0.6666666666666666
214 ==> 11 #SUP: 2 #CONF: 0.6666666666666666
214 ==> 11,12 #SUP: 2 #CONF: 0.6666666666666666
107 ==> 12 #SUP: 4 #CONF: 0.5
107 ==> 12,119 #SUP: 3 #CONF: 0.375
107,167 ==> 12,119,169 #SUP: 2 #CONF: 0.4
107,167 ==> 12,119 #SUP: 3 #CONF: 0.6
107,167,168 ==> 12,119 #SUP: 2 #CONF: 0.4
107,168 ==> 12,119 #SUP: 2 #CONF: 0.4
107,167 ==> 12,169 #SUP: 2 #CONF: 0.4
107,167 ==> 12,14,119,169 #SUP: 2 #CONF: 0.4
107,167 ==> 12,14,119 #SUP: 2 #CONF: 0.4
107,167 ==> 12,14,169 #SUP: 2 #CONF: 0.4
107,167 ==> 12,14,15,119,169 #SUP: 2 #CONF: 0.4
107,167 ==> 12,14,15,119 #SUP: 2 #CONF: 0.4
107,167 ==> 12,14,15,169 #SUP: 2 #CONF: 0.4
107,167 ==> 12,14,15 #SUP: 2 #CONF: 0.4
107,167 ==> 12,14 #SUP: 2 #CONF: 0.4
107,167 ==> 12,15,119,169 #SUP: 2 #CONF: 0.4
107,167 ==> 12,15,119 #SUP: 2 #CONF: 0.4
107,167 ==> 12,15,169 #SUP: 2 #CONF: 0.4
107,167 ==> 12,15 #SUP: 2 #CONF: 0.4
107,214 ==> 12 #SUP: 2 #CONF: 0.6666666666666666
107,167 ==> 12 #SUP: 4 #CONF: 0.8
107,167,214 ==> 12 #SUP: 2 #CONF: 0.6666666666666666
107,167,168 ==> 12 #SUP: 4 #CONF: 0.8
107,167,168,214 ==> 12 #SUP: 2 #CONF: 0.6666666666666666
107,168 ==> 12 #SUP: 4 #CONF: 0.8
107,168,214 ==> 12 #SUP: 2 #CONF: 0.6666666666666666
167 ==> 12 #SUP: 5 #CONF: 0.8333333333333334
167 ==> 12,133 #SUP: 2 #CONF: 0.3333333333333333
167 ==> 12,133,134 #SUP: 2 #CONF: 0.3333333333333333
167 ==> 12,134 #SUP: 2 #CONF: 0.3333333333333333
167 ==> 12,169 #SUP: 2 #CONF: 0.3333333333333333
167,168 ==> 12,169 #SUP: 2 #CONF: 0.4
167 ==> 12,107 #SUP: 2 #CONF: 0.3333333333333333
167 ==> 12,107,119 #SUP: 2 #CONF: 0.3333333333333333
167 ==> 12,107,119,169 #SUP: 2 #CONF: 0.3333333333333333
167,168 ==> 12,107,119,169 #SUP: 2 #CONF: 0.4
167,168 ==> 12,107,119 #SUP: 2 #CONF: 0.4
167 ==> 12,107,169 #SUP: 2 #CONF: 0.3333333333333333
167,168 ==> 12,107,169 #SUP: 2 #CONF: 0.4
167,168 ==> 12,107 #SUP: 2 #CONF: 0.4
167 ==> 12,13 #SUP: 2 #CONF: 0.3333333333333333
167 ==> 12,13,133 #SUP: 2 #CONF: 0.3333333333333333
167 ==> 12,13,133,134 #SUP: 2 #CONF: 0.3333333333333333
167 ==> 12,13,134 #SUP: 2 #CONF: 0.3333333333333333
167 ==> 12,13,27 #SUP: 2 #CONF: 0.3333333333333333
167 ==> 12,13,27,133 #SUP: 2 #CONF: 0.3333333333333333
167 ==> 12,13,27,133,134 #SUP: 2 #CONF: 0.3333333333333333
167 ==> 12,13,27,134 #SUP: 2 #CONF: 0.3333333333333333
167 ==> 12,13,27,28 #SUP: 2 #CONF: 0.3333333333333333
167 ==> 12,13,27,28,133 #SUP: 2 #CONF: 0.3333333333333333
167 ==> 12,13,27,28,133,134 #SUP: 2 #CONF: 0.3333333333333333
167 ==> 12,13,27,28,134 #SUP: 2 #CONF: 0.3333333333333333
167 ==> 12,13,28 #SUP: 2 #CONF: 0.3333333333333333
167 ==> 12,13,28,133 #SUP: 2 #CONF: 0.3333333333333333
167 ==> 12,13,28,133,134 #SUP: 2 #CONF: 0.3333333333333333
167 ==> 12,13,28,134 #SUP: 2 #CONF: 0.3333333333333333
167 ==> 12,14 #SUP: 3 #CONF: 0.5
167 ==> 12,14,169 #SUP: 2 #CONF: 0.3333333333333333
167,168 ==> 12,14,169 #SUP: 2 #CONF: 0.4
167 ==> 12,14,107 #SUP: 2 #CONF: 0.3333333333333333
167 ==> 12,14,107,119 #SUP: 2 #CONF: 0.3333333333333333
167 ==> 12,14,107,119,169 #SUP: 2 #CONF: 0.3333333333333333
167,168 ==> 12,14,107,119,169 #SUP: 2 #CONF: 0.4
167,168 ==> 12,14,107,119 #SUP: 2 #CONF: 0.4
167 ==> 12,14,107,169 #SUP: 2 #CONF: 0.3333333333333333
167,168 ==> 12,14,107,169 #SUP: 2 #CONF: 0.4
167,168 ==> 12,14,107 #SUP: 2 #CONF: 0.4
167 ==> 12,14,15 #SUP: 3 #CONF: 0.5
167 ==> 12,14,15,169 #SUP: 2 #CONF: 0.3333333333333333
167,168 ==> 12,14,15,169 #SUP: 2 #CONF: 0.4
167 ==> 12,14,15,107 #SUP: 2 #CONF: 0.3333333333333333
167 ==> 12,14,15,107,119 #SUP: 2 #CONF: 0.3333333333333333
167 ==> 12,14,15,107,119,169 #SUP: 2 #CONF: 0.3333333333333333
167,168 ==> 12,14,15,107,119,169 #SUP: 2 #CONF: 0.4
167,168 ==> 12,14,15,107,119 #SUP: 2 #CONF: 0.4
167 ==> 12,14,15,107,169 #SUP: 2 #CONF: 0.3333333333333333
167,168 ==> 12,14,15,107,169 #SUP: 2 #CONF: 0.4
167,168 ==> 12,14,15,107 #SUP: 2 #CONF: 0.4
167 ==> 12,14,15,119 #SUP: 2 #CONF: 0.3333333333333333
167 ==> 12,14,15,119,169 #SUP: 2 #CONF: 0.3333333333333333
167,168 ==> 12,14,15,119,169 #SUP: 2 #CONF: 0.4
167,168 ==> 12,14,15,119 #SUP: 2 #CONF: 0.4
167,168 ==> 12,14,15 #SUP: 2 #CONF: 0.4
167 ==> 12,14,119 #SUP: 2 #CONF: 0.3333333333333333
167 ==> 12,14,119,169 #SUP: 2 #CONF: 0.3333333333333333
167,168 ==> 12,14,119,169 #SUP: 2 #CONF: 0.4
167,168 ==> 12,14,119 #SUP: 2 #CONF: 0.4
167,168 ==> 12,14 #SUP: 2 #CONF: 0.4
167 ==> 12,15 #SUP: 3 #CONF: 0.5
167 ==> 12,15,169 #SUP: 2 #CONF: 0.3333333333333333
167,168 ==> 12,15,169 #SUP: 2 #CONF: 0.4
167 ==> 12,15,107 #SUP: 2 #CONF: 0.3333333333333333
167 ==> 12,15,107,119 #SUP: 2 #CONF: 0.3333333333333333
167 ==> 12,15,107,119,169 #SUP: 2 #CONF: 0.3333333333333333
167,168 ==> 12,15,107,119,169 #SUP: 2 #CONF: 0.4
167,168 ==> 12,15,107,119 #SUP: 2 #CONF: 0.4
167 ==> 12,15,107,169 #SUP: 2 #CONF: 0.3333333333333333
167,168 ==> 12,15,107,169 #SUP: 2 #CONF: 0.4
167,168 ==> 12,15,107 #SUP: 2 #CONF: 0.4
167 ==> 12,15,119 #SUP: 2 #CONF: 0.3333333333333333
167 ==> 12,15,119,169 #SUP: 2 #CONF: 0.3333333333333333
167,168 ==> 12,15,119,169 #SUP: 2 #CONF: 0.4
167,168 ==> 12,15,119 #SUP: 2 #CONF: 0.4
167,168 ==> 12,15 #SUP: 2 #CONF: 0.4
167 ==> 12,119 #SUP: 3 #CONF: 0.5
167 ==> 12,119,169 #SUP: 2 #CONF: 0.3333333333333333
167,168 ==> 12,119,169 #SUP: 2 #CONF: 0.4
167,168 ==> 12,119 #SUP: 3 #CONF: 0.6
167 ==> 12,27 #SUP: 2 #CONF: 0.3333333333333333
167 ==> 12,27,133 #SUP: 2 #CONF: 0.3333333333333333
167 ==> 12,27,133,134 #SUP: 2 #CONF: 0.3333333333333333
167 ==> 12,27,134 #SUP: 2 #CONF: 0.3333333333333333
167 ==> 12,27,28 #SUP: 2 #CONF: 0.3333333333333333
167 ==> 12,27,28,133 #SUP: 2 #CONF: 0.3333333333333333
167 ==> 12,27,28,133,134 #SUP: 2 #CONF: 0.3333333333333333
167 ==> 12,27,28,134 #SUP: 2 #CONF: 0.3333333333333333
167 ==> 12,28 #SUP: 2 #CONF: 0.3333333333333333
167 ==> 12,28,133 #SUP: 2 #CONF: 0.3333333333333333
167 ==> 12,28,133,134 #SUP: 2 #CONF: 0.3333333333333333
167 ==> 12,28,134 #SUP: 2 #CONF: 0.3333333333333333
167,214 ==> 12 #SUP: 2 #CONF: 0.6666666666666666
167,168 ==> 12 #SUP: 4 #CONF: 0.8
167,168,214 ==> 12 #SUP: 2 #CONF: 0.6666666666666666
168 ==> 12 #SUP: 4 #CONF: 0.8
168 ==> 12,119 #SUP: 3 #CONF: 0.6
168 ==> 12,119,169 #SUP: 2 #CONF: 0.4
168 ==> 12,169 #SUP: 2 #CONF: 0.4
168 ==> 12,107 #SUP: 2 #CONF: 0.4
168 ==> 12,107,119 #SUP: 2 #CONF: 0.4
168 ==> 12,107,119,169 #SUP: 2 #CONF: 0.4
168 ==> 12,107,169 #SUP: 2 #CONF: 0.4
168 ==> 12,14 #SUP: 2 #CONF: 0.4
168 ==> 12,14,119 #SUP: 2 #CONF: 0.4
168 ==> 12,14,119,169 #SUP: 2 #CONF: 0.4
168 ==> 12,14,169 #SUP: 2 #CONF: 0.4
168 ==> 12,14,107 #SUP: 2 #CONF: 0.4
168 ==> 12,14,107,119 #SUP: 2 #CONF: 0.4
168 ==> 12,14,107,119,169 #SUP: 2 #CONF: 0.4
168 ==> 12,14,107,169 #SUP: 2 #CONF: 0.4
168 ==> 12,14,15 #SUP: 2 #CONF: 0.4
168 ==> 12,14,15,119 #SUP: 2 #CONF: 0.4
168 ==> 12,14,15,119,169 #SUP: 2 #CONF: 0.4
168 ==> 12,14,15,169 #SUP: 2 #CONF: 0.4
168 ==> 12,14,15,107 #SUP: 2 #CONF: 0.4
168 ==> 12,14,15,107,119 #SUP: 2 #CONF: 0.4
168 ==> 12,14,15,107,119,169 #SUP: 2 #CONF: 0.4
168 ==> 12,14,15,107,169 #SUP: 2 #CONF: 0.4
168 ==> 12,15 #SUP: 2 #CONF: 0.4
168 ==> 12,15,119 #SUP: 2 #CONF: 0.4
168 ==> 12,15,119,169 #SUP: 2 #CONF: 0.4
168 ==> 12,15,169 #SUP: 2 #CONF: 0.4
168 ==> 12,15,107 #SUP: 2 #CONF: 0.4
168 ==> 12,15,107,119 #SUP: 2 #CONF: 0.4
168 ==> 12,15,107,119,169 #SUP: 2 #CONF: 0.4
168 ==> 12,15,107,169 #SUP: 2 #CONF: 0.4
168,214 ==> 12 #SUP: 2 #CONF: 0.6666666666666666
214 ==> 12 #SUP: 2 #CONF: 0.6666666666666666
167 ==> 13 #SUP: 2 #CONF: 0.3333333333333333
167 ==> 13,133 #SUP: 2 #CONF: 0.3333333333333333
167 ==> 13,133,134 #SUP: 2 #CONF: 0.3333333333333333
167 ==> 13,134 #SUP: 2 #CONF: 0.3333333333333333
167 ==> 13,27 #SUP: 2 #CONF: 0.3333333333333333
167 ==> 13,27,133 #SUP: 2 #CONF: 0.3333333333333333
167 ==> 13,27,133,134 #SUP: 2 #CONF: 0.3333333333333333
167 ==> 13,27,134 #SUP: 2 #CONF: 0.3333333333333333
167 ==> 13,27,28 #SUP: 2 #CONF: 0.3333333333333333
167 ==> 13,27,28,133 #SUP: 2 #CONF: 0.3333333333333333
167 ==> 13,27,28,133,134 #SUP: 2 #CONF: 0.3333333333333333
167 ==> 13,27,28,134 #SUP: 2 #CONF: 0.3333333333333333
167 ==> 13,28 #SUP: 2 #CONF: 0.3333333333333333
167 ==> 13,28,133 #SUP: 2 #CONF: 0.3333333333333333
167 ==> 13,28,133,134 #SUP: 2 #CONF: 0.3333333333333333
167 ==> 13,28,134 #SUP: 2 #CONF: 0.3333333333333333
107 ==> 14 #SUP: 3 #CONF: 0.375
107 ==> 14,119 #SUP: 3 #CONF: 0.375
107,167 ==> 14,119,169 #SUP: 2 #CONF: 0.4
107,214 ==> 14,119 #SUP: 2 #CONF: 0.6666666666666666
107,167 ==> 14,119 #SUP: 3 #CONF: 0.6
107,167,214 ==> 14,119 #SUP: 2 #CONF: 0.6666666666666666
107,167,168 ==> 14,119 #SUP: 3 #CONF: 0.6
107,167,168,214 ==> 14,119 #SUP: 2 #CONF: 0.6666666666666666
107,168 ==> 14,119 #SUP: 3 #CONF: 0.6
107,168,214 ==> 14,119 #SUP: 2 #CONF: 0.6666666666666666
107,167 ==> 14,169 #SUP: 2 #CONF: 0.4
107 ==> 14,15 #SUP: 3 #CONF: 0.375
107 ==> 14,15,119 #SUP: 3 #CONF: 0.375
107,167 ==> 14,15,119,169 #SUP: 2 #CONF: 0.4
107,214 ==> 14,15,119 #SUP: 2 #CONF: 0.6666666666666666
107,167 ==> 14,15,119 #SUP: 3 #CONF: 0.6
107,167,214 ==> 14,15,119 #SUP: 2 #CONF: 0.6666666666666666
107,167,168 ==> 14,15,119 #SUP: 3 #CONF: 0.6
107,167,168,214 ==> 14,15,119 #SUP: 2 #CONF: 0.6666666666666666
107,168 ==> 14,15,119 #SUP: 3 #CONF: 0.6
107,168,214 ==> 14,15,119 #SUP: 2 #CONF: 0.6666666666666666
107,167 ==> 14,15,169 #SUP: 2 #CONF: 0.4
107,214 ==> 14,15 #SUP: 2 #CONF: 0.6666666666666666
107,167 ==> 14,15 #SUP: 3 #CONF: 0.6
107,167,214 ==> 14,15 #SUP: 2 #CONF: 0.6666666666666666
107,167,168 ==> 14,15 #SUP: 3 #CONF: 0.6
107,167,168,214 ==> 14,15 #SUP: 2 #CONF: 0.6666666666666666
107,168 ==> 14,15 #SUP: 3 #CONF: 0.6
107,168,214 ==> 14,15 #SUP: 2 #CONF: 0.6666666666666666
107,214 ==> 14 #SUP: 2 #CONF: 0.6666666666666666
107,167 ==> 14 #SUP: 3 #CONF: 0.6
107,167,214 ==> 14 #SUP: 2 #CONF: 0.6666666666666666
107,167,168 ==> 14 #SUP: 3 #CONF: 0.6
107,167,168,214 ==> 14 #SUP: 2 #CONF: 0.6666666666666666
107,168 ==> 14 #SUP: 3 #CONF: 0.6
107,168,214 ==> 14 #SUP: 2 #CONF: 0.6666666666666666
167 ==> 14 #SUP: 4 #CONF: 0.6666666666666666
167 ==> 14,169 #SUP: 2 #CONF: 0.3333333333333333
167 ==> 14,107 #SUP: 2 #CONF: 0.3333333333333333
167 ==> 14,107,119 #SUP: 2 #CONF: 0.3333333333333333
167 ==> 14,107,119,169 #SUP: 2 #CONF: 0.3333333333333333
167 ==> 14,107,169 #SUP: 2 #CONF: 0.3333333333333333
167 ==> 14,15 #SUP: 4 #CONF: 0.6666666666666666
167 ==> 14,15,169 #SUP: 2 #CONF: 0.3333333333333333
167,168 ==> 14,15,169 #SUP: 2 #CONF: 0.4
167 ==> 14,15,107 #SUP: 2 #CONF: 0.3333333333333333
167 ==> 14,15,107,119 #SUP: 2 #CONF: 0.3333333333333333
167 ==> 14,15,107,119,169 #SUP: 2 #CONF: 0.3333333333333333
167,168 ==> 14,15,107,119,169 #SUP: 2 #CONF: 0.4
167,168 ==> 14,15,107,119 #SUP: 2 #CONF: 0.4
167 ==> 14,15,107,169 #SUP: 2 #CONF: 0.3333333333333333
167,168 ==> 14,15,107,169 #SUP: 2 #CONF: 0.4
167,168 ==> 14,15,107 #SUP: 2 #CONF: 0.4
167 ==> 14,15,119 #SUP: 3 #CONF: 0.5
167 ==> 14,15,119,169 #SUP: 2 #CONF: 0.3333333333333333
167,168 ==> 14,15,119,169 #SUP: 2 #CONF: 0.4
167,214 ==> 14,15,119 #SUP: 2 #CONF: 0.6666666666666666
167,168 ==> 14,15,119 #SUP: 3 #CONF: 0.6
167,168,214 ==> 14,15,119 #SUP: 2 #CONF: 0.6666666666666666
167,214 ==> 14,15 #SUP: 2 #CONF: 0.6666666666666666
167,168 ==> 14,15 #SUP: 3 #CONF: 0.6
167,168,214 ==> 14,15 #SUP: 2 #CONF: 0.6666666666666666
167 ==> 14,119 #SUP: 3 #CONF: 0.5
167 ==> 14,119,169 #SUP: 2 #CONF: 0.3333333333333333
167,214 ==> 14,119 #SUP: 2 #CONF: 0.6666666666666666
167,168 ==> 14,119 #SUP: 3 #CONF: 0.6
167,168,214 ==> 14,119 #SUP: 2 #CONF: 0.6666666666666666
167,214 ==> 14 #SUP: 2 #CONF: 0.6666666666666666
167,168 ==> 14 #SUP: 3 #CONF: 0.6
167,168,214 ==> 14 #SUP: 2 #CONF: 0.6666666666666666
168 ==> 14 #SUP: 3 #CONF: 0.6
168 ==> 14,119 #SUP: 3 #CONF: 0.6
168 ==> 14,119,169 #SUP: 2 #CONF: 0.4
168,214 ==> 14,119 #SUP: 2 #CONF: 0.6666666666666666
168 ==> 14,169 #SUP: 2 #CONF: 0.4
168 ==> 14,107 #SUP: 2 #CONF: 0.4
168 ==> 14,107,119 #SUP: 2 #CONF: 0.4
168 ==> 14,107,119,169 #SUP: 2 #CONF: 0.4
168 ==> 14,107,169 #SUP: 2 #CONF: 0.4
168 ==> 14,15 #SUP: 3 #CONF: 0.6
168 ==> 14,15,119 #SUP: 3 #CONF: 0.6
168 ==> 14,15,119,169 #SUP: 2 #CONF: 0.4
168,214 ==> 14,15,119 #SUP: 2 #CONF: 0.6666666666666666
168 ==> 14,15,169 #SUP: 2 #CONF: 0.4
168 ==> 14,15,107 #SUP: 2 #CONF: 0.4
168 ==> 14,15,107,119 #SUP: 2 #CONF: 0.4
168 ==> 14,15,107,119,169 #SUP: 2 #CONF: 0.4
168 ==> 14,15,107,169 #SUP: 2 #CONF: 0.4
168,214 ==> 14,15 #SUP: 2 #CONF: 0.6666666666666666
168,214 ==> 14 #SUP: 2 #CONF: 0.6666666666666666
214 ==> 14 #SUP: 2 #CONF: 0.6666666666666666
214 ==> 14,119 #SUP: 2 #CONF: 0.6666666666666666
214 ==> 14,15 #SUP: 2 #CONF: 0.6666666666666666
214 ==> 14,15,119 #SUP: 2 #CONF: 0.6666666666666666
107 ==> 15 #SUP: 3 #CONF: 0.375
107 ==> 15,119 #SUP: 3 #CONF: 0.375
107,167 ==> 15,119,169 #SUP: 2 #CONF: 0.4
107,214 ==> 15,119 #SUP: 2 #CONF: 0.6666666666666666
107,167 ==> 15,119 #SUP: 3 #CONF: 0.6
107,167,214 ==> 15,119 #SUP: 2 #CONF: 0.6666666666666666
107,167,168 ==> 15,119 #SUP: 3 #CONF: 0.6
107,167,168,214 ==> 15,119 #SUP: 2 #CONF: 0.6666666666666666
107,168 ==> 15,119 #SUP: 3 #CONF: 0.6
107,168,214 ==> 15,119 #SUP: 2 #CONF: 0.6666666666666666
107,167 ==> 15,169 #SUP: 2 #CONF: 0.4
107,214 ==> 15 #SUP: 2 #CONF: 0.6666666666666666
107,167 ==> 15 #SUP: 3 #CONF: 0.6
107,167,214 ==> 15 #SUP: 2 #CONF: 0.6666666666666666
107,167,168 ==> 15 #SUP: 3 #CONF: 0.6
107,167,168,214 ==> 15 #SUP: 2 #CONF: 0.6666666666666666
107,168 ==> 15 #SUP: 3 #CONF: 0.6
107,168,214 ==> 15 #SUP: 2 #CONF: 0.6666666666666666
167 ==> 15 #SUP: 4 #CONF: 0.6666666666666666
167 ==> 15,169 #SUP: 2 #CONF: 0.3333333333333333
167 ==> 15,107 #SUP: 2 #CONF: 0.3333333333333333
167 ==> 15,107,119 #SUP: 2 #CONF: 0.3333333333333333
167 ==> 15,107,119,169 #SUP: 2 #CONF: 0.3333333333333333
167 ==> 15,107,169 #SUP: 2 #CONF: 0.3333333333333333
167 ==> 15,119 #SUP: 3 #CONF: 0.5
167 ==> 15,119,169 #SUP: 2 #CONF: 0.3333333333333333
167,214 ==> 15,119 #SUP: 2 #CONF: 0.6666666666666666
167,168 ==> 15,119 #SUP: 3 #CONF: 0.6
167,168,214 ==> 15,119 #SUP: 2 #CONF: 0.6666666666666666
167,214 ==> 15 #SUP: 2 #CONF: 0.6666666666666666
167,168 ==> 15 #SUP: 3 #CONF: 0.6
167,168,214 ==> 15 #SUP: 2 #CONF: 0.6666666666666666
168 ==> 15 #SUP: 3 #CONF: 0.6
168 ==> 15,119 #SUP: 3 #CONF: 0.6
168 ==> 15,119,169 #SUP: 2 #CONF: 0.4
168,214 ==> 15,119 #SUP: 2 #CONF: 0.6666666666666666
168 ==> 15,169 #SUP: 2 #CONF: 0.4
168 ==> 15,107 #SUP: 2 #CONF: 0.4
168 ==> 15,107,119 #SUP: 2 #CONF: 0.4
168 ==> 15,107,119,169 #SUP: 2 #CONF: 0.4
168 ==> 15,107,169 #SUP: 2 #CONF: 0.4
168,214 ==> 15 #SUP: 2 #CONF: 0.6666666666666666
214 ==> 15 #SUP: 2 #CONF: 0.6666666666666666
214 ==> 15,119 #SUP: 2 #CONF: 0.6666666666666666
167 ==> 27 #SUP: 2 #CONF: 0.3333333333333333
167 ==> 27,133 #SUP: 2 #CONF: 0.3333333333333333
167 ==> 27,133,134 #SUP: 2 #CONF: 0.3333333333333333
167 ==> 27,134 #SUP: 2 #CONF: 0.3333333333333333
167 ==> 27,28 #SUP: 2 #CONF: 0.3333333333333333
167 ==> 27,28,133 #SUP: 2 #CONF: 0.3333333333333333
167 ==> 27,28,133,134 #SUP: 2 #CONF: 0.3333333333333333
167 ==> 27,28,134 #SUP: 2 #CONF: 0.3333333333333333
167 ==> 28 #SUP: 2 #CONF: 0.3333333333333333
167 ==> 28,133 #SUP: 2 #CONF: 0.3333333333333333
167 ==> 28,133,134 #SUP: 2 #CONF: 0.3333333333333333
167 ==> 28,134 #SUP: 2 #CONF: 0.3333333333333333
107 ==> 119 #SUP: 4 #CONF: 0.5
107,214 ==> 119 #SUP: 2 #CONF: 0.6666666666666666
107,167 ==> 119 #SUP: 4 #CONF: 0.8
107,167,214 ==> 119 #SUP: 2 #CONF: 0.6666666666666666
107,167,168 ==> 119 #SUP: 4 #CONF: 0.8
107,167,168,214 ==> 119 #SUP: 2 #CONF: 0.6666666666666666
107,168 ==> 119 #SUP: 4 #CONF: 0.8
107,168,214 ==> 119 #SUP: 2 #CONF: 0.6666666666666666
107,167 ==> 119,169 #SUP: 2 #CONF: 0.4
167 ==> 107 #SUP: 2 #CONF: 0.3333333333333333
167 ==> 107,119 #SUP: 2 #CONF: 0.3333333333333333
167 ==> 107,119,169 #SUP: 2 #CONF: 0.3333333333333333
167 ==> 107,169 #SUP: 2 #CONF: 0.3333333333333333
168 ==> 107 #SUP: 2 #CONF: 0.4
168 ==> 107,119 #SUP: 2 #CONF: 0.4
168 ==> 107,119,169 #SUP: 2 #CONF: 0.4
168 ==> 107,169 #SUP: 2 #CONF: 0.4
107,167 ==> 169 #SUP: 2 #CONF: 0.4
167 ==> 119 #SUP: 4 #CONF: 0.6666666666666666
167 ==> 119,169 #SUP: 2 #CONF: 0.3333333333333333
167,214 ==> 119 #SUP: 2 #CONF: 0.6666666666666666
167,168 ==> 119 #SUP: 4 #CONF: 0.8
167,168,214 ==> 119 #SUP: 2 #CONF: 0.6666666666666666
168 ==> 119 #SUP: 4 #CONF: 0.8
168 ==> 119,169 #SUP: 2 #CONF: 0.4
168,214 ==> 119 #SUP: 2 #CONF: 0.6666666666666666
214 ==> 119 #SUP: 2 #CONF: 0.6666666666666666
167 ==> 133 #SUP: 2 #CONF: 0.3333333333333333
167 ==> 133,134 #SUP: 2 #CONF: 0.3333333333333333
167 ==> 134 #SUP: 2 #CONF: 0.3333333333333333
167 ==> 169 #SUP: 2 #CONF: 0.3333333333333333
168 ==> 169 #SUP: 2 #CONF: 0.4
